-5.544009804725646973e-01 -5.970260500907897949e-01
-6.316540241241455078e-01 -4.154862761497497559e-01
-6.809168457984924316e-01 -2.423406541347503662e-01
-7.183497548103332520e-01 -1.021360382437705994e-01
-7.462008595466613770e-01 6.070351973176002502e-02
-7.398930788040161133e-01 2.321549952030181885e-01
-6.799712777137756348e-01 4.140134453773498535e-01
-5.721004605293273926e-01 5.938651561737060547e-01
-4.379758536815643311e-01 6.961959004402160645e-01
-2.611964941024780273e-01 7.358813285827636719e-01
-4.176264256238937378e-02 7.284516096115112305e-01
1.559816151857376099e-01 6.761976480484008789e-01
3.215879499912261963e-01 5.731747746467590332e-01
4.762939810752868652e-01 4.290380477905273438e-01
5.894281268119812012e-01 2.806121706962585449e-01
6.964359879493713379e-01 1.155445352196693420e-01
7.926763296127319336e-01 -4.381927475333213806e-02
-4.859961271286010742e-01 -6.338926553726196289e-01
-3.758038580417633057e-01 -7.151432633399963379e-01
-2.576621174812316895e-01 -6.598064899444580078e-01
-1.390278488397598267e-01 -5.629243850708007812e-01
-4.319199919700622559e-02 -4.634450674057006836e-01
1.333864480257034302e-01 -3.820625245571136475e-01
2.720026671886444092e-01 -3.681626021862030029e-01
4.333520829677581787e-01 -3.268593251705169678e-01
5.807929635047912598e-01 -2.576862275600433350e-01
6.317977309226989746e-01 -1.036181524395942688e-01
-2.183610200881958008e-02 -2.823652029037475586e-01
-8.751040697097778320e-02 -1.541797816753387451e-01
-1.446063667535781860e-01 -5.160050466656684875e-02
-1.993508934974670410e-01 5.340242013335227966e-02
-3.150807321071624756e-01 4.628429934382438660e-02
-2.723474204540252686e-01 1.045685186982154846e-01
-2.222947925329208374e-01 1.526899486780166626e-01
-1.497141271829605103e-01 1.630898863077163696e-01
-7.163331657648086548e-02 1.646724194288253784e-01
-4.213697314262390137e-01 -4.561950564384460449e-01
-3.526435494422912598e-01 -4.135599434375762939e-01
-2.725353837013244629e-01 -3.771275579929351807e-01
-1.887040883302688599e-01 -3.281083106994628906e-01
-2.794828712940216064e-01 -3.436922729015350342e-01
-3.668555915355682373e-01 -3.805517554283142090e-01
1.494862586259841919e-01 -1.639408916234970093e-01
2.317320555448532104e-01 -1.276260167360305786e-01
3.114744424819946289e-01 -8.766762167215347290e-02
4.127801954746246338e-01 -5.446009337902069092e-02
3.013829886913299561e-01 -5.925682187080383301e-02
2.160537391901016235e-01 -1.054393202066421509e-01
-4.893315732479095459e-01 1.623293310403823853e-01
-4.228447079658508301e-01 1.756577938795089722e-01
-3.267208635807037354e-01 2.265647798776626587e-01
-2.671315968036651611e-01 2.663376331329345703e-01
-1.970540136098861694e-01 2.883680760860443115e-01
-8.684284985065460205e-02 3.356920182704925537e-01
-9.186709299683570862e-03 3.830277025699615479e-01
-1.317037940025329590e-01 4.280580580234527588e-01
-2.596383988857269287e-01 4.208505749702453613e-01
-3.341527879238128662e-01 3.957802057266235352e-01
-3.992820084095001221e-01 3.564037084579467773e-01
-4.745642244815826416e-01 2.717140913009643555e-01
-4.851058125495910645e-01 1.654679626226425171e-01
-3.314552009105682373e-01 2.577348649501800537e-01
-2.665168046951293945e-01 2.888088226318359375e-01
-2.016326040029525757e-01 3.201508522033691406e-01
-1.069838460534811020e-02 3.821166455745697021e-01
-2.244974374771118164e-01 3.500728011131286621e-01
-2.967792451381683350e-01 3.226322531700134277e-01
-3.648712337017059326e-01 2.868706583976745605e-01
