-5.298292040824890137e-01 -6.848031878471374512e-01 1.673242822289466858e-02 1.000000000000000000e+00
-5.837703347206115723e-01 -5.027250051498413086e-01 8.501808345317840576e-02 1.000000000000000000e+00
-6.366538405418395996e-01 -2.920390665531158447e-01 1.490473747253417969e-01 0.000000000000000000e+00
-6.800924539566040039e-01 -9.267738461494445801e-02 1.236251667141914368e-01 0.000000000000000000e+00
-7.111619114875793457e-01 1.080199703574180603e-01 2.023841068148612976e-02 0.000000000000000000e+00
-7.192299365997314453e-01 2.938671410083770752e-01 -1.518170386552810669e-01 0.000000000000000000e+00
-6.573244333267211914e-01 4.553822875022888184e-01 -2.904946208000183105e-01 1.000000000000000000e+00
-5.642022490501403809e-01 6.003720164299011230e-01 -4.589937031269073486e-01 1.000000000000000000e+00
-4.198774397373199463e-01 7.058930397033691406e-01 -4.996426701545715332e-01 1.000000000000000000e+00
-2.617397010326385498e-01 7.363281846046447754e-01 -5.077456831932067871e-01 1.000000000000000000e+00
-5.257685109972953796e-02 7.318135499954223633e-01 -3.894618451595306396e-01 1.000000000000000000e+00
1.362119615077972412e-01 6.852174997329711914e-01 -2.922508418560028076e-01 1.000000000000000000e+00
3.105745315551757812e-01 5.811225175857543945e-01 -1.464820653200149536e-01 1.000000000000000000e+00
4.669296443462371826e-01 4.443725347518920898e-01 -6.229513511061668396e-02 1.000000000000000000e+00
5.966006517410278320e-01 2.962274253368377686e-01 -5.333268269896507263e-02 1.000000000000000000e+00
7.083774805068969727e-01 1.170570924878120422e-01 -1.313723921775817871e-01 1.000000000000000000e+00
8.094872236251831055e-01 -4.327875003218650818e-02 -2.002959549427032471e-01 1.000000000000000000e+00
-4.859961271286010742e-01 -6.338926553726196289e-01 -4.805523455142974854e-01 1.000000000000000000e+00
-3.758038580417633057e-01 -7.151432633399963379e-01 -6.891041398048400879e-01 1.000000000000000000e+00
-2.576621174812316895e-01 -6.598064899444580078e-01 -8.445413708686828613e-01 1.000000000000000000e+00
-1.390278488397598267e-01 -5.629243850708007812e-01 -9.233579039573669434e-01 1.000000000000000000e+00
-4.319199919700622559e-02 -4.634450674057006836e-01 -9.468861222267150879e-01 1.000000000000000000e+00
1.333864480257034302e-01 -3.820625245571136475e-01 -9.761381149291992188e-01 1.000000000000000000e+00
2.720026671886444092e-01 -3.681626021862030029e-01 -9.901214241981506348e-01 1.000000000000000000e+00
4.333520829677581787e-01 -3.268593251705169678e-01 -9.552035331726074219e-01 1.000000000000000000e+00
5.807929635047912598e-01 -2.576862275600433350e-01 -8.362430930137634277e-01 1.000000000000000000e+00
6.317977309226989746e-01 -1.036181524395942688e-01 -6.541629433631896973e-01 1.000000000000000000e+00
-2.183610200881958008e-02 -2.823652029037475586e-01 -9.483937621116638184e-01 1.000000000000000000e+00
-8.751040697097778320e-02 -1.541797816753387451e-01 -9.985862374305725098e-01 1.000000000000000000e+00
-1.446063667535781860e-01 -5.160050466656684875e-02 -1.048124670982360840e+00 1.000000000000000000e+00
-1.993508934974670410e-01 5.340242013335227966e-02 -1.082026124000549316e+00 1.000000000000000000e+00
-3.150807321071624756e-01 4.628429934382438660e-02 -8.225203752517700195e-01 1.000000000000000000e+00
-2.723474204540252686e-01 1.045685186982154846e-01 -8.551105260848999023e-01 1.000000000000000000e+00
-2.222947925329208374e-01 1.526899486780166626e-01 -8.755672574043273926e-01 1.000000000000000000e+00
-1.497141271829605103e-01 1.630898863077163696e-01 -8.751192688941955566e-01 1.000000000000000000e+00
-7.163331657648086548e-02 1.646724194288253784e-01 -8.615820407867431641e-01 1.000000000000000000e+00
-4.213697314262390137e-01 -4.561950564384460449e-01 -6.625638604164123535e-01 1.000000000000000000e+00
-3.526435494422912598e-01 -4.135599434375762939e-01 -7.714275121688842773e-01 1.000000000000000000e+00
-2.725353837013244629e-01 -3.771275579929351807e-01 -7.863094210624694824e-01 1.000000000000000000e+00
-1.887040883302688599e-01 -3.281083106994628906e-01 -7.660782933235168457e-01 1.000000000000000000e+00
-2.794828712940216064e-01 -3.436922729015350342e-01 -7.661728858947753906e-01 1.000000000000000000e+00
-3.668555915355682373e-01 -3.805517554283142090e-01 -7.431244254112243652e-01 1.000000000000000000e+00
1.494862586259841919e-01 -1.639408916234970093e-01 -8.241794109344482422e-01 1.000000000000000000e+00
2.317320555448532104e-01 -1.276260167360305786e-01 -8.686899542808532715e-01 1.000000000000000000e+00
3.114744424819946289e-01 -8.766762167215347290e-02 -8.769268393516540527e-01 1.000000000000000000e+00
4.127801954746246338e-01 -5.446009337902069092e-02 -7.955614328384399414e-01 1.000000000000000000e+00
3.013829886913299561e-01 -5.925682187080383301e-02 -8.509651422500610352e-01 1.000000000000000000e+00
2.160537391901016235e-01 -1.054393202066421509e-01 -8.471556305885314941e-01 1.000000000000000000e+00
-4.893315732479095459e-01 1.623293310403823853e-01 -5.859182476997375488e-01 1.000000000000000000e+00
-4.228447079658508301e-01 1.756577938795089722e-01 -7.211320996284484863e-01 1.000000000000000000e+00
-3.267208635807037354e-01 2.265647798776626587e-01 -8.075054287910461426e-01 1.000000000000000000e+00
-2.671315968036651611e-01 2.663376331329345703e-01 -8.239349126815795898e-01 1.000000000000000000e+00
-1.970540136098861694e-01 2.883680760860443115e-01 -8.285307884216308594e-01 1.000000000000000000e+00
-8.684284985065460205e-02 3.356920182704925537e-01 -7.743040919303894043e-01 1.000000000000000000e+00
-9.186709299683570862e-03 3.830277025699615479e-01 -6.641036272048950195e-01 1.000000000000000000e+00
-1.317037940025329590e-01 4.280580580234527588e-01 -7.218924164772033691e-01 1.000000000000000000e+00
-2.596383988857269287e-01 4.208505749702453613e-01 -7.703189253807067871e-01 1.000000000000000000e+00
-3.341527879238128662e-01 3.957802057266235352e-01 -7.624761462211608887e-01 1.000000000000000000e+00
-3.992820084095001221e-01 3.564037084579467773e-01 -7.430425286293029785e-01 1.000000000000000000e+00
-4.745642244815826416e-01 2.717140913009643555e-01 -6.641242504119873047e-01 1.000000000000000000e+00
-4.851058125495910645e-01 1.654679626226425171e-01 -5.839602947235107422e-01 1.000000000000000000e+00
-3.314552009105682373e-01 2.577348649501800537e-01 -7.275665402412414551e-01 0.000000000000000000e+00
-2.665168046951293945e-01 2.888088226318359375e-01 -7.410502433776855469e-01 0.000000000000000000e+00
-2.016326040029525757e-01 3.201508522033691406e-01 -7.494903206825256348e-01 0.000000000000000000e+00
-1.069838460534811020e-02 3.821166455745697021e-01 -6.644604206085205078e-01 1.000000000000000000e+00
-2.244974374771118164e-01 3.500728011131286621e-01 -7.440328598022460938e-01 1.000000000000000000e+00
-2.967792451381683350e-01 3.226322531700134277e-01 -7.453599572181701660e-01 1.000000000000000000e+00
-3.648712337017059326e-01 2.868706583976745605e-01 -7.190045714378356934e-01 1.000000000000000000e+00
