-6.970959305763244629e-01 -1.937762796878814697e-01
-6.686912178993225098e-01 -2.991294488310813904e-02
-5.952727198600769043e-01 1.325832754373550415e-01
-5.095886588096618652e-01 2.751418948173522949e-01
-4.212424755096435547e-01 4.105830192565917969e-01
-3.089534640312194824e-01 5.460172295570373535e-01
-1.733478456735610962e-01 6.689671874046325684e-01
8.210639469325542450e-03 7.685073614120483398e-01
1.678110659122467041e-01 7.719449996948242188e-01
3.328186571598052979e-01 6.852631568908691406e-01
4.862796664237976074e-01 5.460119247436523438e-01
5.905640125274658203e-01 3.763402402400970459e-01
6.770491600036621094e-01 1.899092495441436768e-01
7.240817546844482422e-01 -7.418581284582614899e-03
7.374907135963439941e-01 -2.001209259033203125e-01
7.051981091499328613e-01 -4.122115075588226318e-01
6.792429089546203613e-01 -6.032177805900573730e-01
-7.158072590827941895e-01 -2.941382825374603271e-01
-7.285918593406677246e-01 -4.426808357238769531e-01
-6.394679546356201172e-01 -4.958999156951904297e-01
-5.076891183853149414e-01 -5.046231746673583984e-01
-3.789002895355224609e-01 -4.897579550743103027e-01
-2.019817233085632324e-01 -5.432838797569274902e-01
-9.047032892704010010e-02 -6.261703968048095703e-01
6.450223177671432495e-02 -6.917797327041625977e-01
2.456523776054382324e-01 -7.157890796661376953e-01
4.094523191452026367e-01 -6.090892553329467773e-01
-2.558892965316772461e-01 -3.701778650283813477e-01
-2.394773513078689575e-01 -2.437811344861984253e-01
-2.330342084169387817e-01 -1.403612643480300903e-01
-2.197742760181427002e-01 -3.715302050113677979e-02
-2.487820088863372803e-01 7.219201326370239258e-02
-1.924892216920852661e-01 8.466032892465591431e-02
-1.357963234186172485e-01 8.767504990100860596e-02
-7.825922220945358276e-02 5.432494729757308960e-02
-2.086120657622814178e-02 1.154286693781614304e-02
-6.187897920608520508e-01 -2.297236025333404541e-01
-5.665112733840942383e-01 -2.670663595199584961e-01
-4.856508076190948486e-01 -2.885187566280364990e-01
-3.886641561985015869e-01 -2.878796160221099854e-01
-4.657692313194274902e-01 -2.428649216890335083e-01
-5.454494953155517578e-01 -2.146279811859130859e-01
-2.572473138570785522e-02 -3.844094276428222656e-01
3.934286907315254211e-02 -4.376932978630065918e-01
1.248624473810195923e-01 -4.644096195697784424e-01
2.460842728614807129e-01 -4.672763943672180176e-01
1.440332978963851929e-01 -3.999808728694915771e-01
5.627262592315673828e-02 -3.810130059719085693e-01
-2.097483426332473755e-01 3.689551651477813721e-01
-2.150830477476119995e-01 2.864966988563537598e-01
-1.503836065530776978e-01 2.417523115873336792e-01
-9.353584796190261841e-02 2.309591472148895264e-01
-3.231452032923698425e-02 2.105476558208465576e-01
9.178856015205383301e-02 2.066680938005447388e-01
2.259362339973449707e-01 2.541487216949462891e-01
1.906437426805496216e-01 3.824167847633361816e-01
9.957589954137802124e-02 4.569855928421020508e-01
3.354341909289360046e-02 4.849720895290374756e-01
-3.661080449819564819e-02 4.911807775497436523e-01
-1.316314935684204102e-01 4.647749364376068115e-01
-2.014530152082443237e-01 3.708508908748626709e-01
-1.108119562268257141e-01 2.851292490959167480e-01
-5.794266611337661743e-02 2.678072750568389893e-01
1.645165379159152508e-03 2.560634613037109375e-01
2.236070781946182251e-01 2.540800571441650391e-01
8.620969951152801514e-02 3.858501017093658447e-01
2.398406527936458588e-02 4.062876403331756592e-01
-3.943212330341339111e-02 4.176227450370788574e-01
