-6.733887791633605957e-01 -2.342778742313385010e-01 4.376679658889770508e-01 0.000000000000000000e+00
-5.867735147476196289e-01 -6.143634021282196045e-02 4.628362059593200684e-01 0.000000000000000000e+00
-4.871562123298645020e-01 1.332111209630966187e-01 4.773751497268676758e-01 0.000000000000000000e+00
-4.024427831172943115e-01 3.022281825542449951e-01 4.138897359371185303e-01 0.000000000000000000e+00
-3.267935216426849365e-01 4.656906723976135254e-01 2.876425683498382568e-01 0.000000000000000000e+00
-2.481008917093276978e-01 6.031077504158020020e-01 1.037100031971931458e-01 0.000000000000000000e+00
-1.234236881136894226e-01 7.061164975166320801e-01 -3.429885581135749817e-02 1.000000000000000000e+00
2.034962549805641174e-02 7.685514092445373535e-01 -1.903902590274810791e-01 1.000000000000000000e+00
1.956990808248519897e-01 7.666891813278198242e-01 -2.453360557556152344e-01 1.000000000000000000e+00
3.327217102050781250e-01 6.854280829429626465e-01 -2.773999571800231934e-01 1.000000000000000000e+00
4.860380589962005615e-01 5.461919903755187988e-01 -2.148621529340744019e-01 1.000000000000000000e+00
5.905203223228454590e-01 3.770021796226501465e-01 -1.563483178615570068e-01 1.000000000000000000e+00
6.771758794784545898e-01 1.906976401805877686e-01 -3.541342914104461670e-02 1.000000000000000000e+00
7.241281867027282715e-01 -6.335495505481958389e-03 4.375853762030601501e-02 1.000000000000000000e+00
7.383897304534912109e-01 -1.989799290895462036e-01 6.513156741857528687e-02 1.000000000000000000e+00
7.057256102561950684e-01 -4.124526083469390869e-01 1.557682175189256668e-02 1.000000000000000000e+00
6.797462105751037598e-01 -6.028382778167724609e-01 -2.633550949394702911e-02 1.000000000000000000e+00
-7.158072590827941895e-01 -2.941382825374603271e-01 -4.345241561532020569e-02 1.000000000000000000e+00
-7.285918593406677246e-01 -4.426808357238769531e-01 -2.301144003868103027e-01 1.000000000000000000e+00
-6.394679546356201172e-01 -4.958999156951904297e-01 -4.008040428161621094e-01 1.000000000000000000e+00
-5.076891183853149414e-01 -5.046231746673583984e-01 -5.064609646797180176e-01 1.000000000000000000e+00
-3.789002895355224609e-01 -4.897579550743103027e-01 -5.610234737396240234e-01 1.000000000000000000e+00
-2.019817233085632324e-01 -5.432838797569274902e-01 -6.227847337722778320e-01 1.000000000000000000e+00
-9.047032892704010010e-02 -6.261703968048095703e-01 -6.504450440406799316e-01 1.000000000000000000e+00
6.450223177671432495e-02 -6.917797327041625977e-01 -6.414464712142944336e-01 1.000000000000000000e+00
2.456523776054382324e-01 -7.157890796661376953e-01 -5.580017566680908203e-01 1.000000000000000000e+00
4.094523191452026367e-01 -6.090892553329467773e-01 -4.233386814594268799e-01 1.000000000000000000e+00
-2.558892965316772461e-01 -3.701778650283813477e-01 -6.024646759033203125e-01 1.000000000000000000e+00
-2.394773513078689575e-01 -2.437811344861984253e-01 -6.607998013496398926e-01 1.000000000000000000e+00
-2.330342084169387817e-01 -1.403612643480300903e-01 -7.219492793083190918e-01 1.000000000000000000e+00
-2.197742760181427002e-01 -3.715302050113677979e-02 -7.642432451248168945e-01 1.000000000000000000e+00
-2.487820088863372803e-01 7.219201326370239258e-02 -5.317158699035644531e-01 1.000000000000000000e+00
-1.924892216920852661e-01 8.466032892465591431e-02 -5.753445029258728027e-01 1.000000000000000000e+00
-1.357963234186172485e-01 8.767504990100860596e-02 -6.105269789695739746e-01 1.000000000000000000e+00
-7.825922220945358276e-02 5.432494729757308960e-02 -6.160683035850524902e-01 1.000000000000000000e+00
-2.086120657622814178e-02 1.154286693781614304e-02 -6.126530766487121582e-01 1.000000000000000000e+00
-6.187897920608520508e-01 -2.297236025333404541e-01 -2.577859461307525635e-01 1.000000000000000000e+00
-5.665112733840942383e-01 -2.670663595199584961e-01 -3.760114312171936035e-01 1.000000000000000000e+00
-4.856508076190948486e-01 -2.885187566280364990e-01 -4.075793027877807617e-01 1.000000000000000000e+00
-3.886641561985015869e-01 -2.878796160221099854e-01 -4.093213379383087158e-01 1.000000000000000000e+00
-4.657692313194274902e-01 -2.428649216890335083e-01 -3.954076766967773438e-01 1.000000000000000000e+00
-5.454494953155517578e-01 -2.146279811859130859e-01 -3.577813804149627686e-01 1.000000000000000000e+00
-2.572473138570785522e-02 -3.844094276428222656e-01 -5.373877286911010742e-01 1.000000000000000000e+00
3.934286907315254211e-02 -4.376932978630065918e-01 -5.931755900382995605e-01 1.000000000000000000e+00
1.248624473810195923e-01 -4.644096195697784424e-01 -6.173369884490966797e-01 1.000000000000000000e+00
2.460842728614807129e-01 -4.672763943672180176e-01 -5.579481720924377441e-01 1.000000000000000000e+00
1.440332978963851929e-01 -3.999808728694915771e-01 -5.963330864906311035e-01 1.000000000000000000e+00
5.627262592315673828e-02 -3.810130059719085693e-01 -5.755835771560668945e-01 1.000000000000000000e+00
-2.097483426332473755e-01 3.689551651477813721e-01 -3.417202234268188477e-01 1.000000000000000000e+00
-2.150830477476119995e-01 2.864966988563537598e-01 -4.817663133144378662e-01 1.000000000000000000e+00
-1.503836065530776978e-01 2.417523115873336792e-01 -5.807432532310485840e-01 1.000000000000000000e+00
-9.353584796190261841e-02 2.309591472148895264e-01 -6.098555922508239746e-01 1.000000000000000000e+00
-3.231452032923698425e-02 2.105476558208465576e-01 -6.219866275787353516e-01 1.000000000000000000e+00
9.178856015205383301e-02 2.066680938005447388e-01 -5.850111246109008789e-01 1.000000000000000000e+00
2.259362339973449707e-01 2.541487216949462891e-01 -4.777178466320037842e-01 1.000000000000000000e+00
1.906437426805496216e-01 3.824167847633361816e-01 -5.065881013870239258e-01 1.000000000000000000e+00
9.957589954137802124e-02 4.569855928421020508e-01 -5.332356095314025879e-01 1.000000000000000000e+00
3.354341909289360046e-02 4.849720895290374756e-01 -5.188109874725341797e-01 1.000000000000000000e+00
-3.661080449819564819e-02 4.911807775497436523e-01 -4.926637113094329834e-01 1.000000000000000000e+00
-1.316314935684204102e-01 4.647749364376068115e-01 -4.153475463390350342e-01 1.000000000000000000e+00
-2.014530152082443237e-01 3.708508908748626709e-01 -3.374771475791931152e-01 1.000000000000000000e+00
-1.108119562268257141e-01 2.851292490959167480e-01 -5.084515213966369629e-01 1.000000000000000000e+00
-5.794266611337661743e-02 2.678072750568389893e-01 -5.347484946250915527e-01 1.000000000000000000e+00
1.645165379159152508e-03 2.560634613037109375e-01 -5.459931492805480957e-01 0.000000000000000000e+00
2.236070781946182251e-01 2.540800571441650391e-01 -4.771888554096221924e-01 1.000000000000000000e+00
8.620969951152801514e-02 3.858501017093658447e-01 -4.994891583919525146e-01 1.000000000000000000e+00
2.398406527936458588e-02 4.062876403331756592e-01 -4.872884452342987061e-01 1.000000000000000000e+00
-3.943212330341339111e-02 4.176227450370788574e-01 -4.630982875823974609e-01 1.000000000000000000e+00
