-7.150892019271850586e-01 -1.564216315746307373e-01
-6.853511929512023926e-01 9.055583737790584564e-03
-6.119642257690429688e-01 1.722345054149627686e-01
-5.300236940383911133e-01 3.158824741840362549e-01
-4.403891861438751221e-01 4.525624513626098633e-01
-3.252889215946197510e-01 5.823478698730468750e-01
-1.798808574676513672e-01 6.852380037307739258e-01
7.344047538936138153e-03 7.572645545005798340e-01
1.683180779218673706e-01 7.515175342559814453e-01
3.349244296550750732e-01 6.683112382888793945e-01
4.969111382961273193e-01 5.375277996063232422e-01
6.104318499565124512e-01 3.771116435527801514e-01
6.921025514602661133e-01 1.970746964216232300e-01
7.331018447875976562e-01 -8.329802076332271099e-04
7.377821803092956543e-01 -1.980872005224227905e-01
7.045858502388000488e-01 -4.050861001014709473e-01
6.783469319343566895e-01 -6.035128831863403320e-01
-7.320389747619628906e-01 -2.563638687133789062e-01
-7.357206940650939941e-01 -4.096341133117675781e-01
-6.368294954299926758e-01 -4.620658755302429199e-01
-4.970153272151947021e-01 -4.705412685871124268e-01
-3.625130355358123779e-01 -4.553170502185821533e-01
-1.764496117830276489e-01 -5.140885114669799805e-01
-6.299345940351486206e-02 -6.015013456344604492e-01
9.257578849792480469e-02 -6.738894581794738770e-01
2.703919112682342529e-01 -7.043146491050720215e-01
4.339201748371124268e-01 -5.989375710487365723e-01
-2.290958315134048462e-01 -3.330585658550262451e-01
-2.055667787790298462e-01 -2.066934704780578613e-01
-1.955078244209289551e-01 -1.090656220912933350e-01
-1.794053763151168823e-01 -1.126143056899309158e-02
-2.326483428478240967e-01 9.552491456270217896e-02
-1.677830070257186890e-01 1.071874052286148071e-01
-1.038761883974075317e-01 1.077204123139381409e-01
-4.215986281633377075e-02 7.097954303026199341e-02
1.988822408020496368e-02 2.379643730819225311e-02
-6.169390082359313965e-01 -1.817677319049835205e-01
-5.552861690521240234e-01 -2.105876654386520386e-01
-4.745559692382812500e-01 -2.346094399690628052e-01
-3.780975937843322754e-01 -2.443056702613830566e-01
-4.568598270416259766e-01 -2.002885639667510986e-01
-5.408693552017211914e-01 -1.697700619697570801e-01
4.426057450473308563e-03 -3.511982560157775879e-01
7.761381566524505615e-02 -3.937018215656280518e-01
1.624985188245773315e-01 -4.195256233215332031e-01
2.782955467700958252e-01 -4.398548007011413574e-01
1.796174794435501099e-01 -3.747734725475311279e-01
8.822533488273620605e-02 -3.537464439868927002e-01
-2.177693843841552734e-01 3.589899241924285889e-01
-2.047347873449325562e-01 2.905453443527221680e-01
-1.246478185057640076e-01 2.492353618144989014e-01
-6.147259101271629333e-02 2.379151731729507446e-01
3.088872646912932396e-03 2.120797634124755859e-01
1.282215714454650879e-01 1.952400207519531250e-01
2.517268955707550049e-01 2.238102853298187256e-01
2.035530954599380493e-01 3.423466086387634277e-01
1.047550514340400696e-01 4.137255549430847168e-01
3.509633988142013550e-02 4.429444968700408936e-01
-3.782808780670166016e-02 4.531660377979278564e-01
-1.391824930906295776e-01 4.385597109794616699e-01
-2.102544456720352173e-01 3.595813810825347900e-01
-9.120185673236846924e-02 2.892847955226898193e-01
-3.128840774297714233e-02 2.697827517986297607e-01
3.218549117445945740e-02 2.533582448959350586e-01
2.493976056575775146e-01 2.237979769706726074e-01
8.952394127845764160e-02 3.403035700321197510e-01
2.185877598822116852e-02 3.624379038810729980e-01
-4.616411775350570679e-02 3.786558210849761963e-01
