-7.079209089279174805e-01 -2.013364434242248535e-01 3.933077454566955566e-01 1.000000000000000000e+00
-6.193199753761291504e-01 -2.535394020378589630e-02 4.210923016071319580e-01 0.000000000000000000e+00
-5.175569057464599609e-01 1.718447655439376831e-01 4.394685924053192139e-01 0.000000000000000000e+00
-4.263380765914916992e-01 3.442108333110809326e-01 3.751559257507324219e-01 0.000000000000000000e+00
-3.438758850097656250e-01 5.061473250389099121e-01 2.425383627414703369e-01 0.000000000000000000e+00
-2.582494616508483887e-01 6.340742707252502441e-01 4.877199977636337280e-02 0.000000000000000000e+00
-1.262156814336776733e-01 7.162475585937500000e-01 -1.014542505145072937e-01 1.000000000000000000e+00
1.987691596150398254e-02 7.590066194534301758e-01 -2.759072780609130859e-01 1.000000000000000000e+00
1.953667402267456055e-01 7.494416236877441406e-01 -3.295699954032897949e-01 1.000000000000000000e+00
3.347528874874114990e-01 6.693164110183715820e-01 -3.498509824275970459e-01 1.000000000000000000e+00
4.952656924724578857e-01 5.392080545425415039e-01 -2.578211128711700439e-01 1.000000000000000000e+00
6.093769073486328125e-01 3.820521533489227295e-01 -1.790483742952346802e-01 1.000000000000000000e+00
6.922017335891723633e-01 2.035044282674789429e-01 -3.880336135625839233e-02 1.000000000000000000e+00
7.340696454048156738e-01 7.200556807219982147e-03 5.311984196305274963e-02 1.000000000000000000e+00
7.437109351158142090e-01 -1.900555640459060669e-01 8.133434504270553589e-02 1.000000000000000000e+00
7.084809541702270508e-01 -4.066849648952484131e-01 3.402791172266006470e-02 1.000000000000000000e+00
6.829491853713989258e-01 -6.015580296516418457e-01 -7.008690852671861649e-03 1.000000000000000000e+00
-7.320389747619628906e-01 -2.563638687133789062e-01 -1.031388044357299805e-01 1.000000000000000000e+00
-7.357206940650939941e-01 -4.096341133117675781e-01 -2.945521175861358643e-01 1.000000000000000000e+00
-6.368294954299926758e-01 -4.620658755302429199e-01 -4.645840823650360107e-01 1.000000000000000000e+00
-4.970153272151947021e-01 -4.705412685871124268e-01 -5.676134824752807617e-01 1.000000000000000000e+00
-3.625130355358123779e-01 -4.553170502185821533e-01 -6.170270442962646484e-01 1.000000000000000000e+00
-1.764496117830276489e-01 -5.140885114669799805e-01 -6.710563302040100098e-01 1.000000000000000000e+00
-6.299345940351486206e-02 -6.015013456344604492e-01 -6.923882365226745605e-01 1.000000000000000000e+00
9.257578849792480469e-02 -6.738894581794738770e-01 -6.733267903327941895e-01 1.000000000000000000e+00
2.703919112682342529e-01 -7.043146491050720215e-01 -5.776820182800292969e-01 1.000000000000000000e+00
4.339201748371124268e-01 -5.989375710487365723e-01 -4.319362044334411621e-01 1.000000000000000000e+00
-2.290958315134048462e-01 -3.330585658550262451e-01 -6.459297537803649902e-01 1.000000000000000000e+00
-2.055667787790298462e-01 -2.066934704780578613e-01 -6.999577879905700684e-01 1.000000000000000000e+00
-1.955078244209289551e-01 -1.090656220912933350e-01 -7.612916827201843262e-01 1.000000000000000000e+00
-1.794053763151168823e-01 -1.126143056899309158e-02 -8.043394088745117188e-01 1.000000000000000000e+00
-2.326483428478240967e-01 9.552491456270217896e-02 -5.751322507858276367e-01 1.000000000000000000e+00
-1.677830070257186890e-01 1.071874052286148071e-01 -6.169297695159912109e-01 1.000000000000000000e+00
-1.038761883974075317e-01 1.077204123139381409e-01 -6.486374139785766602e-01 1.000000000000000000e+00
-4.215986281633377075e-02 7.097954303026199341e-02 -6.535900831222534180e-01 1.000000000000000000e+00
1.988822408020496368e-02 2.379643730819225311e-02 -6.491882205009460449e-01 1.000000000000000000e+00
-6.169390082359313965e-01 -1.817677319049835205e-01 -3.221210539340972900e-01 1.000000000000000000e+00
-5.552861690521240234e-01 -2.105876654386520386e-01 -4.395230710506439209e-01 1.000000000000000000e+00
-4.745559692382812500e-01 -2.346094399690628052e-01 -4.664666950702667236e-01 1.000000000000000000e+00
-3.780975937843322754e-01 -2.443056702613830566e-01 -4.637781083583831787e-01 1.000000000000000000e+00
-4.568598270416259766e-01 -2.002885639667510986e-01 -4.536347985267639160e-01 1.000000000000000000e+00
-5.408693552017211914e-01 -1.697700619697570801e-01 -4.197705090045928955e-01 1.000000000000000000e+00
4.426057450473308563e-03 -3.511982560157775879e-01 -5.772482156753540039e-01 1.000000000000000000e+00
7.761381566524505615e-02 -3.937018215656280518e-01 -6.290212869644165039e-01 1.000000000000000000e+00
1.624985188245773315e-01 -4.195256233215332031e-01 -6.479213833808898926e-01 1.000000000000000000e+00
2.782955467700958252e-01 -4.398548007011413574e-01 -5.820328593254089355e-01 1.000000000000000000e+00
1.796174794435501099e-01 -3.747734725475311279e-01 -6.290593147277832031e-01 1.000000000000000000e+00
8.822533488273620605e-02 -3.537464439868927002e-01 -6.120170354843139648e-01 1.000000000000000000e+00
-2.177693843841552734e-01 3.589899241924285889e-01 -3.914673626422882080e-01 1.000000000000000000e+00
-2.047347873449325562e-01 2.905453443527221680e-01 -5.209500789642333984e-01 1.000000000000000000e+00
-1.246478185057640076e-01 2.492353618144989014e-01 -6.163456439971923828e-01 1.000000000000000000e+00
-6.147259101271629333e-02 2.379151731729507446e-01 -6.426824331283569336e-01 1.000000000000000000e+00
3.088872646912932396e-03 2.120797634124755859e-01 -6.530550122261047363e-01 1.000000000000000000e+00
1.282215714454650879e-01 1.952400207519531250e-01 -6.140954494476318359e-01 1.000000000000000000e+00
2.517268955707550049e-01 2.238102853298187256e-01 -5.128835439682006836e-01 1.000000000000000000e+00
2.035530954599380493e-01 3.423466086387634277e-01 -5.611600279808044434e-01 1.000000000000000000e+00
1.047550514340400696e-01 4.137255549430847168e-01 -6.012148261070251465e-01 1.000000000000000000e+00
3.509633988142013550e-02 4.429444968700408936e-01 -5.895097851753234863e-01 1.000000000000000000e+00
-3.782808780670166016e-02 4.531660377979278564e-01 -5.639302730560302734e-01 1.000000000000000000e+00
-1.391824930906295776e-01 4.385597109794616699e-01 -4.800253510475158691e-01 1.000000000000000000e+00
-2.102544456720352173e-01 3.595813810825347900e-01 -3.886214196681976318e-01 1.000000000000000000e+00
-9.120185673236846924e-02 2.892847955226898193e-01 -5.456224083900451660e-01 0.000000000000000000e+00
-3.128840774297714233e-02 2.697827517986297607e-01 -5.675796270370483398e-01 1.000000000000000000e+00
3.218549117445945740e-02 2.533582448959350586e-01 -5.810574889183044434e-01 0.000000000000000000e+00
2.493976056575775146e-01 2.237979769706726074e-01 -5.127191543579101562e-01 1.000000000000000000e+00
8.952394127845764160e-02 3.403035700321197510e-01 -5.639545321464538574e-01 1.000000000000000000e+00
2.185877598822116852e-02 3.624379038810729980e-01 -5.566002130508422852e-01 1.000000000000000000e+00
-4.616411775350570679e-02 3.786558210849761963e-01 -5.303422808647155762e-01 1.000000000000000000e+00
