-6.453588008880615234e-01 -6.815364360809326172e-01
-6.931723952293395996e-01 -5.060605406761169434e-01
-7.269317507743835449e-01 -3.120342195034027100e-01
-7.479179501533508301e-01 -1.142881214618682861e-01
-7.325075268745422363e-01 1.204367652535438538e-01
-6.727746129035949707e-01 3.359922766685485840e-01
-5.534194111824035645e-01 5.175478458404541016e-01
-3.980434536933898926e-01 6.863835453987121582e-01
-2.402637749910354614e-01 7.725771665573120117e-01
-7.108460366725921631e-02 7.754505872726440430e-01
1.351926773786544800e-01 6.839977502822875977e-01
3.025246858596801758e-01 5.772793889045715332e-01
4.221504032611846924e-01 4.512931704521179199e-01
5.117754936218261719e-01 3.210181891918182373e-01
5.869517922401428223e-01 2.169691175222396851e-01
6.679238677024841309e-01 6.186431646347045898e-02
7.276307940483093262e-01 -1.196240708231925964e-01
-4.738535583019256592e-01 -5.374895334243774414e-01
-3.197668790817260742e-01 -5.898062586784362793e-01
-1.579525023698806763e-01 -5.174957513809204102e-01
-1.102592051029205322e-02 -4.222421944141387939e-01
1.013068929314613342e-01 -3.362632393836975098e-01
2.915419042110443115e-01 -2.824056148529052734e-01
4.338594079017639160e-01 -2.930066287517547607e-01
5.876911282539367676e-01 -2.976897060871124268e-01
7.104361057281494141e-01 -2.915193140506744385e-01
7.295424342155456543e-01 -1.907677799463272095e-01
1.444406509399414062e-01 -1.655087918043136597e-01
1.088057607412338257e-01 -1.761327311396598816e-02
7.809138298034667969e-02 1.053599268198013306e-01
4.643753170967102051e-02 2.274271100759506226e-01
-1.333523988723754883e-01 1.862351149320602417e-01
-7.754580676555633545e-02 2.406571954488754272e-01
-1.883699186146259308e-02 2.825559377670288086e-01
5.173659697175025940e-02 2.784821689128875732e-01
1.213182359933853149e-01 2.618609964847564697e-01
-3.435833454132080078e-01 -3.357049226760864258e-01
-2.394146621227264404e-01 -2.894413769245147705e-01
-1.504181772470474243e-01 -2.627914845943450928e-01
-7.112175971269607544e-02 -2.271721810102462769e-01
-1.615261435508728027e-01 -2.253214567899703979e-01
-2.581785917282104492e-01 -2.511683702468872070e-01
2.938174009323120117e-01 -1.163643300533294678e-01
3.956167101860046387e-01 -9.787787497043609619e-02
4.857664406299591064e-01 -7.329587638378143311e-02
5.621561408042907715e-01 -6.771925091743469238e-02
4.626715183258056641e-01 -3.701642528176307678e-02
3.711617588996887207e-01 -6.626431643962860107e-02
-3.494251668453216553e-01 2.747166156768798828e-01
-2.496533989906311035e-01 3.062504529953002930e-01
-1.278003603219985962e-01 3.553058803081512451e-01
-6.088194996118545532e-02 3.865982294082641602e-01
1.121499482542276382e-02 3.963133692741394043e-01
1.095474883913993835e-01 4.121238589286804199e-01
1.632805168628692627e-01 4.198234379291534424e-01
6.893397867679595947e-02 4.929506778717041016e-01
-4.189103469252586365e-02 5.181394815444946289e-01
-1.179005280137062073e-01 5.051968693733215332e-01
-1.905597001314163208e-01 4.748956859111785889e-01
-2.958357036113739014e-01 3.897878229618072510e-01
-3.453885912895202637e-01 2.762641012668609619e-01
-1.501538455486297607e-01 3.708378374576568604e-01
-8.008126169443130493e-02 3.922490179538726807e-01
-1.090546138584613800e-02 4.120743870735168457e-01
1.617058664560317993e-01 4.192149043083190918e-01
-2.227009646594524384e-02 4.389456808567047119e-01
-9.525711089372634888e-02 4.253340661525726318e-01
-1.722905188798904419e-01 3.967827856540679932e-01
