-6.554657816886901855e-01 -6.939399242401123047e-01 -4.120718240737915039e-01 1.000000000000000000e+00
-7.009623050689697266e-01 -5.190184712409973145e-01 -3.114123642444610596e-01 1.000000000000000000e+00
-7.399953603744506836e-01 -3.153765797615051270e-01 -2.067152112722396851e-01 1.000000000000000000e+00
-7.481774091720581055e-01 -1.030176728963851929e-01 -1.886982619762420654e-01 1.000000000000000000e+00
-7.265065312385559082e-01 1.245181560516357422e-01 -2.415729314088821411e-01 1.000000000000000000e+00
-6.664708852767944336e-01 3.468702137470245361e-01 -3.600510954856872559e-01 1.000000000000000000e+00
-5.490849018096923828e-01 5.233471393585205078e-01 -4.367456436157226562e-01 1.000000000000000000e+00
-3.979088962078094482e-01 6.857521533966064453e-01 -5.392574071884155273e-01 1.000000000000000000e+00
-2.370769828557968140e-01 7.691932916641235352e-01 -5.168223381042480469e-01 1.000000000000000000e+00
-8.031785488128662109e-02 7.696693539619445801e-01 -4.797949790954589844e-01 0.000000000000000000e+00
8.659701049327850342e-02 6.987403631210327148e-01 -3.192002773284912109e-01 0.000000000000000000e+00
2.370054423809051514e-01 5.962563753128051758e-01 -1.953780055046081543e-01 0.000000000000000000e+00
3.540466427803039551e-01 4.267483353614807129e-01 -4.342939704656600952e-02 0.000000000000000000e+00
4.676127135753631592e-01 2.417349219322204590e-01 3.562241047620773315e-02 0.000000000000000000e+00
5.782415866851806641e-01 6.891684979200363159e-02 3.627214580774307251e-02 0.000000000000000000e+00
6.905475854873657227e-01 -1.092741638422012329e-01 -5.918813124299049377e-02 1.000000000000000000e+00
7.903286218643188477e-01 -2.703945040702819824e-01 -1.424819082021713257e-01 1.000000000000000000e+00
-4.738535583019256592e-01 -5.374895334243774414e-01 -8.678608536720275879e-01 1.000000000000000000e+00
-3.197668790817260742e-01 -5.898062586784362793e-01 -1.064127683639526367e+00 1.000000000000000000e+00
-1.579525023698806763e-01 -5.174957513809204102e-01 -1.172756791114807129e+00 1.000000000000000000e+00
-1.102592051029205322e-02 -4.222421944141387939e-01 -1.198631525039672852e+00 1.000000000000000000e+00
1.013068929314613342e-01 -3.362632393836975098e-01 -1.172185659408569336e+00 1.000000000000000000e+00
2.915419042110443115e-01 -2.824056148529052734e-01 -1.138038754463195801e+00 1.000000000000000000e+00
4.338594079017639160e-01 -2.930066287517547607e-01 -1.117275714874267578e+00 1.000000000000000000e+00
5.876911282539367676e-01 -2.976897060871124268e-01 -1.032133460044860840e+00 1.000000000000000000e+00
7.104361057281494141e-01 -2.915193140506744385e-01 -8.649802803993225098e-01 1.000000000000000000e+00
7.295424342155456543e-01 -1.907677799463272095e-01 -6.370567083358764648e-01 1.000000000000000000e+00
1.444406509399414062e-01 -1.655087918043136597e-01 -1.113906860351562500e+00 1.000000000000000000e+00
1.088057607412338257e-01 -1.761327311396598816e-02 -1.139305233955383301e+00 1.000000000000000000e+00
7.809138298034667969e-02 1.053599268198013306e-01 -1.171010971069335938e+00 1.000000000000000000e+00
4.643753170967102051e-02 2.274271100759506226e-01 -1.189903020858764648e+00 1.000000000000000000e+00
-1.333523988723754883e-01 1.862351149320602417e-01 -9.673831462860107422e-01 1.000000000000000000e+00
-7.754580676555633545e-02 2.406571954488754272e-01 -9.750349521636962891e-01 1.000000000000000000e+00
-1.883699186146259308e-02 2.825559377670288086e-01 -9.718670845031738281e-01 1.000000000000000000e+00
5.173659697175025940e-02 2.784821689128875732e-01 -9.522147178649902344e-01 1.000000000000000000e+00
1.213182359933853149e-01 2.618609964847564697e-01 -9.206549525260925293e-01 0.000000000000000000e+00
-3.435833454132080078e-01 -3.357049226760864258e-01 -9.811288118362426758e-01 1.000000000000000000e+00
-2.394146621227264404e-01 -2.894413769245147705e-01 -1.064119935035705566e+00 1.000000000000000000e+00
-1.504181772470474243e-01 -2.627914845943450928e-01 -1.048864364624023438e+00 1.000000000000000000e+00
-7.112175971269607544e-02 -2.271721810102462769e-01 -9.905918240547180176e-01 1.000000000000000000e+00
-1.615261435508728027e-01 -2.253214567899703979e-01 -1.014383316040039062e+00 1.000000000000000000e+00
-2.581785917282104492e-01 -2.511683702468872070e-01 -1.022727847099304199e+00 1.000000000000000000e+00
2.938174009323120117e-01 -1.163643300533294678e-01 -9.263696670532226562e-01 1.000000000000000000e+00
3.956167101860046387e-01 -9.787787497043609619e-02 -9.493203163146972656e-01 1.000000000000000000e+00
4.857664406299591064e-01 -7.329587638378143311e-02 -9.291068911552429199e-01 1.000000000000000000e+00
5.621561408042907715e-01 -6.771925091743469238e-02 -8.115035891532897949e-01 1.000000000000000000e+00
4.626715183258056641e-01 -3.701642528176307678e-02 -8.884664773941040039e-01 1.000000000000000000e+00
3.711617588996887207e-01 -6.626431643962860107e-02 -9.164723753929138184e-01 1.000000000000000000e+00
-3.494251668453216553e-01 2.747166156768798828e-01 -7.599310874938964844e-01 1.000000000000000000e+00
-2.496533989906311035e-01 3.062504529953002930e-01 -8.685926795005798340e-01 1.000000000000000000e+00
-1.278003603219985962e-01 3.553058803081512451e-01 -9.149414896965026855e-01 1.000000000000000000e+00
-6.088194996118545532e-02 3.865982294082641602e-01 -9.068917632102966309e-01 1.000000000000000000e+00
1.121499482542276382e-02 3.963133692741394043e-01 -8.900488615036010742e-01 1.000000000000000000e+00
1.095474883913993835e-01 4.121238589286804199e-01 -8.020150661468505859e-01 1.000000000000000000e+00
1.632805168628692627e-01 4.198234379291534424e-01 -6.664194464683532715e-01 1.000000000000000000e+00
6.893397867679595947e-02 4.929506778717041016e-01 -7.399123311042785645e-01 1.000000000000000000e+00
-4.189103469252586365e-02 5.181394815444946289e-01 -8.180735111236572266e-01 1.000000000000000000e+00
-1.179005280137062073e-01 5.051968693733215332e-01 -8.351285457611083984e-01 1.000000000000000000e+00
-1.905597001314163208e-01 4.748956859111785889e-01 -8.418353199958801270e-01 1.000000000000000000e+00
-2.958357036113739014e-01 3.897878229618072510e-01 -8.057143688201904297e-01 1.000000000000000000e+00
-3.453885912895202637e-01 2.762641012668609619e-01 -7.564463019371032715e-01 1.000000000000000000e+00
-1.501538455486297607e-01 3.708378374576568604e-01 -8.331792950630187988e-01 0.000000000000000000e+00
-8.008126169443130493e-02 3.922490179538726807e-01 -8.234301209449768066e-01 0.000000000000000000e+00
-1.090546138584613800e-02 4.120743870735168457e-01 -8.083291649818420410e-01 0.000000000000000000e+00
1.617058664560317993e-01 4.192149043083190918e-01 -6.671834588050842285e-01 1.000000000000000000e+00
-2.227009646594524384e-02 4.389456808567047119e-01 -8.055719733238220215e-01 1.000000000000000000e+00
-9.525711089372634888e-02 4.253340661525726318e-01 -8.309404850006103516e-01 1.000000000000000000e+00
-1.722905188798904419e-01 3.967827856540679932e-01 -8.307802081108093262e-01 1.000000000000000000e+00
