-5.674185752868652344e-01 -5.351397395133972168e-01
-6.438748240470886230e-01 -3.757959306240081787e-01
-6.919875144958496094e-01 -2.063748985528945923e-01
-7.169730067253112793e-01 -6.727360188961029053e-02
-7.377844452857971191e-01 8.695001900196075439e-02
-7.317223548889160156e-01 2.528709769248962402e-01
-6.784189343452453613e-01 4.247213900089263916e-01
-5.813165307044982910e-01 6.015096902847290039e-01
-4.547155499458312988e-01 6.969764232635498047e-01
-2.780900895595550537e-01 7.310814261436462402e-01
-6.312246620655059814e-02 7.215661406517028809e-01
1.263446509838104248e-01 6.670240163803100586e-01
2.983388304710388184e-01 5.652367472648620605e-01
4.518485367298126221e-01 4.268712997436523438e-01
5.650153160095214844e-01 2.777866125106811523e-01
6.614894270896911621e-01 1.118976548314094543e-01
7.543031573295593262e-01 -5.081513151526451111e-02
-5.147310495376586914e-01 -6.068373322486877441e-01
-4.235198795795440674e-01 -6.975556612014770508e-01
-3.158788681030273438e-01 -6.536194086074829102e-01
-2.038844376802444458e-01 -5.652530193328857422e-01
-1.104971393942832947e-01 -4.716439247131347656e-01
6.120191514492034912e-02 -3.981188833713531494e-01
1.957761347293853760e-01 -3.890286386013031006e-01
3.551862537860870361e-01 -3.513146638870239258e-01
5.072420239448547363e-01 -2.818683385848999023e-01
5.689704418182373047e-01 -1.270991414785385132e-01
-8.436047285795211792e-02 -2.985699772834777832e-01
-1.465108990669250488e-01 -1.780961006879806519e-01
-2.012328654527664185e-01 -8.297713845968246460e-02
-2.525786459445953369e-01 1.484297960996627808e-02
-3.535273075103759766e-01 2.935180254280567169e-02
-3.128439188003540039e-01 8.213108777999877930e-02
-2.653039693832397461e-01 1.256773024797439575e-01
-1.959991902112960815e-01 1.347754746675491333e-01
-1.206189766526222229e-01 1.361408382654190063e-01
-4.617356061935424805e-01 -4.425033330917358398e-01
-4.005006253719329834e-01 -4.043056368827819824e-01
-3.240419328212738037e-01 -3.726888000965118408e-01
-2.395598441362380981e-01 -3.296350836753845215e-01
-3.279247581958770752e-01 -3.437880575656890869e-01
-4.114562869071960449e-01 -3.754567503929138184e-01
9.039573371410369873e-02 -1.792138814926147461e-01
1.677811890840530396e-01 -1.442716866731643677e-01
2.438887953758239746e-01 -1.077740564942359924e-01
3.486907482147216797e-01 -7.702583819627761841e-02
2.379438579082489014e-01 -8.290543407201766968e-02
1.557449251413345337e-01 -1.256164163351058960e-01
-5.148572325706481934e-01 1.818817704916000366e-01
-4.543251991271972656e-01 1.738032549619674683e-01
-3.651970028877258301e-01 2.112078964710235596e-01
-3.088027834892272949e-01 2.462694644927978516e-01
-2.425004541873931885e-01 2.662826180458068848e-01
-1.359403878450393677e-01 3.165290355682373047e-01
-6.079143658280372620e-02 3.776671290397644043e-01
-1.811541765928268433e-01 4.304921627044677734e-01
-3.062981069087982178e-01 4.278632998466491699e-01
-3.787397742271423340e-01 4.066028296947479248e-01
-4.412593543529510498e-01 3.693440556526184082e-01
-5.086171030998229980e-01 2.906616032123565674e-01
-5.106624364852905273e-01 1.856233775615692139e-01
-3.641278445720672607e-01 2.474312186241149902e-01
-3.036525547504425049e-01 2.742797434329986572e-01
-2.428029775619506836e-01 3.023619353771209717e-01
-6.233173608779907227e-02 3.767114877700805664e-01
-2.733826637268066406e-01 3.588440120220184326e-01
-3.419300317764282227e-01 3.346077501773834229e-01
-4.055844843387603760e-01 3.030208349227905273e-01
