-5.304346680641174316e-01 -6.270494461059570312e-01 1.192295402288436890e-01 1.000000000000000000e+00
-5.752391815185546875e-01 -4.460077285766601562e-01 1.780714541673660278e-01 0.000000000000000000e+00
-6.184829473495483398e-01 -2.380291521549224854e-01 2.318984568119049072e-01 0.000000000000000000e+00
-6.573022603988647461e-01 -4.531987011432647705e-02 1.999851018190383911e-01 0.000000000000000000e+00
-6.897003650665283203e-01 1.444628536701202393e-01 9.510964155197143555e-02 0.000000000000000000e+00
-7.035107016563415527e-01 3.181530535221099854e-01 -7.361327111721038818e-02 0.000000000000000000e+00
-6.525171995162963867e-01 4.717044830322265625e-01 -2.103817015886306763e-01 1.000000000000000000e+00
-5.708325505256652832e-01 6.070358753204345703e-01 -3.768538534641265869e-01 1.000000000000000000e+00
-4.317555725574493408e-01 7.067486643791198730e-01 -4.267374277114868164e-01 1.000000000000000000e+00
-2.776904404163360596e-01 7.314614057540893555e-01 -4.469839632511138916e-01 1.000000000000000000e+00
-6.849696487188339233e-02 7.230201959609985352e-01 -3.513121008872985840e-01 1.000000000000000000e+00
1.178186312317848206e-01 6.715940237045288086e-01 -2.720673680305480957e-01 1.000000000000000000e+00
2.926721572875976562e-01 5.714316368103027344e-01 -1.415809243917465210e-01 1.000000000000000000e+00
4.452313780784606934e-01 4.387962222099304199e-01 -6.492713093757629395e-02 1.000000000000000000e+00
5.691680312156677246e-01 2.930690050125122070e-01 -5.676579102873802185e-02 1.000000000000000000e+00
6.705042123794555664e-01 1.136532053351402283e-01 -1.284546703100204468e-01 1.000000000000000000e+00
7.632865309715270996e-01 -4.675447568297386169e-02 -1.916014701128005981e-01 1.000000000000000000e+00
-5.147310495376586914e-01 -6.068373322486877441e-01 -3.669640719890594482e-01 1.000000000000000000e+00
-4.235198795795440674e-01 -6.975556612014770508e-01 -5.717188715934753418e-01 1.000000000000000000e+00
-3.158788681030273438e-01 -6.536194086074829102e-01 -7.322351932525634766e-01 1.000000000000000000e+00
-2.038844376802444458e-01 -5.652530193328857422e-01 -8.200938701629638672e-01 1.000000000000000000e+00
-1.104971393942832947e-01 -4.716439247131347656e-01 -8.533030748367309570e-01 1.000000000000000000e+00
6.120191514492034912e-02 -3.981188833713531494e-01 -8.951692581176757812e-01 1.000000000000000000e+00
1.957761347293853760e-01 -3.890286386013031006e-01 -9.160280227661132812e-01 1.000000000000000000e+00
3.551862537860870361e-01 -3.513146638870239258e-01 -8.923971056938171387e-01 1.000000000000000000e+00
5.072420239448547363e-01 -2.818683385848999023e-01 -7.871634364128112793e-01 1.000000000000000000e+00
5.689704418182373047e-01 -1.270991414785385132e-01 -6.193755865097045898e-01 1.000000000000000000e+00
-8.436047285795211792e-02 -2.985699772834777832e-01 -8.622710108757019043e-01 1.000000000000000000e+00
-1.465108990669250488e-01 -1.780961006879806519e-01 -9.107571244239807129e-01 1.000000000000000000e+00
-2.012328654527664185e-01 -8.297713845968246460e-02 -9.616765975952148438e-01 1.000000000000000000e+00
-2.525786459445953369e-01 1.484297960996627808e-02 -9.966240525245666504e-01 1.000000000000000000e+00
-3.535273075103759766e-01 2.935180254280567169e-02 -7.460017800331115723e-01 1.000000000000000000e+00
-3.128439188003540039e-01 8.213108777999877930e-02 -7.826859354972839355e-01 1.000000000000000000e+00
-2.653039693832397461e-01 1.256773024797439575e-01 -8.082160353660583496e-01 1.000000000000000000e+00
-1.959991902112960815e-01 1.347754746675491333e-01 -8.112891912460327148e-01 1.000000000000000000e+00
-1.206189766526222229e-01 1.361408382654190063e-01 -8.025031089782714844e-01 1.000000000000000000e+00
-4.617356061935424805e-01 -4.425033330917358398e-01 -5.563950538635253906e-01 1.000000000000000000e+00
-4.005006253719329834e-01 -4.043056368827819824e-01 -6.659463047981262207e-01 1.000000000000000000e+00
-3.240419328212738037e-01 -3.726888000965118408e-01 -6.860234737396240234e-01 1.000000000000000000e+00
-2.395598441362380981e-01 -3.296350836753845215e-01 -6.755248904228210449e-01 1.000000000000000000e+00
-3.279247581958770752e-01 -3.437880575656890869e-01 -6.702995896339416504e-01 1.000000000000000000e+00
-4.114562869071960449e-01 -3.754567503929138184e-01 -6.417152881622314453e-01 1.000000000000000000e+00
9.039573371410369873e-02 -1.792138814926147461e-01 -7.585051059722900391e-01 1.000000000000000000e+00
1.677811890840530396e-01 -1.442716866731643677e-01 -8.054859638214111328e-01 1.000000000000000000e+00
2.438887953758239746e-01 -1.077740564942359924e-01 -8.191966414451599121e-01 1.000000000000000000e+00
3.486907482147216797e-01 -7.702583819627761841e-02 -7.496137022972106934e-01 1.000000000000000000e+00
2.379438579082489014e-01 -8.290543407201766968e-02 -7.978203892707824707e-01 1.000000000000000000e+00
1.557449251413345337e-01 -1.256164163351058960e-01 -7.873820066452026367e-01 1.000000000000000000e+00
-5.148572325706481934e-01 1.818817704916000366e-01 -5.130048990249633789e-01 1.000000000000000000e+00
-4.543251991271972656e-01 1.738032549619674683e-01 -6.541866660118103027e-01 1.000000000000000000e+00
-3.651970028877258301e-01 2.112078964710235596e-01 -7.471373081207275391e-01 1.000000000000000000e+00
-3.088027834892272949e-01 2.462694644927978516e-01 -7.684853672981262207e-01 1.000000000000000000e+00
-2.425004541873931885e-01 2.662826180458068848e-01 -7.765366435050964355e-01 1.000000000000000000e+00
-1.359403878450393677e-01 3.165290355682373047e-01 -7.295514345169067383e-01 1.000000000000000000e+00
-6.079143658280372620e-02 3.776671290397644043e-01 -6.228864789009094238e-01 1.000000000000000000e+00
-1.811541765928268433e-01 4.304921627044677734e-01 -6.666515469551086426e-01 1.000000000000000000e+00
-3.062981069087982178e-01 4.278632998466491699e-01 -7.032127380371093750e-01 1.000000000000000000e+00
-3.787397742271423340e-01 4.066028296947479248e-01 -6.894711852073669434e-01 1.000000000000000000e+00
-4.412593543529510498e-01 3.693440556526184082e-01 -6.658508777618408203e-01 1.000000000000000000e+00
-5.086171030998229980e-01 2.906616032123565674e-01 -5.859550833702087402e-01 1.000000000000000000e+00
-5.106624364852905273e-01 1.856233775615692139e-01 -5.104975700378417969e-01 1.000000000000000000e+00
-3.641278445720672607e-01 2.474312186241149902e-01 -6.679448485374450684e-01 0.000000000000000000e+00
-3.036525547504425049e-01 2.742797434329986572e-01 -6.869029998779296875e-01 0.000000000000000000e+00
-2.428029775619506836e-01 3.023619353771209717e-01 -6.978660225868225098e-01 0.000000000000000000e+00
-6.233173608779907227e-02 3.767114877700805664e-01 -6.230364441871643066e-01 1.000000000000000000e+00
-2.733826637268066406e-01 3.588440120220184326e-01 -6.746314764022827148e-01 1.000000000000000000e+00
-3.419300317764282227e-01 3.346077501773834229e-01 -6.688354015350341797e-01 1.000000000000000000e+00
-4.055844843387603760e-01 3.030208349227905273e-01 -6.408416032791137695e-01 1.000000000000000000e+00
