-7.105079293251037598e-01 -1.973413079977035522e-01
-6.878640055656433105e-01 -3.335928916931152344e-02
-6.299260258674621582e-01 1.248487234115600586e-01
-5.493105649948120117e-01 2.650024890899658203e-01
-4.626715779304504395e-01 3.990963399410247803e-01
-3.497750461101531982e-01 5.311651825904846191e-01
-2.104432582855224609e-01 6.431381106376647949e-01
-4.367733746767044067e-02 7.337657809257507324e-01
1.105511263012886047e-01 7.350802421569824219e-01
2.826663553714752197e-01 6.620465517044067383e-01
4.554252922534942627e-01 5.382359027862548828e-01
5.853898525238037109e-01 3.889126181602478027e-01
6.849321126937866211e-01 2.064862847328186035e-01
7.396559715270996094e-01 3.682799171656370163e-03
7.622247338294982910e-01 -1.968798786401748657e-01
7.324101328849792480e-01 -4.129804372787475586e-01
7.105718851089477539e-01 -6.069446206092834473e-01
-7.326864600181579590e-01 -3.001780509948730469e-01
-7.458212971687316895e-01 -4.479363560676574707e-01
-6.591761708259582520e-01 -4.878477156162261963e-01
-5.252795219421386719e-01 -4.866760969161987305e-01
-3.927294611930847168e-01 -4.628977775573730469e-01
-2.039444595575332642e-01 -5.115939974784851074e-01
-8.719228953123092651e-02 -5.957015156745910645e-01
7.444946467876434326e-02 -6.654083132743835449e-01
2.600129544734954834e-01 -6.927571892738342285e-01
4.317861795425415039e-01 -5.831422805786132812e-01
-2.614640295505523682e-01 -3.279841244220733643e-01
-2.458878159523010254e-01 -1.905876994132995605e-01
-2.418564260005950928e-01 -8.204992115497589111e-02
-2.306118011474609375e-01 2.557854354381561279e-02
-2.657195627689361572e-01 1.190282553434371948e-01
-2.059552818536758423e-01 1.339053213596343994e-01
-1.443034410476684570e-01 1.395915001630783081e-01
-8.220821619033813477e-02 1.046924069523811340e-01
-1.972677558660507202e-02 6.153282895684242249e-02
-6.364709734916687012e-01 -2.228614836931228638e-01
-5.910917520523071289e-01 -2.678919136524200439e-01
-5.039650797843933105e-01 -2.837032675743103027e-01
-4.001903533935546875e-01 -2.633807361125946045e-01
-4.758332371711730957e-01 -2.181912809610366821e-01
-5.609117746353149414e-01 -1.938504576683044434e-01
-2.208923175930976868e-02 -3.499183654785156250e-01
3.767449408769607544e-02 -4.154300093650817871e-01
1.286775469779968262e-01 -4.450361132621765137e-01
2.582068145275115967e-01 -4.360475540161132812e-01
1.532174199819564819e-01 -3.606859445571899414e-01
5.969449505209922791e-02 -3.417140245437622070e-01
-2.552523612976074219e-01 3.392859995365142822e-01
-2.393516600131988525e-01 3.031667470932006836e-01
-1.640254408121109009e-01 2.769831717014312744e-01
-1.026979833841323853e-01 2.697820365428924561e-01
-3.862904757261276245e-02 2.472741007804870605e-01
8.716230839490890503e-02 2.273421138525009155e-01
2.160519510507583618e-01 2.312737703323364258e-01
1.535953283309936523e-01 3.347027897834777832e-01
4.747833684086799622e-02 3.999974131584167480e-01
-2.181686647236347198e-02 4.233945906162261963e-01
-9.125176817178726196e-02 4.304191470146179199e-01
-1.853054463863372803e-01 4.101915657520294189e-01
-2.485258728265762329e-01 3.395618498325347900e-01
-1.293974369764328003e-01 3.152880668640136719e-01
-6.965076923370361328e-02 2.999677360057830811e-01
-5.826915148645639420e-03 2.857293486595153809e-01
2.138061076402664185e-01 2.313646078109741211e-01
3.842035308480262756e-02 3.261383771896362305e-01
-3.115655481815338135e-02 3.453059792518615723e-01
-9.748251736164093018e-02 3.565373420715332031e-01
