-6.767639517784118652e-01 -2.757210731506347656e-01 3.913075625896453857e-01 0.000000000000000000e+00
-5.911498069763183594e-01 -9.816285222768783569e-02 4.245429635047912598e-01 0.000000000000000000e+00
-4.913063049316406250e-01 1.004008576273918152e-01 4.481131732463836670e-01 0.000000000000000000e+00
-4.071874320507049561e-01 2.793612778186798096e-01 3.862037658691406250e-01 0.000000000000000000e+00
-3.400284647941589355e-01 4.529083371162414551e-01 2.554473876953125000e-01 0.000000000000000000e+00
-2.749866247177124023e-01 5.923339128494262695e-01 5.766599625349044800e-02 0.000000000000000000e+00
-1.574830263853073120e-01 6.792390942573547363e-01 -1.023864522576332092e-01 1.000000000000000000e+00
-2.883716486394405365e-02 7.354860305786132812e-01 -2.908535897731781006e-01 1.000000000000000000e+00
1.413303464651107788e-01 7.328735589981079102e-01 -3.569832742214202881e-01 1.000000000000000000e+00
2.826663553714752197e-01 6.620465517044067383e-01 -3.890154361724853516e-01 1.000000000000000000e+00
4.554252922534942627e-01 5.382359027862548828e-01 -3.069645166397094727e-01 1.000000000000000000e+00
5.853898525238037109e-01 3.889126181602478027e-01 -2.405664771795272827e-01 1.000000000000000000e+00
6.849321126937866211e-01 2.064862847328186035e-01 -1.104061901569366455e-01 1.000000000000000000e+00
7.396559715270996094e-01 3.682799171656370163e-03 -3.017680160701274872e-02 1.000000000000000000e+00
7.622247338294982910e-01 -1.968798786401748657e-01 -1.496609300374984741e-02 1.000000000000000000e+00
7.324101328849792480e-01 -4.129804372787475586e-01 -7.540346682071685791e-02 1.000000000000000000e+00
7.105718851089477539e-01 -6.069446206092834473e-01 -1.272997409105300903e-01 1.000000000000000000e+00
-7.326864600181579590e-01 -3.001780509948730469e-01 -1.069784164428710938e-01 1.000000000000000000e+00
-7.458212971687316895e-01 -4.479363560676574707e-01 -3.075778484344482422e-01 1.000000000000000000e+00
-6.591761708259582520e-01 -4.878477156162261963e-01 -4.886781573295593262e-01 1.000000000000000000e+00
-5.252795219421386719e-01 -4.866760969161987305e-01 -6.029903888702392578e-01 1.000000000000000000e+00
-3.927294611930847168e-01 -4.628977775573730469e-01 -6.610534191131591797e-01 1.000000000000000000e+00
-2.039444595575332642e-01 -5.115939974784851074e-01 -7.328985929489135742e-01 1.000000000000000000e+00
-8.719228953123092651e-02 -5.957015156745910645e-01 -7.685045599937438965e-01 1.000000000000000000e+00
7.444946467876434326e-02 -6.654083132743835449e-01 -7.617456912994384766e-01 1.000000000000000000e+00
2.600129544734954834e-01 -6.927571892738342285e-01 -6.776537299156188965e-01 1.000000000000000000e+00
4.317861795425415039e-01 -5.831422805786132812e-01 -5.360121726989746094e-01 1.000000000000000000e+00
-2.614640295505523682e-01 -3.279841244220733643e-01 -6.924070715904235840e-01 1.000000000000000000e+00
-2.458878159523010254e-01 -1.905876994132995605e-01 -7.437250614166259766e-01 1.000000000000000000e+00
-2.418564260005950928e-01 -8.204992115497589111e-02 -7.987924814224243164e-01 1.000000000000000000e+00
-2.306118011474609375e-01 2.557854354381561279e-02 -8.380196690559387207e-01 1.000000000000000000e+00
-2.657195627689361572e-01 1.190282553434371948e-01 -5.900549292564392090e-01 1.000000000000000000e+00
-2.059552818536758423e-01 1.339053213596343994e-01 -6.349279284477233887e-01 1.000000000000000000e+00
-1.443034410476684570e-01 1.395915001630783081e-01 -6.709019541740417480e-01 1.000000000000000000e+00
-8.220821619033813477e-02 1.046924069523811340e-01 -6.814177036285400391e-01 1.000000000000000000e+00
-1.972677558660507202e-02 6.153282895684242249e-02 -6.826977729797363281e-01 1.000000000000000000e+00
-6.364709734916687012e-01 -2.228614836931228638e-01 -3.234953582286834717e-01 1.000000000000000000e+00
-5.910917520523071289e-01 -2.678919136524200439e-01 -4.511671662330627441e-01 1.000000000000000000e+00
-5.039650797843933105e-01 -2.837032675743103027e-01 -4.894811511039733887e-01 1.000000000000000000e+00
-4.001903533935546875e-01 -2.633807361125946045e-01 -4.876980781555175781e-01 1.000000000000000000e+00
-4.758332371711730957e-01 -2.181912809610366821e-01 -4.676888287067413330e-01 1.000000000000000000e+00
-5.609117746353149414e-01 -1.938504576683044434e-01 -4.250936210155487061e-01 1.000000000000000000e+00
-2.208923175930976868e-02 -3.499183654785156250e-01 -6.332364082336425781e-01 1.000000000000000000e+00
3.767449408769607544e-02 -4.154300093650817871e-01 -6.980423331260681152e-01 1.000000000000000000e+00
1.286775469779968262e-01 -4.450361132621765137e-01 -7.252604961395263672e-01 1.000000000000000000e+00
2.582068145275115967e-01 -4.360475540161132812e-01 -6.606701612472534180e-01 1.000000000000000000e+00
1.532174199819564819e-01 -3.606859445571899414e-01 -6.944974064826965332e-01 1.000000000000000000e+00
5.969449505209922791e-02 -3.417140245437622070e-01 -6.708527207374572754e-01 1.000000000000000000e+00
-2.552523612976074219e-01 3.392859995365142822e-01 -3.884582817554473877e-01 1.000000000000000000e+00
-2.393516600131988525e-01 3.031667470932006836e-01 -5.195065140724182129e-01 1.000000000000000000e+00
-1.640254408121109009e-01 2.769831717014312744e-01 -6.197742819786071777e-01 1.000000000000000000e+00
-1.026979833841323853e-01 2.697820365428924561e-01 -6.505222320556640625e-01 1.000000000000000000e+00
-3.862904757261276245e-02 2.472741007804870605e-01 -6.672210097312927246e-01 1.000000000000000000e+00
8.716230839490890503e-02 2.273421138525009155e-01 -6.400724649429321289e-01 1.000000000000000000e+00
2.160519510507583618e-01 2.312737703323364258e-01 -5.497565269470214844e-01 1.000000000000000000e+00
1.535953283309936523e-01 3.347027897834777832e-01 -5.932944416999816895e-01 1.000000000000000000e+00
4.747833684086799622e-02 3.999974131584167480e-01 -6.244165897369384766e-01 1.000000000000000000e+00
-2.181686647236347198e-02 4.233945906162261963e-01 -6.086374521255493164e-01 1.000000000000000000e+00
-9.125176817178726196e-02 4.304191470146179199e-01 -5.781902074813842773e-01 1.000000000000000000e+00
-1.853054463863372803e-01 4.101915657520294189e-01 -4.850992262363433838e-01 1.000000000000000000e+00
-2.485258728265762329e-01 3.395618498325347900e-01 -3.876052796840667725e-01 1.000000000000000000e+00
-1.293974369764328003e-01 3.152880668640136719e-01 -5.529832243919372559e-01 0.000000000000000000e+00
-6.965076923370361328e-02 2.999677360057830811e-01 -5.800132751464843750e-01 1.000000000000000000e+00
-5.826915148645639420e-03 2.857293486595153809e-01 -5.989592671394348145e-01 0.000000000000000000e+00
2.138061076402664185e-01 2.313646078109741211e-01 -5.496218800544738770e-01 1.000000000000000000e+00
3.842035308480262756e-02 3.261383771896362305e-01 -5.980753302574157715e-01 1.000000000000000000e+00
-3.115655481815338135e-02 3.453059792518615723e-01 -5.868960618972778320e-01 1.000000000000000000e+00
-9.748251736164093018e-02 3.565373420715332031e-01 -5.531219244003295898e-01 1.000000000000000000e+00
