-7.078518271446228027e-01 -2.098758071660995483e-01
-6.868922710418701172e-01 -4.823677241802215576e-02
-6.239817142486572266e-01 1.167917475104331970e-01
-5.503618717193603516e-01 2.640981972217559814e-01
-4.678133130073547363e-01 4.015081822872161865e-01
-3.562442958354949951e-01 5.354810953140258789e-01
-2.198187112808227539e-01 6.536578536033630371e-01
-3.888686373829841614e-02 7.475847601890563965e-01
1.209763363003730774e-01 7.563371062278747559e-01
2.920574247837066650e-01 6.806176304817199707e-01
4.620730578899383545e-01 5.528050065040588379e-01
5.829696655273437500e-01 3.903819024562835693e-01
6.772890090942382812e-01 2.084219604730606079e-01
7.320982813835144043e-01 1.205488760024309158e-02
7.440927624702453613e-01 -1.830536872148513794e-01
7.149850726127624512e-01 -3.960385322570800781e-01
6.931552290916442871e-01 -5.910492539405822754e-01
-7.220497727394104004e-01 -3.096848726272583008e-01
-7.232403159141540527e-01 -4.536669850349426270e-01
-6.279341578483581543e-01 -4.979915320873260498e-01
-4.945665895938873291e-01 -5.009829401969909668e-01
-3.657027781009674072e-01 -4.820644557476043701e-01
-1.866586208343505859e-01 -5.301886796951293945e-01
-7.334657013416290283e-02 -6.077796220779418945e-01
8.269885927438735962e-02 -6.693596243858337402e-01
2.645392417907714844e-01 -6.945093870162963867e-01
4.296330809593200684e-01 -5.915692448616027832e-01
-2.435509860515594482e-01 -3.567420840263366699e-01
-2.285780012607574463e-01 -2.306449413299560547e-01
-2.246108353137969971e-01 -1.309742033481597900e-01
-2.136197537183761597e-01 -3.152908012270927429e-02
-2.640627920627593994e-01 6.569908559322357178e-02
-2.002895027399063110e-01 8.054517209529876709e-02
-1.373280882835388184e-01 8.328361809253692627e-02
-7.419054955244064331e-02 5.000792816281318665e-02
-8.952766656875610352e-03 5.394741892814636230e-03
-6.162777543067932129e-01 -2.247463464736938477e-01
-5.562514662742614746e-01 -2.411566972732543945e-01
-4.778842926025390625e-01 -2.623265981674194336e-01
-3.827764093875885010e-01 -2.760294079780578613e-01
-4.640145897865295410e-01 -2.364872843027114868e-01
-5.459175705909729004e-01 -2.105087935924530029e-01
-1.353200338780879974e-02 -3.622172176837921143e-01
6.234352663159370422e-02 -3.899931311607360840e-01
1.448325514793395996e-01 -4.086510837078094482e-01
2.604331970214843750e-01 -4.350248873233795166e-01
1.580152362585067749e-01 -3.772974908351898193e-01
6.879312545061111450e-02 -3.615496754646301270e-01
-2.466605901718139648e-01 3.285575211048126221e-01
-2.392070591449737549e-01 2.593567669391632080e-01
-1.606200188398361206e-01 2.229351103305816650e-01
-9.773483127355575562e-02 2.143808007240295410e-01
-3.191107511520385742e-02 1.917171478271484375e-01
9.931470453739166260e-02 1.796483993530273438e-01
2.331820875406265259e-01 2.203141152858734131e-01
1.811067759990692139e-01 3.480854630470275879e-01
7.795775681734085083e-02 4.163643717765808105e-01
5.895548034459352493e-03 4.419415593147277832e-01
-6.870264559984207153e-02 4.464589655399322510e-01
-1.694905012845993042e-01 4.231126010417938232e-01
-2.387880235910415649e-01 3.296937346458435059e-01
-1.256657689809799194e-01 2.599264085292816162e-01
-6.556671857833862305e-02 2.430458366870880127e-01
-6.928430520929396152e-04 2.300041019916534424e-01
2.307927608489990234e-01 2.200367748737335205e-01
6.873568892478942871e-02 3.420780599117279053e-01
-4.392109622131101787e-05 3.597688674926757812e-01
-7.014089822769165039e-02 3.710579872131347656e-01
