-6.862627863883972168e-01 -2.641533315181732178e-01 4.054057002067565918e-01 0.000000000000000000e+00
-6.057459712028503418e-01 -8.707140386104583740e-02 4.346390068531036377e-01 0.000000000000000000e+00
-5.154869556427001953e-01 1.129424795508384705e-01 4.541000425815582275e-01 0.000000000000000000e+00
-4.397547245025634766e-01 2.894146442413330078e-01 3.946977555751800537e-01 0.000000000000000000e+00
-3.679779767990112305e-01 4.546324610710144043e-01 2.667697370052337646e-01 0.000000000000000000e+00
-2.930742800235748291e-01 5.918616652488708496e-01 7.906662672758102417e-02 0.000000000000000000e+00
-1.682373732328414917e-01 6.908126473426818848e-01 -6.568761169910430908e-02 1.000000000000000000e+00
-2.628426626324653625e-02 7.487226128578186035e-01 -2.346860617399215698e-01 1.000000000000000000e+00
1.485624462366104126e-01 7.537074685096740723e-01 -2.896621525287628174e-01 1.000000000000000000e+00
2.917925417423248291e-01 6.810231208801269531e-01 -3.144011795520782471e-01 1.000000000000000000e+00
4.613875150680541992e-01 5.532888174057006836e-01 -2.381635159254074097e-01 1.000000000000000000e+00
5.826894044876098633e-01 3.921475112438201904e-01 -1.747090518474578857e-01 1.000000000000000000e+00
6.775218844413757324e-01 2.105853855609893799e-01 -5.109153687953948975e-02 1.000000000000000000e+00
7.322329282760620117e-01 1.489824056625366211e-02 2.852886356413364410e-02 1.000000000000000000e+00
7.461035251617431641e-01 -1.802691966295242310e-01 4.901533573865890503e-02 1.000000000000000000e+00
7.163435220718383789e-01 -3.967937231063842773e-01 -3.273040056228637695e-03 1.000000000000000000e+00
6.945667266845703125e-01 -5.900941491127014160e-01 -4.888295009732246399e-02 1.000000000000000000e+00
-7.220497727394104004e-01 -3.096848726272583008e-01 -8.438535779714584351e-02 1.000000000000000000e+00
-7.232403159141540527e-01 -4.536669850349426270e-01 -2.756236791610717773e-01 1.000000000000000000e+00
-6.279341578483581543e-01 -4.979915320873260498e-01 -4.468694627285003662e-01 1.000000000000000000e+00
-4.945665895938873291e-01 -5.009829401969909668e-01 -5.520235300064086914e-01 1.000000000000000000e+00
-3.657027781009674072e-01 -4.820644557476043701e-01 -6.037988662719726562e-01 1.000000000000000000e+00
-1.866586208343505859e-01 -5.301886796951293945e-01 -6.636562943458557129e-01 1.000000000000000000e+00
-7.334657013416290283e-02 -6.077796220779418945e-01 -6.917998194694519043e-01 1.000000000000000000e+00
8.269885927438735962e-02 -6.693596243858337402e-01 -6.822894215583801270e-01 1.000000000000000000e+00
2.645392417907714844e-01 -6.945093870162963867e-01 -5.970594882965087891e-01 1.000000000000000000e+00
4.296330809593200684e-01 -5.915692448616027832e-01 -4.585651755332946777e-01 1.000000000000000000e+00
-2.435509860515594482e-01 -3.567420840263366699e-01 -6.366260051727294922e-01 1.000000000000000000e+00
-2.285780012607574463e-01 -2.306449413299560547e-01 -6.915128827095031738e-01 1.000000000000000000e+00
-2.246108353137969971e-01 -1.309742033481597900e-01 -7.519734501838684082e-01 1.000000000000000000e+00
-2.136197537183761597e-01 -3.152908012270927429e-02 -7.933979034423828125e-01 1.000000000000000000e+00
-2.640627920627593994e-01 6.569908559322357178e-02 -5.588835477828979492e-01 1.000000000000000000e+00
-2.002895027399063110e-01 8.054517209529876709e-02 -6.026942729949951172e-01 1.000000000000000000e+00
-1.373280882835388184e-01 8.328361809253692627e-02 -6.362438201904296875e-01 1.000000000000000000e+00
-7.419054955244064331e-02 5.000792816281318665e-02 -6.448469161987304688e-01 1.000000000000000000e+00
-8.952766656875610352e-03 5.394741892814636230e-03 -6.445283293724060059e-01 1.000000000000000000e+00
-6.162777543067932129e-01 -2.247463464736938477e-01 -3.040065169334411621e-01 1.000000000000000000e+00
-5.562514662742614746e-01 -2.411566972732543945e-01 -4.227637946605682373e-01 1.000000000000000000e+00
-4.778842926025390625e-01 -2.623265981674194336e-01 -4.514304995536804199e-01 1.000000000000000000e+00
-3.827764093875885010e-01 -2.760294079780578613e-01 -4.528451859951019287e-01 1.000000000000000000e+00
-4.640145897865295410e-01 -2.364872843027114868e-01 -4.402588903903961182e-01 1.000000000000000000e+00
-5.459175705909729004e-01 -2.105087935924530029e-01 -4.033345878124237061e-01 1.000000000000000000e+00
-1.353200338780879974e-02 -3.622172176837921143e-01 -5.786755084991455078e-01 1.000000000000000000e+00
6.234352663159370422e-02 -3.899931311607360840e-01 -6.332077383995056152e-01 1.000000000000000000e+00
1.448325514793395996e-01 -4.086510837078094482e-01 -6.562023758888244629e-01 1.000000000000000000e+00
2.604331970214843750e-01 -4.350248873233795166e-01 -5.971608757972717285e-01 1.000000000000000000e+00
1.580152362585067749e-01 -3.772974908351898193e-01 -6.390460133552551270e-01 1.000000000000000000e+00
6.879312545061111450e-02 -3.615496754646301270e-01 -6.181777715682983398e-01 1.000000000000000000e+00
-2.466605901718139648e-01 3.285575211048126221e-01 -3.569553494453430176e-01 1.000000000000000000e+00
-2.392070591449737549e-01 2.593567669391632080e-01 -4.932457804679870605e-01 1.000000000000000000e+00
-1.606200188398361206e-01 2.229351103305816650e-01 -5.957360267639160156e-01 1.000000000000000000e+00
-9.773483127355575562e-02 2.143808007240295410e-01 -6.246156692504882812e-01 1.000000000000000000e+00
-3.191107511520385742e-02 1.917171478271484375e-01 -6.375564932823181152e-01 1.000000000000000000e+00
9.931470453739166260e-02 1.796483993530273438e-01 -5.997672080993652344e-01 1.000000000000000000e+00
2.331820875406265259e-01 2.203141152858734131e-01 -4.929597377777099609e-01 1.000000000000000000e+00
1.811067759990692139e-01 3.480854630470275879e-01 -5.330954790115356445e-01 1.000000000000000000e+00
7.795775681734085083e-02 4.163643717765808105e-01 -5.710978507995605469e-01 1.000000000000000000e+00
5.895548034459352493e-03 4.419415593147277832e-01 -5.581185221672058105e-01 1.000000000000000000e+00
-6.870264559984207153e-02 4.464589655399322510e-01 -5.311456322669982910e-01 1.000000000000000000e+00
-1.694905012845993042e-01 4.231126010417938232e-01 -4.453310668468475342e-01 1.000000000000000000e+00
-2.387880235910415649e-01 3.296937346458435059e-01 -3.539606332778930664e-01 1.000000000000000000e+00
-1.256657689809799194e-01 2.599264085292816162e-01 -5.214756727218627930e-01 0.000000000000000000e+00
-6.556671857833862305e-02 2.430458366870880127e-01 -5.468021631240844727e-01 1.000000000000000000e+00
-6.928430520929396152e-04 2.300041019916534424e-01 -5.621730685234069824e-01 0.000000000000000000e+00
2.307927608489990234e-01 2.200367748737335205e-01 -4.928812384605407715e-01 1.000000000000000000e+00
6.873568892478942871e-02 3.420780599117279053e-01 -5.326592326164245605e-01 1.000000000000000000e+00
-4.392109622131101787e-05 3.597688674926757812e-01 -5.239419341087341309e-01 1.000000000000000000e+00
-7.014089822769165039e-02 3.710579872131347656e-01 -4.966469407081604004e-01 1.000000000000000000e+00
