-7.101075053215026855e-01 -2.035454213619232178e-01
-6.893564462661743164e-01 -4.071594029664993286e-02
-6.283546090126037598e-01 1.221232339739799500e-01
-5.502733588218688965e-01 2.677420377731323242e-01
-4.657331109046936035e-01 4.066587984561920166e-01
-3.525966703891754150e-01 5.408324599266052246e-01
-2.137060463428497314e-01 6.548408269882202148e-01
-3.811967372894287109e-02 7.438570261001586914e-01
1.191675141453742981e-01 7.467886805534362793e-01
2.903818488121032715e-01 6.716864109039306641e-01
4.613176584243774414e-01 5.480782985687255859e-01
5.867146849632263184e-01 3.943998813629150391e-01
6.837584972381591797e-01 2.149608880281448364e-01
7.393269538879394531e-01 1.678517274558544159e-02
7.593090534210205078e-01 -1.810400933027267456e-01
7.319279909133911133e-01 -3.968101441860198975e-01
7.127677798271179199e-01 -5.919109582901000977e-01
-7.268387079238891602e-01 -3.044161200523376465e-01
-7.332454323768615723e-01 -4.532004594802856445e-01
-6.415396928787231445e-01 -4.986077547073364258e-01
-5.064433217048645020e-01 -4.995730817317962646e-01
-3.752330541610717773e-01 -4.777800142765045166e-01
-1.904483586549758911e-01 -5.270032286643981934e-01
-7.398870587348937988e-02 -6.092523932456970215e-01
8.635993301868438721e-02 -6.739735603332519531e-01
2.709853351116180420e-01 -6.969782114028930664e-01
4.389713108539581299e-01 -5.871934294700622559e-01
-2.508734464645385742e-01 -3.479550480842590332e-01
-2.365938127040863037e-01 -2.165681570768356323e-01
-2.336811125278472900e-01 -1.123647019267082214e-01
-2.237801104784011841e-01 -8.185144513845443726e-03
-2.646662294864654541e-01 8.734852820634841919e-02
-2.038182914257049561e-01 1.037450581789016724e-01
-1.421035230159759521e-01 1.088515147566795349e-01
-7.959344238042831421e-02 7.437853515148162842e-02
-1.672521978616714478e-02 2.959001995623111725e-02
-6.265633702278137207e-01 -2.259462177753448486e-01
-5.723941326141357422e-01 -2.552171945571899414e-01
-4.900410771369934082e-01 -2.741892933845520020e-01
-3.912883102893829346e-01 -2.732741534709930420e-01
-4.706498086452484131e-01 -2.315376549959182739e-01
-5.545883774757385254e-01 -2.060727328062057495e-01
-1.314514316618442535e-02 -3.593651652336120605e-01
5.475835502147674561e-02 -4.080530107021331787e-01
1.422506570816040039e-01 -4.324130415916442871e-01
2.656105160713195801e-01 -4.381477534770965576e-01
1.608777642250061035e-01 -3.720605969429016113e-01
6.903131306171417236e-02 -3.547185957431793213e-01
-2.518602609634399414e-01 3.321113884449005127e-01
-2.419207394123077393e-01 2.764621973037719727e-01
-1.652704775333404541e-01 2.446093261241912842e-01
-1.027040183544158936e-01 2.369514703750610352e-01
-3.712517768144607544e-02 2.143015116453170776e-01
9.192115068435668945e-02 1.993511766195297241e-01
2.235763072967529297e-01 2.225920110940933228e-01
1.671624779701232910e-01 3.387162387371063232e-01
6.226401403546333313e-02 4.066075384616851807e-01
-8.349565789103507996e-03 4.312675595283508301e-01
-8.018983155488967896e-02 4.378150105476379395e-01
-1.780041903257369995e-01 4.155668318271636963e-01
-2.444527149200439453e-01 3.330924212932586670e-01
-1.301919221878051758e-01 2.828921973705291748e-01
-6.988598406314849854e-02 2.667039632797241211e-01
-5.404420197010040283e-03 2.533843517303466797e-01
2.213084697723388672e-01 2.225401401519775391e-01
5.358112603425979614e-02 3.327624201774597168e-01
-1.580753177404403687e-02 3.519270420074462891e-01
-8.391713351011276245e-02 3.633891046047210693e-01
