-6.815097332000732422e-01 -2.614414691925048828e-01 4.184951484203338623e-01 0.000000000000000000e+00
-5.973992943763732910e-01 -8.319370448589324951e-02 4.469884335994720459e-01 0.000000000000000000e+00
-5.017072558403015137e-01 1.177293583750724792e-01 4.653203785419464111e-01 0.000000000000000000e+00
-4.204893708229064941e-01 2.954669296741485596e-01 4.015212655067443848e-01 0.000000000000000000e+00
-3.513978421688079834e-01 4.646324217319488525e-01 2.690550684928894043e-01 0.000000000000000000e+00
-2.823125123977661133e-01 6.013923883438110352e-01 7.282128185033798218e-02 0.000000000000000000e+00
-1.603193730115890503e-01 6.920136213302612305e-01 -8.276581764221191406e-02 1.000000000000000000e+00
-2.377531118690967560e-02 7.458876967430114746e-01 -2.629705369472503662e-01 1.000000000000000000e+00
1.487126350402832031e-01 7.449955344200134277e-01 -3.244454264640808105e-01 1.000000000000000000e+00
2.902769148349761963e-01 6.718610525131225586e-01 -3.525916934013366699e-01 1.000000000000000000e+00
4.610468745231628418e-01 5.482302308082580566e-01 -2.728302180767059326e-01 1.000000000000000000e+00
5.865834355354309082e-01 3.950514495372772217e-01 -2.049012184143066406e-01 1.000000000000000000e+00
6.838085055351257324e-01 2.157547920942306519e-01 -7.343209534883499146e-02 1.000000000000000000e+00
7.393513321876525879e-01 1.787360385060310364e-02 9.932164102792739868e-03 1.000000000000000000e+00
7.601088881492614746e-01 -1.799139380455017090e-01 3.083512373268604279e-02 1.000000000000000000e+00
7.324449419975280762e-01 -3.970747590065002441e-01 -2.319897152483463287e-02 1.000000000000000000e+00
7.132839560508728027e-01 -5.915318131446838379e-01 -7.015554606914520264e-02 1.000000000000000000e+00
-7.268387079238891602e-01 -3.044161200523376465e-01 -7.747666537761688232e-02 1.000000000000000000e+00
-7.332454323768615723e-01 -4.532004594802856445e-01 -2.727355062961578369e-01 1.000000000000000000e+00
-6.415396928787231445e-01 -4.986077547073364258e-01 -4.487553536891937256e-01 1.000000000000000000e+00
-5.064433217048645020e-01 -4.995730817317962646e-01 -5.586417317390441895e-01 1.000000000000000000e+00
-3.752330541610717773e-01 -4.777800142765045166e-01 -6.147961616516113281e-01 1.000000000000000000e+00
-1.904483586549758911e-01 -5.270032286643981934e-01 -6.804215312004089355e-01 1.000000000000000000e+00
-7.398870587348937988e-02 -6.092523932456970215e-01 -7.104334235191345215e-01 1.000000000000000000e+00
8.635993301868438721e-02 -6.739735603332519531e-01 -7.024605870246887207e-01 1.000000000000000000e+00
2.709853351116180420e-01 -6.969782114028930664e-01 -6.186437606811523438e-01 1.000000000000000000e+00
4.389713108539581299e-01 -5.871934294700622559e-01 -4.797975420951843262e-01 1.000000000000000000e+00
-2.508734464645385742e-01 -3.479550480842590332e-01 -6.513516902923583984e-01 1.000000000000000000e+00
-2.365938127040863037e-01 -2.165681570768356323e-01 -7.052328586578369141e-01 1.000000000000000000e+00
-2.336811125278472900e-01 -1.123647019267082214e-01 -7.638171911239624023e-01 1.000000000000000000e+00
-2.237801104784011841e-01 -8.185144513845443726e-03 -8.053302764892578125e-01 1.000000000000000000e+00
-2.646662294864654541e-01 8.734852820634841919e-02 -5.630130171775817871e-01 1.000000000000000000e+00
-2.038182914257049561e-01 1.037450581789016724e-01 -6.077048182487487793e-01 1.000000000000000000e+00
-1.421035230159759521e-01 1.088515147566795349e-01 -6.428167819976806641e-01 1.000000000000000000e+00
-7.959344238042831421e-02 7.437853515148162842e-02 -6.519767045974731445e-01 1.000000000000000000e+00
-1.672521978616714478e-02 2.959001995623111725e-02 -6.516289710998535156e-01 1.000000000000000000e+00
-6.265633702278137207e-01 -2.259462177753448486e-01 -2.973842322826385498e-01 1.000000000000000000e+00
-5.723941326141357422e-01 -2.552171945571899414e-01 -4.199942648410797119e-01 1.000000000000000000e+00
-4.900410771369934082e-01 -2.741892933845520020e-01 -4.528267085552215576e-01 1.000000000000000000e+00
-3.912883102893829346e-01 -2.732741534709930420e-01 -4.542777538299560547e-01 1.000000000000000000e+00
-4.706498086452484131e-01 -2.315376549959182739e-01 -4.383304417133331299e-01 1.000000000000000000e+00
-5.545883774757385254e-01 -2.060727328062057495e-01 -3.987441658973693848e-01 1.000000000000000000e+00
-1.314514316618442535e-02 -3.593651652336120605e-01 -5.902870893478393555e-01 1.000000000000000000e+00
5.475835502147674561e-02 -4.080530107021331787e-01 -6.493867635726928711e-01 1.000000000000000000e+00
1.422506570816040039e-01 -4.324130415916442871e-01 -6.743085384368896484e-01 1.000000000000000000e+00
2.656105160713195801e-01 -4.381477534770965576e-01 -6.128460168838500977e-01 1.000000000000000000e+00
1.608777642250061035e-01 -3.720605969429016113e-01 -6.510526537895202637e-01 1.000000000000000000e+00
6.903131306171417236e-02 -3.547185957431793213e-01 -6.286643743515014648e-01 1.000000000000000000e+00
-2.518602609634399414e-01 3.321113884449005127e-01 -3.619602322578430176e-01 1.000000000000000000e+00
-2.419207394123077393e-01 2.764621973037719727e-01 -4.949539005756378174e-01 1.000000000000000000e+00
-1.652704775333404541e-01 2.446093261241912842e-01 -5.967343449592590332e-01 1.000000000000000000e+00
-1.027040183544158936e-01 2.369514703750610352e-01 -6.269983053207397461e-01 1.000000000000000000e+00
-3.712517768144607544e-02 2.143015116453170776e-01 -6.421927809715270996e-01 1.000000000000000000e+00
9.192115068435668945e-02 1.993511766195297241e-01 -6.099804043769836426e-01 1.000000000000000000e+00
2.235763072967529297e-01 2.225920110940933228e-01 -5.126017928123474121e-01 1.000000000000000000e+00
1.671624779701232910e-01 3.387162387371063232e-01 -5.557847023010253906e-01 1.000000000000000000e+00
6.226401403546333313e-02 4.066075384616851807e-01 -5.895052552223205566e-01 1.000000000000000000e+00
-8.349565789103507996e-03 4.312675595283508301e-01 -5.748500823974609375e-01 1.000000000000000000e+00
-8.018983155488967896e-02 4.378150105476379395e-01 -5.456205606460571289e-01 1.000000000000000000e+00
-1.780041903257369995e-01 4.155668318271636963e-01 -4.555186033248901367e-01 1.000000000000000000e+00
-2.444527149200439453e-01 3.330924212932586670e-01 -3.597450852394104004e-01 1.000000000000000000e+00
-1.301919221878051758e-01 2.828921973705291748e-01 -5.260606408119201660e-01 0.000000000000000000e+00
-6.988598406314849854e-02 2.667039632797241211e-01 -5.520694851875305176e-01 1.000000000000000000e+00
-5.404420197010040283e-03 2.533843517303466797e-01 -5.697191357612609863e-01 0.000000000000000000e+00
2.213084697723388672e-01 2.225401401519775391e-01 -5.123745799064636230e-01 1.000000000000000000e+00
5.358112603425979614e-02 3.327624201774597168e-01 -5.554947853088378906e-01 1.000000000000000000e+00
-1.580753177404403687e-02 3.519270420074462891e-01 -5.455737113952636719e-01 1.000000000000000000e+00
-8.391713351011276245e-02 3.633891046047210693e-01 -5.141890645027160645e-01 1.000000000000000000e+00
