-7.192346453666687012e-01 -1.689831465482711792e-01
-6.846218705177307129e-01 7.772990968078374863e-03
-6.053531765937805176e-01 1.705562770366668701e-01
-5.176617503166198730e-01 3.120017647743225098e-01
-4.327131509780883789e-01 4.502199590206146240e-01
-3.227874338626861572e-01 5.785853266716003418e-01
-1.868482828140258789e-01 6.754662990570068359e-01
-2.014159969985485077e-02 7.472000122070312500e-01
1.360543072223663330e-01 7.380948662757873535e-01
3.055455982685089111e-01 6.601176857948303223e-01
4.724088907241821289e-01 5.358352661132812500e-01
5.999145507812500000e-01 3.864214122295379639e-01
6.978772878646850586e-01 2.002629190683364868e-01
7.515017390251159668e-01 -4.045906942337751389e-03
7.612229585647583008e-01 -2.044288218021392822e-01
7.214967608451843262e-01 -4.204597473144531250e-01
6.922354698181152344e-01 -6.160035729408264160e-01
-7.459501624107360840e-01 -2.734588086605072021e-01
-7.607687115669250488e-01 -4.207735657691955566e-01
-6.722115278244018555e-01 -4.599305391311645508e-01
-5.379350185394287109e-01 -4.604689478874206543e-01
-4.074404239654541016e-01 -4.433829188346862793e-01
-2.200309932231903076e-01 -4.954379200935363770e-01
-1.066455617547035217e-01 -5.772345066070556641e-01
5.290123075246810913e-02 -6.522783637046813965e-01
2.366485595703125000e-01 -6.876589655876159668e-01
4.135690927505493164e-01 -5.826574563980102539e-01
-2.738468050956726074e-01 -3.148478269577026367e-01
-2.546823918819427490e-01 -1.774272471666336060e-01
-2.491258829832077026e-01 -7.346668839454650879e-02
-2.366232722997665405e-01 3.231064975261688232e-02
-2.582657039165496826e-01 1.440004259347915649e-01
-2.036413252353668213e-01 1.565486192703247070e-01
-1.477802693843841553e-01 1.652157306671142578e-01
-9.118440747261047363e-02 1.282770931720733643e-01
-3.293422237038612366e-02 8.673729002475738525e-02
-6.383089423179626465e-01 -1.783590167760848999e-01
-5.819044709205627441e-01 -1.930940747261047363e-01
-5.026038885116577148e-01 -2.169702351093292236e-01
-4.066522419452667236e-01 -2.326900810003280640e-01
-4.840601384639739990e-01 -1.889495104551315308e-01
-5.686146020889282227e-01 -1.601041406393051147e-01
-3.044101968407630920e-02 -3.283069431781768799e-01
4.360523074865341187e-02 -3.589532077312469482e-01
1.284133046865463257e-01 -3.789252936840057373e-01
2.466721832752227783e-01 -4.092974960803985596e-01
1.453888118267059326e-01 -3.449099361896514893e-01
5.107932910323143005e-02 -3.264394998550415039e-01
-2.293331921100616455e-01 4.078816771507263184e-01
-2.176392227411270142e-01 3.685569167137145996e-01
-1.540017277002334595e-01 3.350274264812469482e-01
-1.001421585679054260e-01 3.296774327754974365e-01
-4.402544349431991577e-02 3.059655129909515381e-01
6.791727244853973389e-02 2.923398315906524658e-01
1.834400892257690430e-01 2.918733060359954834e-01
1.342047601938247681e-01 3.617125749588012695e-01
4.210824146866798401e-02 4.196231067180633545e-01
-1.832830719649791718e-02 4.445227980613708496e-01
-8.254885673522949219e-02 4.538556933403015137e-01
-1.661380827426910400e-01 4.457413256168365479e-01
-2.226649373769760132e-01 4.057964384555816650e-01
-1.185218393802642822e-01 3.838384151458740234e-01
-6.516011059284210205e-02 3.718558251857757568e-01
-8.830383419990539551e-03 3.548107445240020752e-01
1.810524314641952515e-01 2.923702299594879150e-01
2.360681816935539246e-02 3.419067859649658203e-01
-3.745481371879577637e-02 3.596014380455017090e-01
-9.801008552312850952e-02 3.769250214099884033e-01
