-6.946661472320556641e-01 -2.523317635059356689e-01 3.834699690341949463e-01 0.000000000000000000e+00
-6.038277745246887207e-01 -7.240297645330429077e-02 4.200934171676635742e-01 0.000000000000000000e+00
-5.012112259864807129e-01 1.303396075963973999e-01 4.464957118034362793e-01 0.000000000000000000e+00
-4.111520648002624512e-01 3.112740218639373779e-01 3.847151100635528564e-01 0.000000000000000000e+00
-3.310966193675994873e-01 4.840007722377777100e-01 2.472635358572006226e-01 0.000000000000000000e+00
-2.544489800930023193e-01 6.254642605781555176e-01 4.052547365427017212e-02 0.000000000000000000e+00
-1.331962198019027710e-01 7.042137384414672852e-01 -1.316187828779220581e-01 1.000000000000000000e+00
-4.657846875488758087e-03 7.483454942703247070e-01 -3.279235363006591797e-01 1.000000000000000000e+00
1.675467491149902344e-01 7.361060380935668945e-01 -3.975711464881896973e-01 1.000000000000000000e+00
3.055455982685089111e-01 6.601176857948303223e-01 -4.303479790687561035e-01 1.000000000000000000e+00
4.724088907241821289e-01 5.358352661132812500e-01 -3.384326398372650146e-01 1.000000000000000000e+00
5.999145507812500000e-01 3.864214122295379639e-01 -2.596481442451477051e-01 1.000000000000000000e+00
6.978772878646850586e-01 2.002629190683364868e-01 -1.200600489974021912e-01 1.000000000000000000e+00
7.515017390251159668e-01 -4.045906942337751389e-03 -3.499701619148254395e-02 1.000000000000000000e+00
7.612229585647583008e-01 -2.044288218021392822e-01 -1.883089914917945862e-02 1.000000000000000000e+00
7.214967608451843262e-01 -4.204597473144531250e-01 -7.870610803365707397e-02 1.000000000000000000e+00
6.922354698181152344e-01 -6.160035729408264160e-01 -1.339054405689239502e-01 1.000000000000000000e+00
-7.459501624107360840e-01 -2.734588086605072021e-01 -1.212807819247245789e-01 1.000000000000000000e+00
-7.607687115669250488e-01 -4.207735657691955566e-01 -3.287137150764465332e-01 1.000000000000000000e+00
-6.722115278244018555e-01 -4.599305391311645508e-01 -5.104107260704040527e-01 1.000000000000000000e+00
-5.379350185394287109e-01 -4.604689478874206543e-01 -6.252691745758056641e-01 1.000000000000000000e+00
-4.074404239654541016e-01 -4.433829188346862793e-01 -6.816063523292541504e-01 1.000000000000000000e+00
-2.200309932231903076e-01 -4.954379200935363770e-01 -7.521010041236877441e-01 1.000000000000000000e+00
-1.066455617547035217e-01 -5.772345066070556641e-01 -7.856420874595642090e-01 1.000000000000000000e+00
5.290123075246810913e-02 -6.522783637046813965e-01 -7.792502045631408691e-01 1.000000000000000000e+00
2.366485595703125000e-01 -6.876589655876159668e-01 -6.945422291755676270e-01 1.000000000000000000e+00
4.135690927505493164e-01 -5.826574563980102539e-01 -5.480650067329406738e-01 1.000000000000000000e+00
-2.738468050956726074e-01 -3.148478269577026367e-01 -7.137879133224487305e-01 1.000000000000000000e+00
-2.546823918819427490e-01 -1.774272471666336060e-01 -7.669080495834350586e-01 1.000000000000000000e+00
-2.491258829832077026e-01 -7.346668839454650879e-02 -8.240130543708801270e-01 1.000000000000000000e+00
-2.366232722997665405e-01 3.231064975261688232e-02 -8.639322519302368164e-01 1.000000000000000000e+00
-2.582657039165496826e-01 1.440004259347915649e-01 -6.238985061645507812e-01 1.000000000000000000e+00
-2.036413252353668213e-01 1.565486192703247070e-01 -6.694528460502624512e-01 1.000000000000000000e+00
-1.477802693843841553e-01 1.652157306671142578e-01 -7.072679996490478516e-01 1.000000000000000000e+00
-9.118440747261047363e-02 1.282770931720733643e-01 -7.131887078285217285e-01 1.000000000000000000e+00
-3.293422237038612366e-02 8.673729002475738525e-02 -7.105314731597900391e-01 1.000000000000000000e+00
-6.383089423179626465e-01 -1.783590167760848999e-01 -3.439465761184692383e-01 1.000000000000000000e+00
-5.819044709205627441e-01 -1.930940747261047363e-01 -4.679451286792755127e-01 1.000000000000000000e+00
-5.026038885116577148e-01 -2.169702351093292236e-01 -5.011457204818725586e-01 1.000000000000000000e+00
-4.066522419452667236e-01 -2.326900810003280640e-01 -5.053225755691528320e-01 1.000000000000000000e+00
-4.840601384639739990e-01 -1.889495104551315308e-01 -4.871903061866760254e-01 1.000000000000000000e+00
-5.686146020889282227e-01 -1.601041406393051147e-01 -4.443253278732299805e-01 1.000000000000000000e+00
-3.044101968407630920e-02 -3.283069431781768799e-01 -6.488482952117919922e-01 1.000000000000000000e+00
4.360523074865341187e-02 -3.589532077312469482e-01 -7.085610032081604004e-01 1.000000000000000000e+00
1.284133046865463257e-01 -3.789252936840057373e-01 -7.347202301025390625e-01 1.000000000000000000e+00
2.466721832752227783e-01 -4.092974960803985596e-01 -6.761336922645568848e-01 1.000000000000000000e+00
1.453888118267059326e-01 -3.449099361896514893e-01 -7.115250229835510254e-01 1.000000000000000000e+00
5.107932910323143005e-02 -3.264394998550415039e-01 -6.877773404121398926e-01 1.000000000000000000e+00
-2.293331921100616455e-01 4.078816771507263184e-01 -4.884245991706848145e-01 1.000000000000000000e+00
-2.176392227411270142e-01 3.685569167137145996e-01 -5.949398875236511230e-01 1.000000000000000000e+00
-1.540017277002334595e-01 3.350274264812469482e-01 -6.780238747596740723e-01 1.000000000000000000e+00
-1.001421585679054260e-01 3.296774327754974365e-01 -7.052972912788391113e-01 1.000000000000000000e+00
-4.402544349431991577e-02 3.059655129909515381e-01 -7.190048098564147949e-01 1.000000000000000000e+00
6.791727244853973389e-02 2.923398315906524658e-01 -6.974293589591979980e-01 1.000000000000000000e+00
1.834400892257690430e-01 2.918733060359954834e-01 -6.304275989532470703e-01 1.000000000000000000e+00
1.342047601938247681e-01 3.617125749588012695e-01 -6.678187847137451172e-01 1.000000000000000000e+00
4.210824146866798401e-02 4.196231067180633545e-01 -6.929499506950378418e-01 1.000000000000000000e+00
-1.832830719649791718e-02 4.445227980613708496e-01 -6.752939224243164062e-01 1.000000000000000000e+00
-8.254885673522949219e-02 4.538556933403015137e-01 -6.478814482688903809e-01 1.000000000000000000e+00
-1.661380827426910400e-01 4.457413256168365479e-01 -5.708210468292236328e-01 1.000000000000000000e+00
-2.226649373769760132e-01 4.057964384555816650e-01 -4.878527820110321045e-01 1.000000000000000000e+00
-1.185218393802642822e-01 3.838384151458740234e-01 -6.186862587928771973e-01 0.000000000000000000e+00
-6.516011059284210205e-02 3.718558251857757568e-01 -6.441182494163513184e-01 1.000000000000000000e+00
-8.830383419990539551e-03 3.548107445240020752e-01 -6.579851508140563965e-01 0.000000000000000000e+00
1.810524314641952515e-01 2.923702299594879150e-01 -6.299002170562744141e-01 1.000000000000000000e+00
2.360681816935539246e-02 3.419067859649658203e-01 -6.790373921394348145e-01 1.000000000000000000e+00
-3.745481371879577637e-02 3.596014380455017090e-01 -6.636229157447814941e-01 1.000000000000000000e+00
-9.801008552312850952e-02 3.769250214099884033e-01 -6.383530497550964355e-01 1.000000000000000000e+00
