-7.203585505485534668e-01 -1.538390666246414185e-01
-6.855195164680480957e-01 2.142153866589069366e-02
-6.057508587837219238e-01 1.842568963766098022e-01
-5.253250002861022949e-01 3.239786624908447266e-01
-4.381486475467681885e-01 4.620696604251861572e-01
-3.293980956077575684e-01 5.903626084327697754e-01
-1.890091001987457275e-01 6.801139116287231445e-01
-1.331571303308010101e-02 7.410253286361694336e-01
1.453918367624282837e-01 7.264170050621032715e-01
3.151171207427978516e-01 6.464496850967407227e-01
4.792112410068511963e-01 5.257642269134521484e-01
6.020478010177612305e-01 3.797842562198638916e-01
6.918531060218811035e-01 1.994232535362243652e-01
7.383155822753906250e-01 -3.406962146982550621e-03
7.451643943786621094e-01 -2.012508511543273926e-01
7.108191251754760742e-01 -4.102605581283569336e-01
6.832985281944274902e-01 -6.082005500793457031e-01
-7.425295114517211914e-01 -2.568023502826690674e-01
-7.491771578788757324e-01 -4.166540503501892090e-01
-6.541302204132080078e-01 -4.649639129638671875e-01
-5.143123269081115723e-01 -4.720008671283721924e-01
-3.792966902256011963e-01 -4.557092189788818359e-01
-1.870266199111938477e-01 -5.107206106185913086e-01
-7.173670083284378052e-02 -5.971930027008056641e-01
8.707036077976226807e-02 -6.739271879196166992e-01
2.650997638702392578e-01 -7.037785649299621582e-01
4.328385591506958008e-01 -5.876744985580444336e-01
-2.409376949071884155e-01 -3.250944018363952637e-01
-2.187668830156326294e-01 -1.870746463537216187e-01
-2.088342308998107910e-01 -8.143655210733413696e-02
-1.926927268505096436e-01 2.563417702913284302e-02
-2.263494133949279785e-01 1.444542855024337769e-01
-1.702134907245635986e-01 1.538078337907791138e-01
-1.125103458762168884e-01 1.599062383174896240e-01
-5.558272823691368103e-02 1.234989389777183533e-01
1.328290556557476521e-03 8.326685428619384766e-02
-6.301594376564025879e-01 -1.910448968410491943e-01
-5.802128314971923828e-01 -2.433058768510818481e-01
-4.909226894378662109e-01 -2.639395892620086670e-01
-3.873341381549835205e-01 -2.462906241416931152e-01
-4.604777991771697998e-01 -1.968320608139038086e-01
-5.476659536361694336e-01 -1.676004230976104736e-01
-5.329065490514039993e-03 -3.487363457679748535e-01
5.571538582444190979e-02 -4.179338812828063965e-01
1.481644511222839355e-01 -4.499507546424865723e-01
2.731634080410003662e-01 -4.406596720218658447e-01
1.736766397953033447e-01 -3.643157184123992920e-01
7.803220301866531372e-02 -3.421956300735473633e-01
-2.160151153802871704e-01 4.085553586483001709e-01
-1.940674930810928345e-01 3.652816116809844971e-01
-1.253022849559783936e-01 3.266509473323822021e-01
-6.959263980388641357e-02 3.184939920902252197e-01
-1.223059277981519699e-02 2.957222461700439453e-01
9.803064912557601929e-02 2.850763797760009766e-01
2.058753669261932373e-01 2.860593795776367188e-01
1.512701362371444702e-01 3.524479269981384277e-01
5.872145295143127441e-02 4.111300110816955566e-01
-2.356074284762144089e-03 4.360176920890808105e-01
-6.616938859224319458e-02 4.473478496074676514e-01
-1.523279547691345215e-01 4.412319660186767578e-01
-2.097016274929046631e-01 4.068982601165771484e-01
-9.226056933403015137e-02 3.800108432769775391e-01
-3.800582140684127808e-02 3.657387793064117432e-01
1.917232014238834381e-02 3.495734930038452148e-01
2.034792006015777588e-01 2.867061197757720947e-01
3.967828303575515747e-02 3.390037715435028076e-01
-2.224284969270229340e-02 3.586703240871429443e-01
-8.180344104766845703e-02 3.755979835987091064e-01
