-7.161456346511840820e-01 -2.140249907970428467e-01 3.612988591194152832e-01 1.000000000000000000e+00
-6.274042129516601562e-01 -3.478892892599105835e-02 3.952517509460449219e-01 0.000000000000000000e+00
-5.238949060440063477e-01 1.650930196046829224e-01 4.190898239612579346e-01 0.000000000000000000e+00
-4.306463897228240967e-01 3.400048613548278809e-01 3.550059795379638672e-01 0.000000000000000000e+00
-3.453702330589294434e-01 5.059149265289306641e-01 2.167191207408905029e-01 0.000000000000000000e+00
-2.617867887020111084e-01 6.374140977859497070e-01 9.565822780132293701e-03 0.000000000000000000e+00
-1.345999836921691895e-01 7.065643668174743652e-01 -1.564481705427169800e-01 1.000000000000000000e+00
1.263753161765635014e-03 7.439069151878356934e-01 -3.459908962249755859e-01 1.000000000000000000e+00
1.758950799703598022e-01 7.260261774063110352e-01 -4.083134233951568604e-01 1.000000000000000000e+00
3.149764537811279297e-01 6.472800970077514648e-01 -4.346978366374969482e-01 1.000000000000000000e+00
4.779605567455291748e-01 5.266122221946716309e-01 -3.343476057052612305e-01 1.000000000000000000e+00
6.012510657310485840e-01 3.827092349529266357e-01 -2.456968575716018677e-01 1.000000000000000000e+00
6.919423341751098633e-01 2.029047161340713501e-01 -9.179732203483581543e-02 1.000000000000000000e+00
7.388428449630737305e-01 2.079672878608107567e-03 5.966537632048130035e-03 1.000000000000000000e+00
7.497646212577819824e-01 -1.954312175512313843e-01 3.235825151205062866e-02 1.000000000000000000e+00
7.137026786804199219e-01 -4.114665985107421875e-01 -2.054331451654434204e-02 1.000000000000000000e+00
6.862026453018188477e-01 -6.068522930145263672e-01 -6.789396703243255615e-02 1.000000000000000000e+00
-7.425295114517211914e-01 -2.568023502826690674e-01 -1.393095403909683228e-01 1.000000000000000000e+00
-7.491771578788757324e-01 -4.166540503501892090e-01 -3.379777073860168457e-01 1.000000000000000000e+00
-6.541302204132080078e-01 -4.649639129638671875e-01 -5.132966041564941406e-01 1.000000000000000000e+00
-5.143123269081115723e-01 -4.720008671283721924e-01 -6.208043098449707031e-01 1.000000000000000000e+00
-3.792966902256011963e-01 -4.557092189788818359e-01 -6.717073917388916016e-01 1.000000000000000000e+00
-1.870266199111938477e-01 -5.107206106185913086e-01 -7.313212156295776367e-01 1.000000000000000000e+00
-7.173670083284378052e-02 -5.971930027008056641e-01 -7.572056651115417480e-01 1.000000000000000000e+00
8.707036077976226807e-02 -6.739271879196166992e-01 -7.375037074089050293e-01 1.000000000000000000e+00
2.650997638702392578e-01 -7.037785649299621582e-01 -6.407259106636047363e-01 1.000000000000000000e+00
4.328385591506958008e-01 -5.876744985580444336e-01 -4.922980368137359619e-01 1.000000000000000000e+00
-2.409376949071884155e-01 -3.250944018363952637e-01 -7.015188932418823242e-01 1.000000000000000000e+00
-2.187668830156326294e-01 -1.870746463537216187e-01 -7.603468894958496094e-01 1.000000000000000000e+00
-2.088342308998107910e-01 -8.143655210733413696e-02 -8.195995688438415527e-01 1.000000000000000000e+00
-1.926927268505096436e-01 2.563417702913284302e-02 -8.616760373115539551e-01 1.000000000000000000e+00
-2.263494133949279785e-01 1.444542855024337769e-01 -6.275181770324707031e-01 1.000000000000000000e+00
-1.702134907245635986e-01 1.538078337907791138e-01 -6.702762246131896973e-01 1.000000000000000000e+00
-1.125103458762168884e-01 1.599062383174896240e-01 -7.053698897361755371e-01 1.000000000000000000e+00
-5.558272823691368103e-02 1.234989389777183533e-01 -7.064507603645324707e-01 1.000000000000000000e+00
1.328290556557476521e-03 8.326685428619384766e-02 -6.986322999000549316e-01 1.000000000000000000e+00
-6.301594376564025879e-01 -1.910448968410491943e-01 -3.542120456695556641e-01 1.000000000000000000e+00
-5.802128314971923828e-01 -2.433058768510818481e-01 -4.780954420566558838e-01 1.000000000000000000e+00
-4.909226894378662109e-01 -2.639395892620086670e-01 -5.112239718437194824e-01 1.000000000000000000e+00
-3.873341381549835205e-01 -2.462906241416931152e-01 -5.033646225929260254e-01 1.000000000000000000e+00
-4.604777991771697998e-01 -1.968320608139038086e-01 -4.888247847557067871e-01 1.000000000000000000e+00
-5.476659536361694336e-01 -1.676004230976104736e-01 -4.511513113975524902e-01 1.000000000000000000e+00
-5.329065490514039993e-03 -3.487363457679748535e-01 -6.244504451751708984e-01 1.000000000000000000e+00
5.571538582444190979e-02 -4.179338812828063965e-01 -6.841320991516113281e-01 1.000000000000000000e+00
1.481644511222839355e-01 -4.499507546424865723e-01 -7.052568197250366211e-01 1.000000000000000000e+00
2.731634080410003662e-01 -4.406596720218658447e-01 -6.315625309944152832e-01 1.000000000000000000e+00
1.736766397953033447e-01 -3.643157184123992920e-01 -6.727020740509033203e-01 1.000000000000000000e+00
7.803220301866531372e-02 -3.421956300735473633e-01 -6.559362411499023438e-01 1.000000000000000000e+00
-2.160151153802871704e-01 4.085553586483001709e-01 -4.976598322391510010e-01 1.000000000000000000e+00
-1.940674930810928345e-01 3.652816116809844971e-01 -6.108559966087341309e-01 1.000000000000000000e+00
-1.253022849559783936e-01 3.266509473323822021e-01 -6.900608539581298828e-01 1.000000000000000000e+00
-6.959263980388641357e-02 3.184939920902252197e-01 -7.146701812744140625e-01 1.000000000000000000e+00
-1.223059277981519699e-02 2.957222461700439453e-01 -7.255262732505798340e-01 1.000000000000000000e+00
9.803064912557601929e-02 2.850763797760009766e-01 -6.995750665664672852e-01 1.000000000000000000e+00
2.058753669261932373e-01 2.860593795776367188e-01 -6.234115958213806152e-01 1.000000000000000000e+00
1.512701362371444702e-01 3.524479269981384277e-01 -6.649174094200134277e-01 1.000000000000000000e+00
5.872145295143127441e-02 4.111300110816955566e-01 -6.916349530220031738e-01 1.000000000000000000e+00
-2.356074284762144089e-03 4.360176920890808105e-01 -6.774424314498901367e-01 1.000000000000000000e+00
-6.616938859224319458e-02 4.473478496074676514e-01 -6.525112390518188477e-01 1.000000000000000000e+00
-1.523279547691345215e-01 4.412319660186767578e-01 -5.771690011024475098e-01 1.000000000000000000e+00
-2.097016274929046631e-01 4.068982601165771484e-01 -4.972273409366607666e-01 1.000000000000000000e+00
-9.226056933403015137e-02 3.800108432769775391e-01 -6.332742571830749512e-01 1.000000000000000000e+00
-3.800582140684127808e-02 3.657387793064117432e-01 -6.554229259490966797e-01 1.000000000000000000e+00
1.917232014238834381e-02 3.495734930038452148e-01 -6.660718917846679688e-01 1.000000000000000000e+00
2.034792006015777588e-01 2.867061197757720947e-01 -6.229779720306396484e-01 1.000000000000000000e+00
3.967828303575515747e-02 3.390037715435028076e-01 -6.793375611305236816e-01 1.000000000000000000e+00
-2.224284969270229340e-02 3.586703240871429443e-01 -6.668785214424133301e-01 1.000000000000000000e+00
-8.180344104766845703e-02 3.755979835987091064e-01 -6.429061889648437500e-01 1.000000000000000000e+00
