-7.103174328804016113e-01 -1.698626130819320679e-01
-6.816040873527526855e-01 -7.634930312633514404e-03
-6.102488040924072266e-01 1.559807211160659790e-01
-5.314974188804626465e-01 3.014707565307617188e-01
-4.418535232543945312e-01 4.353929758071899414e-01
-3.243049979209899902e-01 5.647009611129760742e-01
-1.801393330097198486e-01 6.743072867393493652e-01
9.388359263539314270e-03 7.549083232879638672e-01
1.706705838441848755e-01 7.549206614494323730e-01
3.363312184810638428e-01 6.713556051254272461e-01
4.971466958522796631e-01 5.380794405937194824e-01
6.079614758491516113e-01 3.720544576644897461e-01
6.900766491889953613e-01 1.896989047527313232e-01
7.331141829490661621e-01 -7.068198639899492264e-03
7.354682087898254395e-01 -2.026736140251159668e-01
6.996317505836486816e-01 -4.121167957782745361e-01
6.716974377632141113e-01 -6.083011031150817871e-01
-7.275640368461608887e-01 -2.698813378810882568e-01
-7.316508293151855469e-01 -4.191645979881286621e-01
-6.349218487739562988e-01 -4.701125621795654297e-01
-4.990669786930084229e-01 -4.789218604564666748e-01
-3.674335181713104248e-01 -4.643621444702148438e-01
-1.870487034320831299e-01 -5.212537050247192383e-01
-7.607409358024597168e-02 -6.056979894638061523e-01
7.715261727571487427e-02 -6.748352646827697754e-01
2.554413378238677979e-01 -7.059463262557983398e-01
4.206818640232086182e-01 -6.054843664169311523e-01
-2.370865046977996826e-01 -3.430304527282714844e-01
-2.146788388490676880e-01 -2.185228317975997925e-01
-2.049531787633895874e-01 -1.212023422122001648e-01
-1.888658404350280762e-01 -2.419587597250938416e-02
-2.419608831405639648e-01 7.914047688245773315e-02
-1.763812601566314697e-01 9.047885239124298096e-02
-1.126818060874938965e-01 8.981662988662719727e-02
-5.080790072679519653e-02 5.402804538607597351e-02
1.246790867298841476e-02 6.822270806878805161e-03
-6.132165193557739258e-01 -1.908575296401977539e-01
-5.510962605476379395e-01 -2.121718823909759521e-01
-4.731351137161254883e-01 -2.368009239435195923e-01
-3.787121474742889404e-01 -2.537336051464080811e-01
-4.584029614925384521e-01 -2.110553681850433350e-01
-5.401530861854553223e-01 -1.809948980808258057e-01
-8.259398862719535828e-03 -3.572502434253692627e-01
6.787349283695220947e-02 -3.892554640769958496e-01
1.498260945081710815e-01 -4.118594229221343994e-01
2.627965807914733887e-01 -4.420656859874725342e-01
1.641089171171188354e-01 -3.809831738471984863e-01
7.494267076253890991e-02 -3.612069189548492432e-01
-2.173686772584915161e-01 3.455106616020202637e-01
-2.118104845285415649e-01 2.715170383453369141e-01
-1.326551735401153564e-01 2.293002009391784668e-01
-6.955200433731079102e-02 2.175811678171157837e-01
-4.435179755091667175e-03 1.919951438903808594e-01
1.247928887605667114e-01 1.756729036569595337e-01
2.566392123699188232e-01 2.132529765367507935e-01
2.129237353801727295e-01 3.423577845096588135e-01
1.146606951951980591e-01 4.152052998542785645e-01
4.389232769608497620e-02 4.448154270648956299e-01
-3.094414062798023224e-02 4.532643556594848633e-01
-1.342934370040893555e-01 4.357317388057708740e-01
-2.094585746526718140e-01 3.464451730251312256e-01
-9.790720790624618530e-02 2.663229703903198242e-01
-3.834226354956626892e-02 2.465138733386993408e-01
2.584484219551086426e-02 2.304960936307907104e-01
2.542394101619720459e-01 2.130748480558395386e-01
1.003568395972251892e-01 3.415265381336212158e-01
3.273653984069824219e-02 3.628774881362915039e-01
-3.678239881992340088e-02 3.780218064785003662e-01
