-6.997741460800170898e-01 -2.162233889102935791e-01 3.999569416046142578e-01 1.000000000000000000e+00
-6.124335527420043945e-01 -4.170349240303039551e-02 4.272130131721496582e-01 0.000000000000000000e+00
-5.138477087020874023e-01 1.550030261278152466e-01 4.448047578334808350e-01 0.000000000000000000e+00
-4.278486371040344238e-01 3.276758790016174316e-01 3.834458589553833008e-01 0.000000000000000000e+00
-3.462988436222076416e-01 4.882802069187164307e-01 2.545148730278015137e-01 0.000000000000000000e+00
-2.606053948402404785e-01 6.185884475708007812e-01 6.672872602939605713e-02 0.000000000000000000e+00
-1.272921264171600342e-01 7.086403369903564453e-01 -7.632014155387878418e-02 1.000000000000000000e+00
2.118995413184165955e-02 7.562087178230285645e-01 -2.430581301450729370e-01 1.000000000000000000e+00
1.969087123870849609e-01 7.520225644111633301e-01 -2.941244840621948242e-01 1.000000000000000000e+00
3.360016345977783203e-01 6.720677018165588379e-01 -3.143733441829681396e-01 1.000000000000000000e+00
4.960218667984008789e-01 5.390971899032592773e-01 -2.314734905958175659e-01 1.000000000000000000e+00
6.074751615524291992e-01 3.753701150417327881e-01 -1.622535139322280884e-01 1.000000000000000000e+00
6.904292702674865723e-01 1.938891410827636719e-01 -3.274101763963699341e-02 1.000000000000000000e+00
7.336416840553283691e-01 -1.878436189144849777e-03 5.211817100644111633e-02 1.000000000000000000e+00
7.391761541366577148e-01 -1.976023465394973755e-01 7.682868838310241699e-02 1.000000000000000000e+00
7.020128369331359863e-01 -4.134306907653808594e-01 2.869388833642005920e-02 1.000000000000000000e+00
6.744608879089355469e-01 -6.067654490470886230e-01 -1.313699595630168915e-02 1.000000000000000000e+00
-7.275640368461608887e-01 -2.698813378810882568e-01 -9.018611162900924683e-02 1.000000000000000000e+00
-7.316508293151855469e-01 -4.191645979881286621e-01 -2.792075574398040771e-01 1.000000000000000000e+00
-6.349218487739562988e-01 -4.701125621795654297e-01 -4.483617246150970459e-01 1.000000000000000000e+00
-4.990669786930084229e-01 -4.789218604564666748e-01 -5.513141155242919922e-01 1.000000000000000000e+00
-3.674335181713104248e-01 -4.643621444702148438e-01 -6.009430289268493652e-01 1.000000000000000000e+00
-1.870487034320831299e-01 -5.212537050247192383e-01 -6.558646559715270996e-01 1.000000000000000000e+00
-7.607409358024597168e-02 -6.056979894638061523e-01 -6.792084574699401855e-01 1.000000000000000000e+00
7.715261727571487427e-02 -6.748352646827697754e-01 -6.635704636573791504e-01 1.000000000000000000e+00
2.554413378238677979e-01 -7.059463262557983398e-01 -5.718989372253417969e-01 1.000000000000000000e+00
4.206818640232086182e-01 -6.054843664169311523e-01 -4.300995469093322754e-01 1.000000000000000000e+00
-2.370865046977996826e-01 -3.430304527282714844e-01 -6.308006048202514648e-01 1.000000000000000000e+00
-2.146788388490676880e-01 -2.185228317975997925e-01 -6.852237582206726074e-01 1.000000000000000000e+00
-2.049531787633895874e-01 -1.212023422122001648e-01 -7.465411424636840820e-01 1.000000000000000000e+00
-1.888658404350280762e-01 -2.419587597250938416e-02 -7.889190316200256348e-01 1.000000000000000000e+00
-2.419608831405639648e-01 7.914047688245773315e-02 -5.603429079055786133e-01 1.000000000000000000e+00
-1.763812601566314697e-01 9.047885239124298096e-02 -6.023350954055786133e-01 1.000000000000000000e+00
-1.126818060874938965e-01 8.981662988662719727e-02 -6.342515349388122559e-01 1.000000000000000000e+00
-5.080790072679519653e-02 5.402804538607597351e-02 -6.405596137046813965e-01 1.000000000000000000e+00
1.246790867298841476e-02 6.822270806878805161e-03 -6.382932662963867188e-01 1.000000000000000000e+00
-6.132165193557739258e-01 -1.908575296401977539e-01 -3.092764914035797119e-01 1.000000000000000000e+00
-5.510962605476379395e-01 -2.121718823909759521e-01 -4.262575209140777588e-01 1.000000000000000000e+00
-4.731351137161254883e-01 -2.368009239435195923e-01 -4.527800083160400391e-01 1.000000000000000000e+00
-3.787121474742889404e-01 -2.537336051464080811e-01 -4.520302712917327881e-01 1.000000000000000000e+00
-4.584029614925384521e-01 -2.110553681850433350e-01 -4.417325854301452637e-01 1.000000000000000000e+00
-5.401530861854553223e-01 -1.809948980808258057e-01 -4.073080718517303467e-01 1.000000000000000000e+00
-8.259398862719535828e-03 -3.572502434253692627e-01 -5.676323175430297852e-01 1.000000000000000000e+00
6.787349283695220947e-02 -3.892554640769958496e-01 -6.191051006317138672e-01 1.000000000000000000e+00
1.498260945081710815e-01 -4.118594229221343994e-01 -6.392540931701660156e-01 1.000000000000000000e+00
2.627965807914733887e-01 -4.420656859874725342e-01 -5.769202113151550293e-01 1.000000000000000000e+00
1.641089171171188354e-01 -3.809831738471984863e-01 -6.230103373527526855e-01 1.000000000000000000e+00
7.494267076253890991e-02 -3.612069189548492432e-01 -6.047313809394836426e-01 1.000000000000000000e+00
-2.173686772584915161e-01 3.455106616020202637e-01 -3.668064475059509277e-01 1.000000000000000000e+00
-2.118104845285415649e-01 2.715170383453369141e-01 -5.005304813385009766e-01 1.000000000000000000e+00
-1.326551735401153564e-01 2.293002009391784668e-01 -5.997260808944702148e-01 1.000000000000000000e+00
-6.955200433731079102e-02 2.175811678171157837e-01 -6.269133090972900391e-01 1.000000000000000000e+00
-4.435179755091667175e-03 1.919951438903808594e-01 -6.375789642333984375e-01 1.000000000000000000e+00
1.247928887605667114e-01 1.756729036569595337e-01 -5.968514084815979004e-01 1.000000000000000000e+00
2.566392123699188232e-01 2.132529765367507935e-01 -4.888558983802795410e-01 1.000000000000000000e+00
2.129237353801727295e-01 3.423577845096588135e-01 -5.334201455116271973e-01 1.000000000000000000e+00
1.146606951951980591e-01 4.152052998542785645e-01 -5.750362277030944824e-01 1.000000000000000000e+00
4.389232769608497620e-02 4.448154270648956299e-01 -5.637491941452026367e-01 1.000000000000000000e+00
-3.094414062798023224e-02 4.532643556594848633e-01 -5.384953618049621582e-01 1.000000000000000000e+00
-1.342934370040893555e-01 4.357317388057708740e-01 -4.546806812286376953e-01 1.000000000000000000e+00
-2.094585746526718140e-01 3.464451730251312256e-01 -3.636283576488494873e-01 1.000000000000000000e+00
-9.790720790624618530e-02 2.663229703903198242e-01 -5.261420011520385742e-01 0.000000000000000000e+00
-3.834226354956626892e-02 2.465138733386993408e-01 -5.493254661560058594e-01 1.000000000000000000e+00
2.584484219551086426e-02 2.304960936307907104e-01 -5.629318952560424805e-01 0.000000000000000000e+00
2.542394101619720459e-01 2.130748480558395386e-01 -4.888467192649841309e-01 1.000000000000000000e+00
1.003568395972251892e-01 3.415265381336212158e-01 -5.349974036216735840e-01 1.000000000000000000e+00
3.273653984069824219e-02 3.628774881362915039e-01 -5.279144644737243652e-01 1.000000000000000000e+00
-3.678239881992340088e-02 3.780218064785003662e-01 -5.025677084922790527e-01 1.000000000000000000e+00
