-7.009937167167663574e-01 -4.542801380157470703e-01
-7.242789864540100098e-01 -2.922176718711853027e-01
-7.140402197837829590e-01 -1.155076175928115845e-01
-6.810225844383239746e-01 4.792878031730651855e-02
-6.359186768531799316e-01 2.028667479753494263e-01
-5.635903477668762207e-01 3.684709370136260986e-01
-4.696218073368072510e-01 5.360035300254821777e-01
-3.258968889713287354e-01 6.971538662910461426e-01
-1.736511439085006714e-01 7.529907226562500000e-01
1.603068597614765167e-02 7.162186503410339355e-01
2.150345891714096069e-01 6.220800876617431641e-01
3.708321154117584229e-01 4.812083244323730469e-01
5.144850015640258789e-01 3.222543597221374512e-01
6.182668805122375488e-01 1.440041512250900269e-01
6.861302256584167480e-01 -3.745239973068237305e-02
7.151234149932861328e-01 -2.540434002876281738e-01
7.427771687507629395e-01 -4.458907544612884521e-01
-6.904821395874023438e-01 -5.566485524177551270e-01
-6.599891185760498047e-01 -6.989373564720153809e-01
-5.596034526824951172e-01 -7.213330864906311035e-01
-4.321917891502380371e-01 -6.938257217407226562e-01
-3.123421370983123779e-01 -6.420240998268127441e-01
-1.301325410604476929e-01 -6.404401063919067383e-01
-8.500799594912678003e-05 -6.851809620857238770e-01
1.659320890903472900e-01 -6.999663114547729492e-01
3.504645526409149170e-01 -6.717360615730285645e-01
4.806139767169952393e-01 -5.269151329994201660e-01
-2.288894951343536377e-01 -4.907800555229187012e-01
-2.522531747817993164e-01 -3.655895292758941650e-01
-2.780226171016693115e-01 -2.615001201629638672e-01
-2.957589924335479736e-01 -1.570229828357696533e-01
-3.650522530078887939e-01 -7.207714766263961792e-02
-3.083546459674835205e-01 -4.423403739929199219e-02
-2.480240017175674438e-01 -2.771486528217792511e-02
-1.779264211654663086e-01 -4.007417708635330200e-02
-1.031337752938270569e-01 -6.277127563953399658e-02
-6.121523380279541016e-01 -4.742850959300994873e-01
-5.529948472976684570e-01 -5.109551548957824707e-01
-4.655048549175262451e-01 -5.039213299751281738e-01
-3.720923960208892822e-01 -4.574280381202697754e-01
-4.598988294601440430e-01 -4.340697228908538818e-01
-5.435554981231689453e-01 -4.315881729125976562e-01
-8.524601347744464874e-03 -4.436964690685272217e-01
6.813009828329086304e-02 -4.880999624729156494e-01
1.612663865089416504e-01 -4.917606115341186523e-01
2.793330252170562744e-01 -4.463056921958923340e-01
1.579643487930297852e-01 -4.065944552421569824e-01
6.928915530443191528e-02 -4.136135280132293701e-01
-4.186665415763854980e-01 2.202404439449310303e-01
-3.965673148632049561e-01 1.268981546163558960e-01
-3.125723302364349365e-01 1.012692451477050781e-01
-2.491262853145599365e-01 1.065709739923477173e-01
-1.796781420707702637e-01 1.061484217643737793e-01
-4.910457506775856018e-02 1.418537050485610962e-01
6.735581904649734497e-02 2.449680566787719727e-01
-2.111778967082500458e-02 3.738354444503784180e-01
-1.403446048498153687e-01 4.197146296501159668e-01
-2.177454680204391479e-01 4.268389642238616943e-01
-2.908801138401031494e-01 4.102248847484588623e-01
-3.774008750915527344e-01 3.532545566558837891e-01
-4.112992584705352783e-01 2.245965451002120972e-01
-2.835578322410583496e-01 1.496919691562652588e-01
-2.234433740377426147e-01 1.465216875076293945e-01
-1.583624631166458130e-01 1.550717800855636597e-01
6.528168171644210815e-02 2.437849491834640503e-01
-1.300233751535415649e-01 3.498009443283081055e-01
-1.995021253824234009e-01 3.506431281566619873e-01
-2.667947709560394287e-01 3.407444059848785400e-01
