-6.622897982597351074e-01 -4.921050965785980225e-01 4.349748492240905762e-01 0.000000000000000000e+00
-6.324760317802429199e-01 -3.007529377937316895e-01 4.634361565113067627e-01 0.000000000000000000e+00
-5.964934825897216797e-01 -8.495347201824188232e-02 4.819244742393493652e-01 0.000000000000000000e+00
-5.731262564659118652e-01 1.022777929902076721e-01 4.232050776481628418e-01 0.000000000000000000e+00
-5.518440604209899902e-01 2.819261848926544189e-01 3.026915788650512695e-01 0.000000000000000000e+00
-5.190416574478149414e-01 4.413641393184661865e-01 1.258356422185897827e-01 0.000000000000000000e+00
-4.320009946823120117e-01 5.882403850555419922e-01 -3.388106357306241989e-03 1.000000000000000000e+00
-3.135899603366851807e-01 6.992046833038330078e-01 -1.557175070047378540e-01 1.000000000000000000e+00
-1.436050236225128174e-01 7.546066045761108398e-01 -2.138454616069793701e-01 1.000000000000000000e+00
1.603068597614765167e-02 7.162186503410339355e-01 -2.504539787769317627e-01 1.000000000000000000e+00
2.150345891714096069e-01 6.220800876617431641e-01 -2.005371451377868652e-01 1.000000000000000000e+00
3.708321154117584229e-01 4.812083244323730469e-01 -1.548190712928771973e-01 1.000000000000000000e+00
5.144850015640258789e-01 3.222543597221374512e-01 -4.501779749989509583e-02 1.000000000000000000e+00
6.182668805122375488e-01 1.440041512250900269e-01 2.832284942269325256e-02 1.000000000000000000e+00
6.861302256584167480e-01 -3.745239973068237305e-02 4.784921929240226746e-02 1.000000000000000000e+00
7.151234149932861328e-01 -2.540434002876281738e-01 -3.946992103010416031e-03 1.000000000000000000e+00
7.427771687507629395e-01 -4.458907544612884521e-01 -4.831895604729652405e-02 1.000000000000000000e+00
-6.904821395874023438e-01 -5.566485524177551270e-01 -4.795465990900993347e-02 1.000000000000000000e+00
-6.599891185760498047e-01 -6.989373564720153809e-01 -2.365880906581878662e-01 1.000000000000000000e+00
-5.596034526824951172e-01 -7.213330864906311035e-01 -4.102679491043090820e-01 1.000000000000000000e+00
-4.321917891502380371e-01 -6.938257217407226562e-01 -5.165341496467590332e-01 1.000000000000000000e+00
-3.123421370983123779e-01 -6.420240998268127441e-01 -5.702961683273315430e-01 1.000000000000000000e+00
-1.301325410604476929e-01 -6.404401063919067383e-01 -6.342082023620605469e-01 1.000000000000000000e+00
-8.500799594912678003e-05 -6.851809620857238770e-01 -6.679764986038208008e-01 1.000000000000000000e+00
1.659320890903472900e-01 -6.999663114547729492e-01 -6.607657670974731445e-01 1.000000000000000000e+00
3.504645526409149170e-01 -6.717360615730285645e-01 -5.779792070388793945e-01 1.000000000000000000e+00
4.806139767169952393e-01 -5.269151329994201660e-01 -4.432354867458343506e-01 1.000000000000000000e+00
-2.288894951343536377e-01 -4.907800555229187012e-01 -6.076128482818603516e-01 1.000000000000000000e+00
-2.522531747817993164e-01 -3.655895292758941650e-01 -6.685529947280883789e-01 1.000000000000000000e+00
-2.780226171016693115e-01 -2.615001201629638672e-01 -7.319571375846862793e-01 1.000000000000000000e+00
-2.957589924335479736e-01 -1.570229828357696533e-01 -7.760899662971496582e-01 1.000000000000000000e+00
-3.650522530078887939e-01 -7.207714766263961792e-02 -5.334693789482116699e-01 1.000000000000000000e+00
-3.083546459674835205e-01 -4.423403739929199219e-02 -5.794941186904907227e-01 1.000000000000000000e+00
-2.480240017175674438e-01 -2.771486528217792511e-02 -6.152888536453247070e-01 1.000000000000000000e+00
-1.779264211654663086e-01 -4.007417708635330200e-02 -6.242487430572509766e-01 1.000000000000000000e+00
-1.031337752938270569e-01 -6.277127563953399658e-02 -6.239712834358215332e-01 1.000000000000000000e+00
-6.121523380279541016e-01 -4.742850959300994873e-01 -2.591209709644317627e-01 1.000000000000000000e+00
-5.529948472976684570e-01 -5.109551548957824707e-01 -3.802315890789031982e-01 1.000000000000000000e+00
-4.655048549175262451e-01 -5.039213299751281738e-01 -4.155333936214447021e-01 1.000000000000000000e+00
-3.720923960208892822e-01 -4.574280381202697754e-01 -4.144172966480255127e-01 1.000000000000000000e+00
-4.598988294601440430e-01 -4.340697228908538818e-01 -3.995798528194427490e-01 1.000000000000000000e+00
-5.435554981231689453e-01 -4.315881729125976562e-01 -3.611486256122589111e-01 1.000000000000000000e+00
-8.524601347744464874e-03 -4.436964690685272217e-01 -5.442504882812500000e-01 1.000000000000000000e+00
6.813009828329086304e-02 -4.880999624729156494e-01 -6.034556627273559570e-01 1.000000000000000000e+00
1.612663865089416504e-01 -4.917606115341186523e-01 -6.292960047721862793e-01 1.000000000000000000e+00
2.793330252170562744e-01 -4.463056921958923340e-01 -5.681765675544738770e-01 1.000000000000000000e+00
1.579643487930297852e-01 -4.065944552421569824e-01 -6.060250997543334961e-01 1.000000000000000000e+00
6.928915530443191528e-02 -4.136135280132293701e-01 -5.846457481384277344e-01 1.000000000000000000e+00
-4.186665415763854980e-01 2.202404439449310303e-01 -3.028902411460876465e-01 1.000000000000000000e+00
-3.965673148632049561e-01 1.268981546163558960e-01 -4.676705598831176758e-01 1.000000000000000000e+00
-3.125723302364349365e-01 1.012692451477050781e-01 -5.799190998077392578e-01 1.000000000000000000e+00
-2.491262853145599365e-01 1.065709739923477173e-01 -6.109314560890197754e-01 1.000000000000000000e+00
-1.796781420707702637e-01 1.061484217643737793e-01 -6.250812411308288574e-01 1.000000000000000000e+00
-4.910457506775856018e-02 1.418537050485610962e-01 -5.845539569854736328e-01 1.000000000000000000e+00
6.735581904649734497e-02 2.449680566787719727e-01 -4.581514894962310791e-01 1.000000000000000000e+00
-2.111778967082500458e-02 3.738354444503784180e-01 -4.857491254806518555e-01 1.000000000000000000e+00
-1.403446048498153687e-01 4.197146296501159668e-01 -5.115222334861755371e-01 1.000000000000000000e+00
-2.177454680204391479e-01 4.268389642238616943e-01 -4.948377609252929688e-01 1.000000000000000000e+00
-2.908801138401031494e-01 4.102248847484588623e-01 -4.656792283058166504e-01 1.000000000000000000e+00
-3.774008750915527344e-01 3.532545566558837891e-01 -3.797034919261932373e-01 1.000000000000000000e+00
-4.112992584705352783e-01 2.245965451002120972e-01 -2.979690730571746826e-01 1.000000000000000000e+00
-2.835578322410583496e-01 1.496919691562652588e-01 -4.999056756496429443e-01 1.000000000000000000e+00
-2.234433740377426147e-01 1.465216875076293945e-01 -5.282620191574096680e-01 1.000000000000000000e+00
-1.583624631166458130e-01 1.550717800855636597e-01 -5.424228906631469727e-01 0.000000000000000000e+00
6.528168171644210815e-02 2.437849491834640503e-01 -4.576895534992218018e-01 1.000000000000000000e+00
-1.300233751535415649e-01 3.498009443283081055e-01 -4.684615731239318848e-01 1.000000000000000000e+00
-1.995021253824234009e-01 3.506431281566619873e-01 -4.547614753246307373e-01 1.000000000000000000e+00
-2.667947709560394287e-01 3.407444059848785400e-01 -4.269441366195678711e-01 1.000000000000000000e+00
