-7.102783918380737305e-01 -2.106923758983612061e-01
-6.879923939704895020e-01 -4.907455295324325562e-02
-6.231918931007385254e-01 1.159411594271659851e-01
-5.490649938583374023e-01 2.640915513038635254e-01
-4.656143188476562500e-01 4.016836881637573242e-01
-3.525494337081909180e-01 5.354341268539428711e-01
-2.143222540616989136e-01 6.536313295364379883e-01
-2.977805957198143005e-02 7.458725571632385254e-01
1.314784586429595947e-01 7.529796361923217773e-01
3.021547198295593262e-01 6.752644181251525879e-01
4.704439640045166016e-01 5.457577109336853027e-01
5.889127850532531738e-01 3.814192414283752441e-01
6.805393695831298828e-01 1.990618407726287842e-01
7.327168583869934082e-01 2.728941617533564568e-03
7.422801256179809570e-01 -1.924832463264465332e-01
7.116717100143432617e-01 -4.058822393417358398e-01
6.884317398071289062e-01 -6.012713909149169922e-01
-7.250297069549560547e-01 -3.107146620750427246e-01
-7.252697348594665527e-01 -4.561715722084045410e-01
-6.283742189407348633e-01 -5.023606419563293457e-01
-4.940935075283050537e-01 -5.069311857223510742e-01
-3.644948601722717285e-01 -4.891955554485321045e-01
-1.852815300226211548e-01 -5.388855934143066406e-01
-7.228799164295196533e-02 -6.175453662872314453e-01
8.317791670560836792e-02 -6.800719499588012695e-01
2.642114758491516113e-01 -7.060390114784240723e-01
4.287057816982269287e-01 -6.034763455390930176e-01
-2.409572750329971313e-01 -3.650605976581573486e-01
-2.245169728994369507e-01 -2.396651357412338257e-01
-2.191746234893798828e-01 -1.404282301664352417e-01
-2.070166468620300293e-01 -4.134943336248397827e-02
-2.598533034324645996e-01 5.810680612921714783e-02
-1.951694488525390625e-01 7.214631140232086182e-02
-1.315707117319107056e-01 7.402906566858291626e-02
-6.831845641136169434e-02 4.027602449059486389e-02
-3.070838749408721924e-03 -4.884415306150913239e-03
-6.162586808204650879e-01 -2.279530465602874756e-01
-5.550794601440429688e-01 -2.455995529890060425e-01
-4.765252470970153809e-01 -2.675592005252838135e-01
-3.813452720642089844e-01 -2.821114063262939453e-01
-4.626774489879608154e-01 -2.419447153806686401e-01
-5.446984767913818359e-01 -2.151104360818862915e-01
-1.169696450233459473e-02 -3.717710077762603760e-01
6.484001129865646362e-02 -3.999061584472656250e-01
1.473356783390045166e-01 -4.191661179065704346e-01
2.621076107025146484e-01 -4.464586079120635986e-01
1.604032665491104126e-01 -3.886008858680725098e-01
7.120955735445022583e-02 -3.721484243869781494e-01
-2.411921322345733643e-01 3.251991868019104004e-01
-2.339051067829132080e-01 2.526549994945526123e-01
-1.544634997844696045e-01 2.142326384782791138e-01
-9.117306768894195557e-02 2.048704177141189575e-01
-2.515113539993762970e-02 1.817295998334884644e-01
1.062083020806312561e-01 1.694637387990951538e-01
2.399664968252182007e-01 2.115841358900070190e-01
1.897603422403335571e-01 3.413007259368896484e-01
8.756295591592788696e-02 4.108080863952636719e-01
1.539930608123540878e-02 4.373660385608673096e-01
-5.969126895070075989e-02 4.426699280738830566e-01
-1.617632210254669189e-01 4.204448461532592773e-01
-2.332773059606552124e-01 3.264127671718597412e-01
-1.196951940655708313e-01 2.515706121921539307e-01
-5.941976234316825867e-02 2.338961809873580933e-01
5.704680923372507095e-03 2.204623520374298096e-01
2.375779002904891968e-01 2.113112658262252808e-01
7.721540331840515137e-02 3.369049131870269775e-01
8.515875786542892456e-03 3.554237484931945801e-01
-6.185539439320564270e-02 3.675100803375244141e-01
