-6.937970519065856934e-01 -2.611010968685150146e-01 4.043699502944946289e-01 0.000000000000000000e+00
-6.124712228775024414e-01 -8.395639806985855103e-02 4.331205189228057861e-01 0.000000000000000000e+00
-5.211609601974487305e-01 1.161554306745529175e-01 4.520590007305145264e-01 0.000000000000000000e+00
-4.440453052520751953e-01 2.922927439212799072e-01 3.922533690929412842e-01 0.000000000000000000e+00
-3.695210516452789307e-01 4.565412104129791260e-01 2.639755010604858398e-01 0.000000000000000000e+00
-2.908007800579071045e-01 5.926200747489929199e-01 7.639210671186447144e-02 0.000000000000000000e+00
-1.628455370664596558e-01 6.910657882690429688e-01 -6.728997826576232910e-02 1.000000000000000000e+00
-1.756033301353454590e-02 7.470812797546386719e-01 -2.347964942455291748e-01 1.000000000000000000e+00
1.587039828300476074e-01 7.502976655960083008e-01 -2.882286310195922852e-01 1.000000000000000000e+00
3.018844425678253174e-01 6.756797432899475098e-01 -3.113201856613159180e-01 1.000000000000000000e+00
4.697686433792114258e-01 5.462473630905151367e-01 -2.333502620458602905e-01 1.000000000000000000e+00
5.886412858963012695e-01 3.832250237464904785e-01 -1.680777072906494141e-01 1.000000000000000000e+00
6.807649731636047363e-01 2.012884616851806641e-01 -4.270849749445915222e-02 1.000000000000000000e+00
7.328627109527587891e-01 5.584758240729570389e-03 3.884654119610786438e-02 1.000000000000000000e+00
7.442276477813720703e-01 -1.896691173315048218e-01 6.122811883687973022e-02 1.000000000000000000e+00
7.129927277565002441e-01 -4.066216349601745605e-01 1.052499748766422272e-02 1.000000000000000000e+00
6.898218393325805664e-01 -6.003031730651855469e-01 -3.366017341613769531e-02 1.000000000000000000e+00
-7.250297069549560547e-01 -3.107146620750427246e-01 -8.589851111173629761e-02 1.000000000000000000e+00
-7.252697348594665527e-01 -4.561715722084045410e-01 -2.761372625827789307e-01 1.000000000000000000e+00
-6.283742189407348633e-01 -5.023606419563293457e-01 -4.463626146316528320e-01 1.000000000000000000e+00
-4.940935075283050537e-01 -5.069311857223510742e-01 -5.504168272018432617e-01 1.000000000000000000e+00
-3.644948601722717285e-01 -4.891955554485321045e-01 -6.010798811912536621e-01 1.000000000000000000e+00
-1.852815300226211548e-01 -5.388855934143066406e-01 -6.587374210357666016e-01 1.000000000000000000e+00
-7.228799164295196533e-02 -6.175453662872314453e-01 -6.852031946182250977e-01 1.000000000000000000e+00
8.317791670560836792e-02 -6.800719499588012695e-01 -6.734000444412231445e-01 1.000000000000000000e+00
2.642114758491516113e-01 -7.060390114784240723e-01 -5.859325528144836426e-01 1.000000000000000000e+00
4.287057816982269287e-01 -6.034763455390930176e-01 -4.464655518531799316e-01 1.000000000000000000e+00
-2.409572750329971313e-01 -3.650605976581573486e-01 -6.333345770835876465e-01 1.000000000000000000e+00
-2.245169728994369507e-01 -2.396651357412338257e-01 -6.890746355056762695e-01 1.000000000000000000e+00
-2.191746234893798828e-01 -1.404282301664352417e-01 -7.505384087562561035e-01 1.000000000000000000e+00
-2.070166468620300293e-01 -4.134943336248397827e-02 -7.928807735443115234e-01 1.000000000000000000e+00
-2.598533034324645996e-01 5.810680612921714783e-02 -5.593827366828918457e-01 1.000000000000000000e+00
-1.951694488525390625e-01 7.214631140232086182e-02 -6.027709841728210449e-01 1.000000000000000000e+00
-1.315707117319107056e-01 7.402906566858291626e-02 -6.357681155204772949e-01 1.000000000000000000e+00
-6.831845641136169434e-02 4.027602449059486389e-02 -6.435893774032592773e-01 1.000000000000000000e+00
-3.070838749408721924e-03 -4.884415306150913239e-03 -6.423467993736267090e-01 1.000000000000000000e+00
-6.162586808204650879e-01 -2.279530465602874756e-01 -3.053922057151794434e-01 1.000000000000000000e+00
-5.550794601440429688e-01 -2.455995529890060425e-01 -4.235646426677703857e-01 1.000000000000000000e+00
-4.765252470970153809e-01 -2.675592005252838135e-01 -4.512200653553009033e-01 1.000000000000000000e+00
-3.813452720642089844e-01 -2.821114063262939453e-01 -4.514925479888916016e-01 1.000000000000000000e+00
-4.626774489879608154e-01 -2.419447153806686401e-01 -4.400324225425720215e-01 1.000000000000000000e+00
-5.446984767913818359e-01 -2.151104360818862915e-01 -4.042088985443115234e-01 1.000000000000000000e+00
-1.169696450233459473e-02 -3.717710077762603760e-01 -5.728903412818908691e-01 1.000000000000000000e+00
6.484001129865646362e-02 -3.999061584472656250e-01 -6.264917254447937012e-01 1.000000000000000000e+00
1.473356783390045166e-01 -4.191661179065704346e-01 -6.485738754272460938e-01 1.000000000000000000e+00
2.621076107025146484e-01 -4.464586079120635986e-01 -5.881335139274597168e-01 1.000000000000000000e+00
1.604032665491104126e-01 -3.886008858680725098e-01 -6.316010355949401855e-01 1.000000000000000000e+00
7.120955735445022583e-02 -3.721484243869781494e-01 -6.117092967033386230e-01 1.000000000000000000e+00
-2.411921322345733643e-01 3.251991868019104004e-01 -3.571606874465942383e-01 1.000000000000000000e+00
-2.339051067829132080e-01 2.526549994945526123e-01 -4.943286180496215820e-01 1.000000000000000000e+00
-1.544634997844696045e-01 2.142326384782791138e-01 -5.964432954788208008e-01 1.000000000000000000e+00
-9.117306768894195557e-02 2.048704177141189575e-01 -6.247308850288391113e-01 1.000000000000000000e+00
-2.515113539993762970e-02 1.817295998334884644e-01 -6.368052363395690918e-01 1.000000000000000000e+00
1.062083020806312561e-01 1.694637387990951538e-01 -5.970177054405212402e-01 1.000000000000000000e+00
2.399664968252182007e-01 2.115841358900070190e-01 -4.878766834735870361e-01 1.000000000000000000e+00
1.897603422403335571e-01 3.413007259368896484e-01 -5.292121171951293945e-01 1.000000000000000000e+00
8.756295591592788696e-02 4.108080863952636719e-01 -5.686322450637817383e-01 1.000000000000000000e+00
1.539930608123540878e-02 4.373660385608673096e-01 -5.563883185386657715e-01 1.000000000000000000e+00
-5.969126895070075989e-02 4.426699280738830566e-01 -5.300891399383544922e-01 1.000000000000000000e+00
-1.617632210254669189e-01 4.204448461532592773e-01 -4.450153708457946777e-01 1.000000000000000000e+00
-2.332773059606552124e-01 3.264127671718597412e-01 -3.539575040340423584e-01 1.000000000000000000e+00
-1.196951940655708313e-01 2.515706121921539307e-01 -5.214763879776000977e-01 0.000000000000000000e+00
-5.941976234316825867e-02 2.338961809873580933e-01 -5.461838245391845703e-01 1.000000000000000000e+00
5.704680923372507095e-03 2.204623520374298096e-01 -5.607227087020874023e-01 0.000000000000000000e+00
2.375779002904891968e-01 2.113112658262252808e-01 -4.878154695034027100e-01 1.000000000000000000e+00
7.721540331840515137e-02 3.369049131870269775e-01 -5.289661884307861328e-01 1.000000000000000000e+00
8.515875786542892456e-03 3.554237484931945801e-01 -5.209390521049499512e-01 1.000000000000000000e+00
-6.185539439320564270e-02 3.675100803375244141e-01 -4.944473505020141602e-01 1.000000000000000000e+00
