-7.257806658744812012e-01 -1.552017480134963989e-01
-6.917570233345031738e-01 2.100135944783687592e-02
-6.118712425231933594e-01 1.842526942491531372e-01
-5.307697653770446777e-01 3.233152329921722412e-01
-4.441483020782470703e-01 4.618797302246093750e-01
-3.368340432643890381e-01 5.911027789115905762e-01
-1.973663717508316040e-01 6.807482242584228516e-01
-2.330075018107891083e-02 7.418948411941528320e-01
1.350106745958328247e-01 7.277735471725463867e-01
3.052120208740234375e-01 6.487284302711486816e-01
4.706929922103881836e-01 5.297340154647827148e-01
5.956001281738281250e-01 3.853952288627624512e-01
6.876323223114013672e-01 2.054028809070587158e-01
7.365465760231018066e-01 2.302704611793160439e-03
7.446888089179992676e-01 -1.958811283111572266e-01
7.116676568984985352e-01 -4.049510061740875244e-01
6.856818795204162598e-01 -6.029174923896789551e-01
-7.471813559532165527e-01 -2.582887113094329834e-01
-7.532778382301330566e-01 -4.172920584678649902e-01
-6.584169268608093262e-01 -4.645672440528869629e-01
-5.183241963386535645e-01 -4.704577028751373291e-01
-3.833898901939392090e-01 -4.538016915321350098e-01
-1.904277503490447998e-01 -5.076169967651367188e-01
-7.427304983139038086e-02 -5.932331681251525879e-01
8.556557446718215942e-02 -6.693576574325561523e-01
2.644717395305633545e-01 -6.983437538146972656e-01
4.324809312820434570e-01 -5.818221569061279297e-01
-2.459708750247955322e-01 -3.229272365570068359e-01
-2.245067805051803589e-01 -1.840698271989822388e-01
-2.152604907751083374e-01 -7.775064557790756226e-02
-1.998581886291503906e-01 3.006177581846714020e-02
-2.311600893735885620e-01 1.494773626327514648e-01
-1.761300563812255859e-01 1.590574979782104492e-01
-1.192381903529167175e-01 1.659591346979141235e-01
-6.266849488019943237e-02 1.300527453422546387e-01
-6.289304234087467194e-03 9.084180742502212524e-02
-6.362020969390869141e-01 -1.925698369741439819e-01
-5.864408016204833984e-01 -2.449470907449722290e-01
-4.967879056930541992e-01 -2.647716999053955078e-01
-3.931506574153900146e-01 -2.456678748130798340e-01
-4.662456214427947998e-01 -1.966166943311691284e-01
-5.537354946136474609e-01 -1.679455339908599854e-01
-8.665456436574459076e-03 -3.459469676017761230e-01
5.198259651660919189e-02 -4.161006808280944824e-01
1.449880748987197876e-01 -4.479399323463439941e-01
2.708720266819000244e-01 -4.367039501667022705e-01
1.705968528985977173e-01 -3.600945472717285156e-01
7.452701032161712646e-02 -3.384795784950256348e-01
-2.221339493989944458e-01 4.117612242698669434e-01
-1.993898153305053711e-01 3.713729679584503174e-01
-1.319515109062194824e-01 3.339229822158813477e-01
-7.700113207101821899e-02 3.263389468193054199e-01
-2.024163119494915009e-02 3.043111860752105713e-01
8.826832473278045654e-02 2.946021556854248047e-01
1.944191306829452515e-01 2.935595512390136719e-01
1.395912468433380127e-01 3.568454682826995850e-01
4.785222560167312622e-02 4.148311316967010498e-01
-1.252648234367370605e-02 4.391653537750244141e-01
-7.557027786970138550e-02 4.500419795513153076e-01
-1.601656824350357056e-01 4.427653253078460693e-01
-2.159331291913986206e-01 4.100853204727172852e-01
-9.916339069604873657e-02 3.878785669803619385e-01
-4.556737467646598816e-02 3.743939101696014404e-01
1.089417375624179840e-02 3.587216436862945557e-01
1.920617967844009399e-01 2.942329347133636475e-01
2.883980982005596161e-02 3.425216078758239746e-01
-3.251114487648010254e-02 3.618637323379516602e-01
-9.134186059236526489e-02 3.781055212020874023e-01
