-7.200683355331420898e-01 -2.169040739536285400e-01 3.615843951702117920e-01 1.000000000000000000e+00
-6.311801075935363770e-01 -3.742646053433418274e-02 3.958132863044738770e-01 0.000000000000000000e+00
-5.280806422233581543e-01 1.631941199302673340e-01 4.198466539382934570e-01 0.000000000000000000e+00
-4.350865185260772705e-01 3.389660716056823730e-01 3.557202219963073730e-01 0.000000000000000000e+00
-3.508937954902648926e-01 5.059876441955566406e-01 2.171996384859085083e-01 0.000000000000000000e+00
-2.690428197383880615e-01 6.384374499320983887e-01 9.408071637153625488e-03 0.000000000000000000e+00
-1.427952945232391357e-01 7.072108387947082520e-01 -1.576216071844100952e-01 1.000000000000000000e+00
-8.408679626882076263e-03 7.449029684066772461e-01 -3.478554785251617432e-01 1.000000000000000000e+00
1.659226566553115845e-01 7.275961637496948242e-01 -4.109852910041809082e-01 1.000000000000000000e+00
3.050897717475891113e-01 6.495595574378967285e-01 -4.384421706199645996e-01 1.000000000000000000e+00
4.694248735904693604e-01 5.305655002593994141e-01 -3.389642238616943359e-01 1.000000000000000000e+00
5.948165059089660645e-01 3.882936537265777588e-01 -2.506907880306243896e-01 1.000000000000000000e+00
6.877664923667907715e-01 2.088385969400405884e-01 -9.663213044404983521e-02 1.000000000000000000e+00
7.370580434799194336e-01 7.806641049683094025e-03 6.581732886843383312e-04 1.000000000000000000e+00
7.492095828056335449e-01 -1.900095939636230469e-01 2.616805583238601685e-02 1.000000000000000000e+00
7.145271897315979004e-01 -4.061317145824432373e-01 -2.768342569470405579e-02 1.000000000000000000e+00
6.886283159255981445e-01 -6.015750765800476074e-01 -7.604781538248062134e-02 1.000000000000000000e+00
-7.471813559532165527e-01 -2.582887113094329834e-01 -1.397738754749298096e-01 1.000000000000000000e+00
-7.532778382301330566e-01 -4.172920584678649902e-01 -3.396152257919311523e-01 1.000000000000000000e+00
-6.584169268608093262e-01 -4.645672440528869629e-01 -5.155459046363830566e-01 1.000000000000000000e+00
-5.183241963386535645e-01 -4.704577028751373291e-01 -6.235606670379638672e-01 1.000000000000000000e+00
-3.833898901939392090e-01 -4.538016915321350098e-01 -6.747530102729797363e-01 1.000000000000000000e+00
-1.904277503490447998e-01 -5.076169967651367188e-01 -7.353518009185791016e-01 1.000000000000000000e+00
-7.427304983139038086e-02 -5.932331681251525879e-01 -7.619341015815734863e-01 1.000000000000000000e+00
8.556557446718215942e-02 -6.693576574325561523e-01 -7.433285117149353027e-01 1.000000000000000000e+00
2.644717395305633545e-01 -6.983437538146972656e-01 -6.477399468421936035e-01 1.000000000000000000e+00
4.324809312820434570e-01 -5.818221569061279297e-01 -4.993614256381988525e-01 1.000000000000000000e+00
-2.459708750247955322e-01 -3.229272365570068359e-01 -7.050474882125854492e-01 1.000000000000000000e+00
-2.245067805051803589e-01 -1.840698271989822388e-01 -7.630977630615234375e-01 1.000000000000000000e+00
-2.152604907751083374e-01 -7.775064557790756226e-02 -8.215985298156738281e-01 1.000000000000000000e+00
-1.998581886291503906e-01 3.006177581846714020e-02 -8.630335927009582520e-01 1.000000000000000000e+00
-2.311600893735885620e-01 1.494773626327514648e-01 -6.286193132400512695e-01 1.000000000000000000e+00
-1.761300563812255859e-01 1.590574979782104492e-01 -6.711251735687255859e-01 1.000000000000000000e+00
-1.192381903529167175e-01 1.659591346979141235e-01 -7.063318490982055664e-01 1.000000000000000000e+00
-6.266849488019943237e-02 1.300527453422546387e-01 -7.074417471885681152e-01 1.000000000000000000e+00
-6.289304234087467194e-03 9.084180742502212524e-02 -6.999431252479553223e-01 1.000000000000000000e+00
-6.362020969390869141e-01 -1.925698369741439819e-01 -3.547731339931488037e-01 1.000000000000000000e+00
-5.864408016204833984e-01 -2.449470907449722290e-01 -4.791288077831268311e-01 1.000000000000000000e+00
-4.967879056930541992e-01 -2.647716999053955078e-01 -5.129110217094421387e-01 1.000000000000000000e+00
-3.931506574153900146e-01 -2.456678748130798340e-01 -5.053856968879699707e-01 1.000000000000000000e+00
-4.662456214427947998e-01 -1.966166943311691284e-01 -4.902039170265197754e-01 1.000000000000000000e+00
-5.537354946136474609e-01 -1.679455339908599854e-01 -4.519478082656860352e-01 1.000000000000000000e+00
-8.665456436574459076e-03 -3.459469676017761230e-01 -6.285567879676818848e-01 1.000000000000000000e+00
5.198259651660919189e-02 -4.161006808280944824e-01 -6.887949705123901367e-01 1.000000000000000000e+00
1.449880748987197876e-01 -4.479399323463439941e-01 -7.103676199913024902e-01 1.000000000000000000e+00
2.708720266819000244e-01 -4.367039501667022705e-01 -6.371083259582519531e-01 1.000000000000000000e+00
1.705968528985977173e-01 -3.600945472717285156e-01 -6.771286725997924805e-01 1.000000000000000000e+00
7.452701032161712646e-02 -3.384795784950256348e-01 -6.599411368370056152e-01 1.000000000000000000e+00
-2.221339493989944458e-01 4.117612242698669434e-01 -5.004742145538330078e-01 1.000000000000000000e+00
-1.993898153305053711e-01 3.713729679584503174e-01 -6.122199296951293945e-01 1.000000000000000000e+00
-1.319515109062194824e-01 3.339229822158813477e-01 -6.904323697090148926e-01 1.000000000000000000e+00
-7.700113207101821899e-02 3.263389468193054199e-01 -7.150678634643554688e-01 1.000000000000000000e+00
-2.024163119494915009e-02 3.043111860752105713e-01 -7.259550690650939941e-01 1.000000000000000000e+00
8.826832473278045654e-02 2.946021556854248047e-01 -7.009702324867248535e-01 1.000000000000000000e+00
1.944191306829452515e-01 2.935595512390136719e-01 -6.272918581962585449e-01 1.000000000000000000e+00
1.395912468433380127e-01 3.568454682826995850e-01 -6.674298644065856934e-01 1.000000000000000000e+00
4.785222560167312622e-02 4.148311316967010498e-01 -6.926474571228027344e-01 1.000000000000000000e+00
-1.252648234367370605e-02 4.391653537750244141e-01 -6.780840158462524414e-01 1.000000000000000000e+00
-7.557027786970138550e-02 4.500419795513153076e-01 -6.532158255577087402e-01 1.000000000000000000e+00
-1.601656824350357056e-01 4.427653253078460693e-01 -5.786573886871337891e-01 1.000000000000000000e+00
-2.159331291913986206e-01 4.100853204727172852e-01 -5.000764131546020508e-01 1.000000000000000000e+00
-9.916339069604873657e-02 3.878785669803619385e-01 -6.345626711845397949e-01 1.000000000000000000e+00
-4.556737467646598816e-02 3.743939101696014404e-01 -6.567804813385009766e-01 1.000000000000000000e+00
1.089417375624179840e-02 3.587216436862945557e-01 -6.671787500381469727e-01 1.000000000000000000e+00
1.920617967844009399e-01 2.942329347133636475e-01 -6.268082857131958008e-01 1.000000000000000000e+00
2.883980982005596161e-02 3.425216078758239746e-01 -6.820819973945617676e-01 1.000000000000000000e+00
-3.251114487648010254e-02 3.618637323379516602e-01 -6.691085696220397949e-01 1.000000000000000000e+00
-9.134186059236526489e-02 3.781055212020874023e-01 -6.452460885047912598e-01 1.000000000000000000e+00
