-6.871389150619506836e-01 -3.200692534446716309e-01
-6.840593218803405762e-01 -1.599715501070022583e-01
-6.431558728218078613e-01 9.149431250989437103e-03
-5.792357921600341797e-01 1.654899567365646362e-01
-5.082740187644958496e-01 3.122994303703308105e-01
-4.119127988815307617e-01 4.644558727741241455e-01
-2.951557040214538574e-01 6.151905059814453125e-01
-1.290120780467987061e-01 7.492813467979431152e-01
2.839093096554279327e-02 7.799417972564697266e-01
2.053097486495971680e-01 7.129660248756408691e-01
3.781622052192687988e-01 5.891451835632324219e-01
5.020149350166320801e-01 4.258874654769897461e-01
6.137445569038391113e-01 2.521668374538421631e-01
6.853867769241333008e-01 6.524315476417541504e-02
7.255840897560119629e-01 -1.207903549075126648e-01
7.224423289299011230e-01 -3.372841477394104004e-01
7.228640317916870117e-01 -5.291731953620910645e-01
-6.921626329421997070e-01 -4.215774238109588623e-01
-6.869289278984069824e-01 -5.733618736267089844e-01
-5.939860939979553223e-01 -6.171276569366455078e-01
-4.656466245651245117e-01 -6.131044030189514160e-01
-3.402014076709747314e-01 -5.810055732727050781e-01
-1.602508872747421265e-01 -6.099877953529357910e-01
-3.925496712327003479e-02 -6.759265065193176270e-01
1.211479976773262024e-01 -7.166661620140075684e-01
3.054732680320739746e-01 -7.146080732345581055e-01
4.524891674518585205e-01 -5.857980847358703613e-01
-2.358886897563934326e-01 -4.475181698799133301e-01
-2.389097809791564941e-01 -3.253298997879028320e-01
-2.474269121885299683e-01 -2.219249308109283447e-01
-2.484159171581268311e-01 -1.186816245317459106e-01
-2.991281151771545410e-01 -1.920151151716709137e-02
-2.404078692197799683e-01 -5.251424736343324184e-04
-1.801157444715499878e-01 5.520728882402181625e-03
-1.150366961956024170e-01 -1.786953397095203400e-02
-4.758160933852195740e-02 -5.338436737656593323e-02
-6.066538095474243164e-01 -3.591133356094360352e-01
-5.547672510147094727e-01 -4.070960879325866699e-01
-4.692350327968597412e-01 -4.152088463306427002e-01
-3.716787397861480713e-01 -3.852903246879577637e-01
-4.534116387367248535e-01 -3.495558202266693115e-01
-5.339058041572570801e-01 -3.330319225788116455e-01
-9.287977591156959534e-03 -4.333507418632507324e-01
5.907943844795227051e-02 -4.890599846839904785e-01
1.484896093606948853e-01 -5.071247220039367676e-01
2.703673243522644043e-01 -4.800012409687042236e-01
1.581185609102249146e-01 -4.258179664611816406e-01
7.129040360450744629e-02 -4.183248579502105713e-01
-2.942566871643066406e-01 2.896231412887573242e-01
-2.941511869430541992e-01 1.827267408370971680e-01
-2.198050171136856079e-01 1.398930996656417847e-01
-1.589085906744003296e-01 1.340205371379852295e-01
-9.273989498615264893e-02 1.228471398353576660e-01
3.863007947802543640e-02 1.403906196355819702e-01
1.693889647722244263e-01 2.338919341564178467e-01
1.116722896695137024e-01 3.752786219120025635e-01
6.934054661542177200e-03 4.376625716686248779e-01
-6.556454300880432129e-02 4.577153325080871582e-01
-1.384465396404266357e-01 4.534267187118530273e-01
-2.311204522848129272e-01 4.135389029979705811e-01
-2.856938838958740234e-01 2.926991581916809082e-01
-1.832801103591918945e-01 1.846119314432144165e-01
-1.275455206632614136e-01 1.710482537746429443e-01
-6.504388898611068726e-02 1.693350970745086670e-01
1.671222299337387085e-01 2.328807562589645386e-01
5.474954377859830856e-03 3.686987757682800293e-01
-5.989691987633705139e-02 3.804009556770324707e-01
-1.254578679800033569e-01 3.823233842849731445e-01
