-6.531934142112731934e-01 -3.425300121307373047e-01 4.847923219203948975e-01 0.000000000000000000e+00
-5.922545194625854492e-01 -1.609424352645874023e-01 5.049369931221008301e-01 0.000000000000000000e+00
-5.217040181159973145e-01 4.335068538784980774e-02 5.144437551498413086e-01 0.000000000000000000e+00
-4.666208028793334961e-01 2.190717756748199463e-01 4.492100179195404053e-01 0.000000000000000000e+00
-4.180545508861541748e-01 3.876205980777740479e-01 3.262234330177307129e-01 0.000000000000000000e+00
-3.603647649288177490e-01 5.335370302200317383e-01 1.501623690128326416e-01 0.000000000000000000e+00
-2.522484064102172852e-01 6.627016067504882812e-01 2.294428832828998566e-02 1.000000000000000000e+00
-1.176318079233169556e-01 7.504175305366516113e-01 -1.246912628412246704e-01 1.000000000000000000e+00
5.718744918704032898e-02 7.776206731796264648e-01 -1.801941692829132080e-01 1.000000000000000000e+00
2.053097486495971680e-01 7.129660248756408691e-01 -2.144647538661956787e-01 1.000000000000000000e+00
3.781622052192687988e-01 5.891451835632324219e-01 -1.647854447364807129e-01 1.000000000000000000e+00
5.020149350166320801e-01 4.258874654769897461e-01 -1.181195601820945740e-01 1.000000000000000000e+00
6.137445569038391113e-01 2.521668374538421631e-01 -7.673117332160472870e-03 1.000000000000000000e+00
6.853867769241333008e-01 6.524315476417541504e-02 6.823705881834030151e-02 1.000000000000000000e+00
7.255840897560119629e-01 -1.207903549075126648e-01 9.214399755001068115e-02 1.000000000000000000e+00
7.224423289299011230e-01 -3.372841477394104004e-01 4.763172194361686707e-02 1.000000000000000000e+00
7.228640317916870117e-01 -5.291731953620910645e-01 9.974339045584201813e-03 1.000000000000000000e+00
-6.921626329421997070e-01 -4.215774238109588623e-01 1.149692758917808533e-02 1.000000000000000000e+00
-6.869289278984069824e-01 -5.733618736267089844e-01 -1.677442491054534912e-01 1.000000000000000000e+00
-5.939860939979553223e-01 -6.171276569366455078e-01 -3.383102416992187500e-01 1.000000000000000000e+00
-4.656466245651245117e-01 -6.131044030189514160e-01 -4.439699947834014893e-01 1.000000000000000000e+00
-3.402014076709747314e-01 -5.810055732727050781e-01 -4.999208152294158936e-01 1.000000000000000000e+00
-1.602508872747421265e-01 -6.099877953529357910e-01 -5.623912215232849121e-01 1.000000000000000000e+00
-3.925496712327003479e-02 -6.759265065193176270e-01 -5.926607251167297363e-01 1.000000000000000000e+00
1.211479976773262024e-01 -7.166661620140075684e-01 -5.845494270324707031e-01 1.000000000000000000e+00
3.054732680320739746e-01 -7.146080732345581055e-01 -5.028389096260070801e-01 1.000000000000000000e+00
4.524891674518585205e-01 -5.857980847358703613e-01 -3.749698400497436523e-01 1.000000000000000000e+00
-2.358886897563934326e-01 -4.475181698799133301e-01 -5.435866117477416992e-01 1.000000000000000000e+00
-2.389097809791564941e-01 -3.253298997879028320e-01 -6.049884557723999023e-01 1.000000000000000000e+00
-2.474269121885299683e-01 -2.219249308109283447e-01 -6.686514019966125488e-01 1.000000000000000000e+00
-2.484159171581268311e-01 -1.186816245317459106e-01 -7.143391966819763184e-01 1.000000000000000000e+00
-2.991281151771545410e-01 -1.920151151716709137e-02 -4.794648587703704834e-01 1.000000000000000000e+00
-2.404078692197799683e-01 -5.251424736343324184e-04 -5.238897800445556641e-01 1.000000000000000000e+00
-1.801157444715499878e-01 5.520728882402181625e-03 -5.585498213768005371e-01 1.000000000000000000e+00
-1.150366961956024170e-01 -1.786953397095203400e-02 -5.665739774703979492e-01 1.000000000000000000e+00
-4.758160933852195740e-02 -5.338436737656593323e-02 -5.660065412521362305e-01 1.000000000000000000e+00
-6.066538095474243164e-01 -3.591133356094360352e-01 -1.985309123992919922e-01 1.000000000000000000e+00
-5.547672510147094727e-01 -4.070960879325866699e-01 -3.162575960159301758e-01 1.000000000000000000e+00
-4.692350327968597412e-01 -4.152088463306427002e-01 -3.506730794906616211e-01 1.000000000000000000e+00
-3.716787397861480713e-01 -3.852903246879577637e-01 -3.519850969314575195e-01 1.000000000000000000e+00
-4.534116387367248535e-01 -3.495558202266693115e-01 -3.373564779758453369e-01 1.000000000000000000e+00
-5.339058041572570801e-01 -3.330319225788116455e-01 -2.999787032604217529e-01 1.000000000000000000e+00
-9.287977591156959534e-03 -4.333507418632507324e-01 -4.797067046165466309e-01 1.000000000000000000e+00
5.907943844795227051e-02 -4.890599846839904785e-01 -5.354777574539184570e-01 1.000000000000000000e+00
1.484896093606948853e-01 -5.071247220039367676e-01 -5.609133839607238770e-01 1.000000000000000000e+00
2.703673243522644043e-01 -4.800012409687042236e-01 -5.030844211578369141e-01 1.000000000000000000e+00
1.581185609102249146e-01 -4.258179664611816406e-01 -5.411823391914367676e-01 1.000000000000000000e+00
7.129040360450744629e-02 -4.183248579502105713e-01 -5.198663473129272461e-01 1.000000000000000000e+00
-2.942566871643066406e-01 2.896231412887573242e-01 -2.651498615741729736e-01 1.000000000000000000e+00
-2.941511869430541992e-01 1.827267408370971680e-01 -4.176407456398010254e-01 1.000000000000000000e+00
-2.198050171136856079e-01 1.398930996656417847e-01 -5.245367884635925293e-01 1.000000000000000000e+00
-1.589085906744003296e-01 1.340205371379852295e-01 -5.542060732841491699e-01 1.000000000000000000e+00
-9.273989498615264893e-02 1.228471398353576660e-01 -5.674259066581726074e-01 1.000000000000000000e+00
3.863007947802543640e-02 1.403906196355819702e-01 -5.288695693016052246e-01 1.000000000000000000e+00
1.693889647722244263e-01 2.338919341564178467e-01 -4.101673364639282227e-01 1.000000000000000000e+00
1.116722896695137024e-01 3.752786219120025635e-01 -4.401371777057647705e-01 1.000000000000000000e+00
6.934054661542177200e-03 4.376625716686248779e-01 -4.664380550384521484e-01 1.000000000000000000e+00
-6.556454300880432129e-02 4.577153325080871582e-01 -4.518203735351562500e-01 1.000000000000000000e+00
-1.384465396404266357e-01 4.534267187118530273e-01 -4.242242872714996338e-01 1.000000000000000000e+00
-2.311204522848129272e-01 4.135389029979705811e-01 -3.424003422260284424e-01 1.000000000000000000e+00
-2.856938838958740234e-01 2.926991581916809082e-01 -2.593863308429718018e-01 1.000000000000000000e+00
-1.832801103591918945e-01 1.846119314432144165e-01 -4.480879902839660645e-01 1.000000000000000000e+00
-1.275455206632614136e-01 1.710482537746429443e-01 -4.745367467403411865e-01 1.000000000000000000e+00
-6.504388898611068726e-02 1.693350970745086670e-01 -4.879885017871856689e-01 1.000000000000000000e+00
1.671222299337387085e-01 2.328807562589645386e-01 -4.093159437179565430e-01 1.000000000000000000e+00
5.474954377859830856e-03 3.686987757682800293e-01 -4.217035174369812012e-01 1.000000000000000000e+00
-5.989691987633705139e-02 3.804009556770324707e-01 -4.085721075534820557e-01 1.000000000000000000e+00
-1.254578679800033569e-01 3.823233842849731445e-01 -3.835277557373046875e-01 1.000000000000000000e+00
