-6.816658377647399902e-01 -4.882924258708953857e-01
-7.291128039360046387e-01 -3.199891448020935059e-01
-7.424459457397460938e-01 -1.375711262226104736e-01
-7.331011295318603516e-01 2.059227041900157928e-02
-7.145124077796936035e-01 1.849198490381240845e-01
-6.682562828063964844e-01 3.542831838130950928e-01
-5.746214389801025391e-01 5.132424831390380859e-01
-4.374029636383056641e-01 6.631914973258972168e-01
-2.876707315444946289e-01 7.252584695816040039e-01
-9.694317728281021118e-02 7.218574881553649902e-01
1.161913871765136719e-01 6.741883158683776855e-01
2.962491512298583984e-01 5.817796587944030762e-01
4.523043334484100342e-01 4.468758106231689453e-01
5.780321955680847168e-01 2.761647701263427734e-01
6.663591861724853516e-01 9.624131023883819580e-02
7.259911298751831055e-01 -1.024387478828430176e-01
7.852907180786132812e-01 -2.941272854804992676e-01
-6.516115069389343262e-01 -5.851003527641296387e-01
-5.841886997222900391e-01 -7.185204625129699707e-01
-4.721988439559936523e-01 -7.130476832389831543e-01
-3.410308957099914551e-01 -6.561905741691589355e-01
-2.238521426916122437e-01 -5.819016098976135254e-01
-2.804123982787132263e-02 -5.472391247749328613e-01
1.140072941780090332e-01 -5.732240080833435059e-01
2.871878445148468018e-01 -5.708362460136413574e-01
4.607257246971130371e-01 -5.252521038055419922e-01
5.619536042213439941e-01 -3.625064790248870850e-01
-1.551523059606552124e-01 -4.058914482593536377e-01
-1.939731836318969727e-01 -2.698429524898529053e-01
-2.308739572763442993e-01 -1.628297120332717896e-01
-2.622516751289367676e-01 -5.382633581757545471e-02
-3.570565879344940186e-01 1.337878126651048660e-02
-3.029748201370239258e-01 5.044310539960861206e-02
-2.445146888494491577e-01 8.138416707515716553e-02
-1.716022491455078125e-01 7.573147863149642944e-02
-9.590156376361846924e-02 6.455374509096145630e-02
-5.655838251113891602e-01 -4.701611995697021484e-01
-4.943544566631317139e-01 -4.923599958419799805e-01
-4.030368924140930176e-01 -4.698155820369720459e-01
-3.155082166194915771e-01 -4.064539372920989990e-01
-4.058363139629364014e-01 -3.945392072200775146e-01
-4.977255761623382568e-01 -4.078592956066131592e-01
6.018418818712234497e-02 -3.315970897674560547e-01
1.473558545112609863e-01 -3.653588891029357910e-01
2.456337064504623413e-01 -3.547655940055847168e-01
3.542290627956390381e-01 -2.955247461795806885e-01
2.303796559572219849e-01 -2.671104967594146729e-01
1.350454688072204590e-01 -2.884618341922760010e-01
-4.694319069385528564e-01 2.084093987941741943e-01
-4.181150197982788086e-01 1.884942948818206787e-01
-3.251349031925201416e-01 1.999793499708175659e-01
-2.617414891719818115e-01 2.194508165121078491e-01
-1.916703432798385620e-01 2.258096933364868164e-01
-7.042537629604339600e-02 2.561378180980682373e-01
3.481616079807281494e-02 3.003614544868469238e-01
-7.372675836086273193e-02 3.683206737041473389e-01
-2.005736827850341797e-01 3.871742188930511475e-01
-2.769027352333068848e-01 3.816698491573333740e-01
-3.467943072319030762e-01 3.611119687557220459e-01
-4.313098490238189697e-01 3.051317036151885986e-01
-4.646363258361816406e-01 2.113541960716247559e-01
-3.154819607734680176e-01 2.458641082048416138e-01
-2.500115931034088135e-01 2.574280798435211182e-01
-1.820812672376632690e-01 2.715086638927459717e-01
3.298607096076011658e-02 2.997691929340362549e-01
-1.828802973031997681e-01 3.163002431392669678e-01
-2.576321065425872803e-01 3.076574206352233887e-01
-3.265381753444671631e-01 2.912930250167846680e-01
