-6.562712788581848145e-01 -5.588230490684509277e-01 2.730173468589782715e-01 1.000000000000000000e+00
-6.567898392677307129e-01 -3.600957989692687988e-01 3.163420557975769043e-01 0.000000000000000000e+00
-6.507977843284606934e-01 -1.344629377126693726e-01 3.515525460243225098e-01 0.000000000000000000e+00
-6.461786031723022461e-01 6.903839111328125000e-02 2.993687093257904053e-01 0.000000000000000000e+00
-6.424176096916198730e-01 2.623253166675567627e-01 1.744773089885711670e-01 0.000000000000000000e+00
-6.228212714195251465e-01 4.276035428047180176e-01 -1.764988899230957031e-02 0.000000000000000000e+00
-5.361581444740295410e-01 5.623610615730285645e-01 -1.710857152938842773e-01 1.000000000000000000e+00
-4.253292381763458252e-01 6.702347397804260254e-01 -3.550124764442443848e-01 1.000000000000000000e+00
-2.603717446327209473e-01 7.347717881202697754e-01 -4.141821563243865967e-01 1.000000000000000000e+00
-9.717794507741928101e-02 7.229636311531066895e-01 -4.362900257110595703e-01 1.000000000000000000e+00
1.129717975854873657e-01 6.754766702651977539e-01 -3.378888964653015137e-01 1.000000000000000000e+00
2.916364371776580811e-01 5.865714550018310547e-01 -2.557862401008605957e-01 1.000000000000000000e+00
4.486647844314575195e-01 4.535549283027648926e-01 -1.116214692592620850e-01 1.000000000000000000e+00
5.747668147087097168e-01 2.863305807113647461e-01 -2.172712795436382294e-02 1.000000000000000000e+00
6.701679825782775879e-01 1.087920889258384705e-01 -5.107718752697110176e-04 1.000000000000000000e+00
7.322611212730407715e-01 -1.023295670747756958e-01 -6.094536185264587402e-02 1.000000000000000000e+00
7.906857728958129883e-01 -2.904494404792785645e-01 -1.136904656887054443e-01 1.000000000000000000e+00
-6.516115069389343262e-01 -5.851003527641296387e-01 -2.321557253599166870e-01 1.000000000000000000e+00
-5.841886997222900391e-01 -7.185204625129699707e-01 -4.361024796962738037e-01 1.000000000000000000e+00
-4.721988439559936523e-01 -7.130476832389831543e-01 -6.094969511032104492e-01 1.000000000000000000e+00
-3.410308957099914551e-01 -6.561905741691589355e-01 -7.114766836166381836e-01 1.000000000000000000e+00
-2.238521426916122437e-01 -5.819016098976135254e-01 -7.548306584358215332e-01 1.000000000000000000e+00
-2.804123982787132263e-02 -5.472391247749328613e-01 -8.082861900329589844e-01 1.000000000000000000e+00
1.140072941780090332e-01 -5.732240080833435059e-01 -8.344062566757202148e-01 1.000000000000000000e+00
2.871878445148468018e-01 -5.708362460136413574e-01 -8.107513189315795898e-01 1.000000000000000000e+00
4.607257246971130371e-01 -5.252521038055419922e-01 -7.079874277114868164e-01 1.000000000000000000e+00
5.619536042213439941e-01 -3.625064790248870850e-01 -5.491707324981689453e-01 1.000000000000000000e+00
-1.551523059606552124e-01 -4.058914482593536377e-01 -7.733499407768249512e-01 1.000000000000000000e+00
-1.939731836318969727e-01 -2.698429524898529053e-01 -8.302175998687744141e-01 1.000000000000000000e+00
-2.308739572763442993e-01 -1.628297120332717896e-01 -8.894683718681335449e-01 1.000000000000000000e+00
-2.622516751289367676e-01 -5.382633581757545471e-02 -9.324121475219726562e-01 1.000000000000000000e+00
-3.570565879344940186e-01 1.337878126651048660e-02 -6.779404878616333008e-01 1.000000000000000000e+00
-3.029748201370239258e-01 5.044310539960861206e-02 -7.190354466438293457e-01 1.000000000000000000e+00
-2.445146888494491577e-01 8.138416707515716553e-02 -7.499310970306396484e-01 1.000000000000000000e+00
-1.716022491455078125e-01 7.573147863149642944e-02 -7.543922066688537598e-01 1.000000000000000000e+00
-9.590156376361846924e-02 6.455374509096145630e-02 -7.480284571647644043e-01 1.000000000000000000e+00
-5.655838251113891602e-01 -4.701611995697021484e-01 -4.349558353424072266e-01 1.000000000000000000e+00
-4.943544566631317139e-01 -4.923599958419799805e-01 -5.591092705726623535e-01 1.000000000000000000e+00
-4.030368924140930176e-01 -4.698155820369720459e-01 -5.888218283653259277e-01 1.000000000000000000e+00
-3.155082166194915771e-01 -4.064539372920989990e-01 -5.749886035919189453e-01 1.000000000000000000e+00
-4.058363139629364014e-01 -3.945392072200775146e-01 -5.631516575813293457e-01 1.000000000000000000e+00
-4.977255761623382568e-01 -4.078592956066131592e-01 -5.289285778999328613e-01 1.000000000000000000e+00
6.018418818712234497e-02 -3.315970897674560547e-01 -6.800980567932128906e-01 1.000000000000000000e+00
1.473558545112609863e-01 -3.653588891029357910e-01 -7.404944300651550293e-01 1.000000000000000000e+00
2.456337064504623413e-01 -3.547655940055847168e-01 -7.596878409385681152e-01 1.000000000000000000e+00
3.542290627956390381e-01 -2.955247461795806885e-01 -6.812513470649719238e-01 1.000000000000000000e+00
2.303796559572219849e-01 -2.671104967594146729e-01 -7.250224947929382324e-01 1.000000000000000000e+00
1.350454688072204590e-01 -2.884618341922760010e-01 -7.105450630187988281e-01 1.000000000000000000e+00
-4.694319069385528564e-01 2.084093987941741943e-01 -4.492857754230499268e-01 1.000000000000000000e+00
-4.181150197982788086e-01 1.884942948818206787e-01 -5.962048172950744629e-01 1.000000000000000000e+00
-3.251349031925201416e-01 1.999793499708175659e-01 -6.949751377105712891e-01 1.000000000000000000e+00
-2.617414891719818115e-01 2.194508165121078491e-01 -7.205204963684082031e-01 1.000000000000000000e+00
-1.916703432798385620e-01 2.258096933364868164e-01 -7.311856150627136230e-01 1.000000000000000000e+00
-7.042537629604339600e-02 2.561378180980682373e-01 -6.893947720527648926e-01 1.000000000000000000e+00
3.481616079807281494e-02 3.003614544868469238e-01 -5.824120044708251953e-01 1.000000000000000000e+00
-7.372675836086273193e-02 3.683206737041473389e-01 -6.345270276069641113e-01 1.000000000000000000e+00
-2.005736827850341797e-01 3.871742188930511475e-01 -6.719409227371215820e-01 1.000000000000000000e+00
-2.769027352333068848e-01 3.816698491573333740e-01 -6.587529778480529785e-01 1.000000000000000000e+00
-3.467943072319030762e-01 3.611119687557220459e-01 -6.313312649726867676e-01 1.000000000000000000e+00
-4.313098490238189697e-01 3.051317036151885986e-01 -5.397508740425109863e-01 1.000000000000000000e+00
-4.646363258361816406e-01 2.113541960716247559e-01 -4.479812681674957275e-01 1.000000000000000000e+00
-3.154819607734680176e-01 2.458641082048416138e-01 -6.213044524192810059e-01 0.000000000000000000e+00
-2.500115931034088135e-01 2.574280798435211182e-01 -6.442607045173645020e-01 0.000000000000000000e+00
-1.820812672376632690e-01 2.715086638927459717e-01 -6.568874716758728027e-01 0.000000000000000000e+00
3.298607096076011658e-02 2.997691929340362549e-01 -5.826679468154907227e-01 1.000000000000000000e+00
-1.828802973031997681e-01 3.163002431392669678e-01 -6.437286138534545898e-01 1.000000000000000000e+00
-2.576321065425872803e-01 3.076574206352233887e-01 -6.363083720207214355e-01 1.000000000000000000e+00
-3.265381753444671631e-01 2.912930250167846680e-01 -6.043924689292907715e-01 1.000000000000000000e+00
