-5.522999167442321777e-01 -5.852164626121520996e-01
-6.338226795196533203e-01 -4.127875268459320068e-01
-6.856544017791748047e-01 -2.425038963556289673e-01
-7.189048528671264648e-01 -1.004964336752891541e-01
-7.464894652366638184e-01 6.180911511182785034e-02
-7.423804998397827148e-01 2.323718219995498657e-01
-6.838928461074829102e-01 4.155180454254150391e-01
-5.781050324440002441e-01 5.949901342391967773e-01
-4.452205896377563477e-01 6.940173506736755371e-01
-2.696561813354492188e-01 7.324403524398803711e-01
-5.595639348030090332e-02 7.278678417205810547e-01
1.368037164211273193e-01 6.761209964752197266e-01
3.028942942619323730e-01 5.737600922584533691e-01
4.563417136669158936e-01 4.324533641338348389e-01
5.706864595413208008e-01 2.844361066818237305e-01
6.767880916595458984e-01 1.215673908591270447e-01
7.723416090011596680e-01 -3.582567349076271057e-02
-4.876934587955474854e-01 -6.348637938499450684e-01
-3.802291452884674072e-01 -7.212349772453308105e-01
-2.670743465423583984e-01 -6.706761717796325684e-01
-1.530243903398513794e-01 -5.740581154823303223e-01
-5.975725874304771423e-02 -4.726293981075286865e-01
1.169337183237075806e-01 -3.895499110221862793e-01
2.571489214897155762e-01 -3.783480525016784668e-01
4.174883961677551270e-01 -3.380611836910247803e-01
5.631571412086486816e-01 -2.655763626098632812e-01
6.112999320030212402e-01 -1.070483177900314331e-01
-3.868156671524047852e-02 -2.914600372314453125e-01
-1.048131957650184631e-01 -1.673738211393356323e-01
-1.622796952724456787e-01 -6.998968869447708130e-02
-2.165126204490661621e-01 2.938708104193210602e-02
-3.336410820484161377e-01 3.749207034707069397e-02
-2.903753519058227539e-01 9.147478640079498291e-02
-2.410122007131576538e-01 1.386091560125350952e-01
-1.695930361747741699e-01 1.507525444030761719e-01
-9.453622996807098389e-02 1.560777574777603149e-01
-4.265184104442596436e-01 -4.804070591926574707e-01
-3.513581156730651855e-01 -4.627653956413269043e-01
-2.706669270992279053e-01 -4.193072915077209473e-01
-2.004915624856948853e-01 -3.487188220024108887e-01
-2.885623574256896973e-01 -3.617918491363525391e-01
-3.736245334148406982e-01 -3.992732167243957520e-01
1.396317481994628906e-01 -1.790451556444168091e-01
2.297301143407821655e-01 -1.749432235956192017e-01
3.177338540554046631e-01 -1.389117389917373657e-01
4.048455357551574707e-01 -7.476060092449188232e-02
2.866673767566680908e-01 -7.464290410280227661e-02
2.017747163772583008e-01 -1.190214455127716064e-01
-5.010567307472229004e-01 1.682879179716110229e-01
-4.379597604274749756e-01 1.745265126228332520e-01
-3.466216027736663818e-01 2.184914201498031616e-01
-2.895641624927520752e-01 2.558475434780120850e-01
-2.231373786926269531e-01 2.789854109287261963e-01
-1.178725957870483398e-01 3.309547007083892822e-01
-3.770200163125991821e-02 3.841265141963958740e-01
-1.543486118316650391e-01 4.261407256126403809e-01
-2.782973051071166992e-01 4.179862439632415771e-01
-3.500205874443054199e-01 3.937311172485351562e-01
-4.129006266593933105e-01 3.562523722648620605e-01
-4.846557974815368652e-01 2.750583589076995850e-01
-4.969700574874877930e-01 1.718543022871017456e-01
-3.524249494075775146e-01 2.550948858261108398e-01
-2.910115718841552734e-01 2.845970988273620605e-01
-2.291301041841506958e-01 3.154639005661010742e-01
-3.927868232131004333e-02 3.831456303596496582e-01
-2.456080466508865356e-01 3.518970310688018799e-01
-3.153678476810455322e-01 3.257467746734619141e-01
-3.792447745800018311e-01 2.916257977485656738e-01
