-5.259669423103332520e-01 -6.671573519706726074e-01 7.188526540994644165e-02 1.000000000000000000e+00
-5.783487558364868164e-01 -4.857112765312194824e-01 1.318698376417160034e-01 1.000000000000000000e+00
-6.317367553710937500e-01 -2.762152850627899170e-01 1.865654885768890381e-01 0.000000000000000000e+00
-6.752011179924011230e-01 -7.863914966583251953e-02 1.546586006879806519e-01 0.000000000000000000e+00
-7.107856273651123047e-01 1.177421957254409790e-01 4.907299950718879700e-02 0.000000000000000000e+00
-7.218121290206909180e-01 2.985472381114959717e-01 -1.236477866768836975e-01 0.000000000000000000e+00
-6.615193486213684082e-01 4.597782194614410400e-01 -2.588801085948944092e-01 1.000000000000000000e+00
-5.700777173042297363e-01 6.024192571640014648e-01 -4.227124154567718506e-01 1.000000000000000000e+00
-4.261703491210937500e-01 7.052344083786010742e-01 -4.643033444881439209e-01 1.000000000000000000e+00
-2.695051431655883789e-01 7.336868047714233398e-01 -4.754021465778350830e-01 1.000000000000000000e+00
-6.524027884006500244e-02 7.310215830802917480e-01 -3.668079078197479248e-01 1.000000000000000000e+00
1.201519817113876343e-01 6.842052340507507324e-01 -2.770662605762481689e-01 1.000000000000000000e+00
2.922127544879913330e-01 5.831876397132873535e-01 -1.331139802932739258e-01 1.000000000000000000e+00
4.461857676506042480e-01 4.480083286762237549e-01 -4.841005429625511169e-02 1.000000000000000000e+00
5.755331516265869141e-01 3.012897372245788574e-01 -3.487308695912361145e-02 1.000000000000000000e+00
6.859800219535827637e-01 1.238056719303131104e-01 -1.058931574225425720e-01 1.000000000000000000e+00
7.872804999351501465e-01 -3.373087570071220398e-02 -1.685497909784317017e-01 1.000000000000000000e+00
-4.876934587955474854e-01 -6.348637938499450684e-01 -4.176393747329711914e-01 1.000000000000000000e+00
-3.802291452884674072e-01 -7.212349772453308105e-01 -6.199777126312255859e-01 1.000000000000000000e+00
-2.670743465423583984e-01 -6.706761717796325684e-01 -7.764447927474975586e-01 1.000000000000000000e+00
-1.530243903398513794e-01 -5.740581154823303223e-01 -8.587159514427185059e-01 1.000000000000000000e+00
-5.975725874304771423e-02 -4.726293981075286865e-01 -8.853781223297119141e-01 1.000000000000000000e+00
1.169337183237075806e-01 -3.895499110221862793e-01 -9.184196591377258301e-01 1.000000000000000000e+00
2.571489214897155762e-01 -3.783480525016784668e-01 -9.340002536773681641e-01 1.000000000000000000e+00
4.174883961677551270e-01 -3.380611836910247803e-01 -8.991289138793945312e-01 1.000000000000000000e+00
5.631571412086486816e-01 -2.655763626098632812e-01 -7.848408222198486328e-01 1.000000000000000000e+00
6.112999320030212402e-01 -1.070483177900314331e-01 -6.113487482070922852e-01 1.000000000000000000e+00
-3.868156671524047852e-02 -2.914600372314453125e-01 -8.868325948715209961e-01 1.000000000000000000e+00
-1.048131957650184631e-01 -1.673738211393356323e-01 -9.346147775650024414e-01 1.000000000000000000e+00
-1.622796952724456787e-01 -6.998968869447708130e-02 -9.863071441650390625e-01 1.000000000000000000e+00
-2.165126204490661621e-01 2.938708104193210602e-02 -1.021746277809143066e+00 1.000000000000000000e+00
-3.336410820484161377e-01 3.749207034707069397e-02 -7.740258574485778809e-01 1.000000000000000000e+00
-2.903753519058227539e-01 9.147478640079498291e-02 -8.070163130760192871e-01 1.000000000000000000e+00
-2.410122007131576538e-01 1.386091560125350952e-01 -8.294156789779663086e-01 1.000000000000000000e+00
-1.695930361747741699e-01 1.507525444030761719e-01 -8.294026851654052734e-01 1.000000000000000000e+00
-9.453622996807098389e-02 1.560777574777603149e-01 -8.179375529289245605e-01 1.000000000000000000e+00
-4.265184104442596436e-01 -4.804070591926574707e-01 -6.004934310913085938e-01 1.000000000000000000e+00
-3.513581156730651855e-01 -4.627653956413269043e-01 -7.147631645202636719e-01 1.000000000000000000e+00
-2.706669270992279053e-01 -4.193072915077209473e-01 -7.335696220397949219e-01 1.000000000000000000e+00
-2.004915624856948853e-01 -3.487188220024108887e-01 -7.098647356033325195e-01 1.000000000000000000e+00
-2.885623574256896973e-01 -3.617918491363525391e-01 -7.054273486137390137e-01 1.000000000000000000e+00
-3.736245334148406982e-01 -3.992732167243957520e-01 -6.810014247894287109e-01 1.000000000000000000e+00
1.396317481994628906e-01 -1.790451556444168091e-01 -7.753815650939941406e-01 1.000000000000000000e+00
2.297301143407821655e-01 -1.749432235956192017e-01 -8.283950686454772949e-01 1.000000000000000000e+00
3.177338540554046631e-01 -1.389117389917373657e-01 -8.381049633026123047e-01 1.000000000000000000e+00
4.048455357551574707e-01 -7.476060092449188232e-02 -7.509527802467346191e-01 1.000000000000000000e+00
2.866673767566680908e-01 -7.464290410280227661e-02 -8.010168671607971191e-01 1.000000000000000000e+00
2.017747163772583008e-01 -1.190214455127716064e-01 -7.959427833557128906e-01 1.000000000000000000e+00
-5.010567307472229004e-01 1.682879179716110229e-01 -5.461952686309814453e-01 1.000000000000000000e+00
-4.379597604274749756e-01 1.745265126228332520e-01 -6.827006936073303223e-01 1.000000000000000000e+00
-3.466216027736663818e-01 2.184914201498031616e-01 -7.693116664886474609e-01 1.000000000000000000e+00
-2.895641624927520752e-01 2.558475434780120850e-01 -7.872518897056579590e-01 1.000000000000000000e+00
-2.231373786926269531e-01 2.789854109287261963e-01 -7.923960089683532715e-01 1.000000000000000000e+00
-1.178725957870483398e-01 3.309547007083892822e-01 -7.412983179092407227e-01 1.000000000000000000e+00
-3.770200163125991821e-02 3.841265141963958740e-01 -6.319643855094909668e-01 1.000000000000000000e+00
-1.543486118316650391e-01 4.261407256126403809e-01 -6.869192719459533691e-01 1.000000000000000000e+00
-2.782973051071166992e-01 4.179862439632415771e-01 -7.300660610198974609e-01 1.000000000000000000e+00
-3.500205874443054199e-01 3.937311172485351562e-01 -7.222233414649963379e-01 1.000000000000000000e+00
-4.129006266593933105e-01 3.562523722648620605e-01 -7.019243240356445312e-01 1.000000000000000000e+00
-4.846557974815368652e-01 2.750583589076995850e-01 -6.236455440521240234e-01 1.000000000000000000e+00
-4.969700574874877930e-01 1.718543022871017456e-01 -5.440769791603088379e-01 1.000000000000000000e+00
-3.524249494075775146e-01 2.550948858261108398e-01 -6.937214136123657227e-01 0.000000000000000000e+00
-2.910115718841552734e-01 2.845970988273620605e-01 -7.090880274772644043e-01 0.000000000000000000e+00
-2.291301041841506958e-01 3.154639005661010742e-01 -7.165096998214721680e-01 0.000000000000000000e+00
-3.927868232131004333e-02 3.831456303596496582e-01 -6.321626305580139160e-01 1.000000000000000000e+00
-2.456080466508865356e-01 3.518970310688018799e-01 -7.052026987075805664e-01 1.000000000000000000e+00
-3.153678476810455322e-01 3.257467746734619141e-01 -7.043310999870300293e-01 1.000000000000000000e+00
-3.792447745800018311e-01 2.916257977485656738e-01 -6.784347891807556152e-01 1.000000000000000000e+00
