-6.792799830436706543e-01 -1.940173357725143433e-01
-6.542358994483947754e-01 -3.080489113926887512e-02
-5.881426930427551270e-01 1.353449374437332153e-01
-5.026333332061767578e-01 2.795620858669281006e-01
-4.105546474456787109e-01 4.122180044651031494e-01
-2.936043143272399902e-01 5.492957234382629395e-01
-1.576728820800781250e-01 6.836711764335632324e-01
2.818228490650653839e-02 7.974821329116821289e-01
1.873320043087005615e-01 8.089492917060852051e-01
3.471752703189849854e-01 7.163584232330322266e-01
4.911564290523529053e-01 5.692849159240722656e-01
5.822876691818237305e-01 3.906536102294921875e-01
6.629217267036437988e-01 2.058661282062530518e-01
7.048393487930297852e-01 1.251340098679065704e-02
7.226393818855285645e-01 -1.770383119583129883e-01
6.955960988998413086e-01 -3.873759806156158447e-01
6.746677756309509277e-01 -5.766813755035400391e-01
-6.969219446182250977e-01 -2.970016300678253174e-01
-7.126384973526000977e-01 -4.555294811725616455e-01
-6.279627084732055664e-01 -5.130015015602111816e-01
-5.010512471199035645e-01 -5.221904516220092773e-01
-3.720459043979644775e-01 -5.003643631935119629e-01
-1.960871219635009766e-01 -5.525836348533630371e-01
-8.552782982587814331e-02 -6.393284797668457031e-01
6.779293715953826904e-02 -7.022090554237365723e-01
2.486209869384765625e-01 -7.203215956687927246e-01
4.071558415889739990e-01 -6.033877134323120117e-01
-2.463526874780654907e-01 -3.696773648262023926e-01
-2.319309860467910767e-01 -2.450786381959915161e-01
-2.263473123311996460e-01 -1.430433094501495361e-01
-2.136981189250946045e-01 -4.308896139264106750e-02
-2.492669820785522461e-01 6.425961852073669434e-02
-1.910502612590789795e-01 7.550674676895141602e-02
-1.333186328411102295e-01 7.497058063745498657e-02
-7.435000687837600708e-02 4.441489279270172119e-02
-1.540988963097333908e-02 2.042628824710845947e-03
-6.070380806922912598e-01 -2.358690500259399414e-01
-5.616227984428405762e-01 -2.909505069255828857e-01
-4.783888161182403564e-01 -3.092564940452575684e-01
-3.783901929855346680e-01 -2.903258800506591797e-01
-4.545351862907409668e-01 -2.448709607124328613e-01
-5.317879319190979004e-01 -2.182192206382751465e-01
-2.618483640253543854e-02 -3.833174407482147217e-01
3.405679017305374146e-02 -4.499828815460205078e-01
1.201408803462982178e-01 -4.803072512149810791e-01
2.444376945495605469e-01 -4.667236804962158203e-01
1.408858299255371094e-01 -3.976825773715972900e-01
5.603265389800071716e-02 -3.790773749351501465e-01
-1.990475952625274658e-01 3.775461316108703613e-01
-2.171554416418075562e-01 2.698244452476501465e-01
-1.525827497243881226e-01 2.181021422147750854e-01
-9.531681239604949951e-02 2.050011157989501953e-01
-3.273673355579376221e-02 1.865919232368469238e-01
9.744595736265182495e-02 1.888076215982437134e-01
2.408255487680435181e-01 2.625654935836791992e-01
2.111304402351379395e-01 4.148871600627899170e-01
1.210778579115867615e-01 4.942791759967803955e-01
5.405012890696525574e-02 5.244876742362976074e-01
-1.755573228001594543e-02 5.290932655334472656e-01
-1.149888411164283752e-01 4.981235861778259277e-01
-1.898413151502609253e-01 3.805929124355316162e-01
-1.104656755924224854e-01 2.587027847766876221e-01
-5.924502760171890259e-02 2.396729439496994019e-01
6.895082187838852406e-04 2.300715446472167969e-01
2.384390234947204590e-01 2.620249092578887939e-01
1.088437363505363464e-01 4.256272315979003906e-01
4.769653081893920898e-02 4.466293454170227051e-01
-1.484816148877143860e-02 4.566210806369781494e-01
