-6.466880440711975098e-01 -2.192376255989074707e-01 4.785607159137725830e-01 0.000000000000000000e+00
-5.641357898712158203e-01 -4.850044474005699158e-02 4.966399967670440674e-01 0.000000000000000000e+00
-4.665072560310363770e-01 1.420539468526840210e-01 5.051217675209045410e-01 0.000000000000000000e+00
-3.848786354064941406e-01 3.076233267784118652e-01 4.412836730480194092e-01 0.000000000000000000e+00
-3.139405250549316406e-01 4.692901372909545898e-01 3.228219449520111084e-01 0.000000000000000000e+00
-2.352904826402664185e-01 6.070813536643981934e-01 1.537533998489379883e-01 0.000000000000000000e+00
-1.098347976803779602e-01 7.237644195556640625e-01 3.510849177837371826e-02 1.000000000000000000e+00
3.857899084687232971e-02 7.966037988662719727e-01 -1.036945432424545288e-01 1.000000000000000000e+00
2.134034335613250732e-01 8.010318875312805176e-01 -1.549022346735000610e-01 1.000000000000000000e+00
3.470781445503234863e-01 7.165185809135437012e-01 -1.897930502891540527e-01 1.000000000000000000e+00
4.909406900405883789e-01 5.694789290428161621e-01 -1.437955051660537720e-01 1.000000000000000000e+00
5.822554826736450195e-01 3.913444876670837402e-01 -1.013838425278663635e-01 1.000000000000000000e+00
6.630154252052307129e-01 2.067260146141052246e-01 5.176412872970104218e-03 1.000000000000000000e+00
7.048570513725280762e-01 1.355750765651464462e-02 7.838474959135055542e-02 1.000000000000000000e+00
7.234874367713928223e-01 -1.759919971227645874e-01 1.004557833075523376e-01 1.000000000000000000e+00
6.961321830749511719e-01 -3.876054584980010986e-01 5.708661675453186035e-02 1.000000000000000000e+00
6.751413941383361816e-01 -5.762750506401062012e-01 2.321354113519191742e-02 1.000000000000000000e+00
-6.969219446182250977e-01 -2.970016300678253174e-01 1.080903224647045135e-02 1.000000000000000000e+00
-7.126384973526000977e-01 -4.555294811725616455e-01 -1.639980077743530273e-01 1.000000000000000000e+00
-6.279627084732055664e-01 -5.130015015602111816e-01 -3.331886827945709229e-01 1.000000000000000000e+00
-5.010512471199035645e-01 -5.221904516220092773e-01 -4.395186901092529297e-01 1.000000000000000000e+00
-3.720459043979644775e-01 -5.003643631935119629e-01 -4.965923130512237549e-01 1.000000000000000000e+00
-1.960871219635009766e-01 -5.525836348533630371e-01 -5.580356717109680176e-01 1.000000000000000000e+00
-8.552782982587814331e-02 -6.393284797668457031e-01 -5.852773785591125488e-01 1.000000000000000000e+00
6.779293715953826904e-02 -7.022090554237365723e-01 -5.732421278953552246e-01 1.000000000000000000e+00
2.486209869384765625e-01 -7.203215956687927246e-01 -4.880481362342834473e-01 1.000000000000000000e+00
4.071558415889739990e-01 -6.033877134323120117e-01 -3.616691231727600098e-01 1.000000000000000000e+00
-2.463526874780654907e-01 -3.696773648262023926e-01 -5.360250473022460938e-01 1.000000000000000000e+00
-2.319309860467910767e-01 -2.450786381959915161e-01 -5.956017971038818359e-01 1.000000000000000000e+00
-2.263473123311996460e-01 -1.430433094501495361e-01 -6.579570770263671875e-01 1.000000000000000000e+00
-2.136981189250946045e-01 -4.308896139264106750e-02 -7.018828392028808594e-01 1.000000000000000000e+00
-2.492669820785522461e-01 6.425961852073669434e-02 -4.758992493152618408e-01 1.000000000000000000e+00
-1.910502612590789795e-01 7.550674676895141602e-02 -5.184673070907592773e-01 1.000000000000000000e+00
-1.333186328411102295e-01 7.497058063745498657e-02 -5.525438189506530762e-01 1.000000000000000000e+00
-7.435000687837600708e-02 4.441489279270172119e-02 -5.590404868125915527e-01 1.000000000000000000e+00
-1.540988963097333908e-02 2.042628824710845947e-03 -5.576133728027343750e-01 1.000000000000000000e+00
-6.070380806922912598e-01 -2.358690500259399414e-01 -2.037354260683059692e-01 1.000000000000000000e+00
-5.616227984428405762e-01 -2.909505069255828857e-01 -3.216052353382110596e-01 1.000000000000000000e+00
-4.783888161182403564e-01 -3.092564940452575684e-01 -3.553851246833801270e-01 1.000000000000000000e+00
-3.783901929855346680e-01 -2.903258800506591797e-01 -3.560627102851867676e-01 1.000000000000000000e+00
-4.545351862907409668e-01 -2.448709607124328613e-01 -3.417952060699462891e-01 1.000000000000000000e+00
-5.317879319190979004e-01 -2.182192206382751465e-01 -3.051011860370635986e-01 1.000000000000000000e+00
-2.618483640253543854e-02 -3.833174407482147217e-01 -4.826050698757171631e-01 1.000000000000000000e+00
3.405679017305374146e-02 -4.499828815460205078e-01 -5.374120473861694336e-01 1.000000000000000000e+00
1.201408803462982178e-01 -4.803072512149810791e-01 -5.610542297363281250e-01 1.000000000000000000e+00
2.444376945495605469e-01 -4.667236804962158203e-01 -5.011921525001525879e-01 1.000000000000000000e+00
1.408858299255371094e-01 -3.976825773715972900e-01 -5.417844057083129883e-01 1.000000000000000000e+00
5.603265389800071716e-02 -3.790773749351501465e-01 -5.218033790588378906e-01 1.000000000000000000e+00
-1.990475952625274658e-01 3.775461316108703613e-01 -2.604115903377532959e-01 1.000000000000000000e+00
-2.171554416418075562e-01 2.698244452476501465e-01 -4.152953028678894043e-01 1.000000000000000000e+00
-1.525827497243881226e-01 2.181021422147750854e-01 -5.215022563934326172e-01 1.000000000000000000e+00
-9.531681239604949951e-02 2.050011157989501953e-01 -5.510897040367126465e-01 1.000000000000000000e+00
-3.273673355579376221e-02 1.865919232368469238e-01 -5.629717707633972168e-01 1.000000000000000000e+00
9.744595736265182495e-02 1.888076215982437134e-01 -5.213103890419006348e-01 1.000000000000000000e+00
2.408255487680435181e-01 2.625654935836791992e-01 -3.986506164073944092e-01 1.000000000000000000e+00
2.111304402351379395e-01 4.148871600627899170e-01 -4.246455132961273193e-01 1.000000000000000000e+00
1.210778579115867615e-01 4.942791759967803955e-01 -4.505438804626464844e-01 1.000000000000000000e+00
5.405012890696525574e-02 5.244876742362976074e-01 -4.366610646247863770e-01 1.000000000000000000e+00
-1.755573228001594543e-02 5.290932655334472656e-01 -4.095385372638702393e-01 1.000000000000000000e+00
-1.149888411164283752e-01 4.981235861778259277e-01 -3.312205672264099121e-01 1.000000000000000000e+00
-1.898413151502609253e-01 3.805929124355316162e-01 -2.543103396892547607e-01 1.000000000000000000e+00
-1.104656755924224854e-01 2.587027847766876221e-01 -4.440239667892456055e-01 1.000000000000000000e+00
-5.924502760171890259e-02 2.396729439496994019e-01 -4.709107875823974609e-01 1.000000000000000000e+00
6.895082187838852406e-04 2.300715446472167969e-01 -4.814682006835937500e-01 0.000000000000000000e+00
2.384390234947204590e-01 2.620249092578887939e-01 -3.978873789310455322e-01 1.000000000000000000e+00
1.088437363505363464e-01 4.256272315979003906e-01 -4.062320291996002197e-01 1.000000000000000000e+00
4.769653081893920898e-02 4.466293454170227051e-01 -3.934913277626037598e-01 1.000000000000000000e+00
-1.484816148877143860e-02 4.566210806369781494e-01 -3.697316348552703857e-01 1.000000000000000000e+00
