-7.265883088111877441e-01 -1.619763374328613281e-01
-6.945650577545166016e-01 1.796836405992507935e-02
-6.177732348442077637e-01 1.830608248710632324e-01
-5.326266884803771973e-01 3.262076079845428467e-01
-4.512399137020111084e-01 4.664666354656219482e-01
-3.450926542282104492e-01 5.965821743011474609e-01
-2.129521965980529785e-01 6.935112476348876953e-01
-5.104021355509757996e-02 7.670634984970092773e-01
1.040244475007057190e-01 7.602788805961608887e-01
2.750663757324218750e-01 6.840177774429321289e-01
4.466146528720855713e-01 5.614545941352844238e-01
5.794867873191833496e-01 4.156834185123443604e-01
6.818528771400451660e-01 2.305479198694229126e-01
7.387217283248901367e-01 2.553107962012290955e-02
7.550049424171447754e-01 -1.762191802263259888e-01
7.201521992683410645e-01 -3.938505649566650391e-01
6.941685676574707031e-01 -5.912455916404724121e-01
-7.525984644889831543e-01 -2.684361636638641357e-01
-7.652419805526733398e-01 -4.190675318241119385e-01
-6.752094030380249023e-01 -4.562833607196807861e-01
-5.396353602409362793e-01 -4.528068006038665771e-01
-4.079795777797698975e-01 -4.315893948078155518e-01
-2.176750302314758301e-01 -4.810005426406860352e-01
-1.021239683032035828e-01 -5.629406571388244629e-01
5.971802771091461182e-02 -6.381533145904541016e-01
2.437307834625244141e-01 -6.715230941772460938e-01
4.178974926471710205e-01 -5.602019429206848145e-01
-2.738345861434936523e-01 -2.973310947418212891e-01
-2.564916312694549561e-01 -1.568739861249923706e-01
-2.522424757480621338e-01 -5.160501971840858459e-02
-2.413708120584487915e-01 5.542542412877082825e-02
-2.651535868644714355e-01 1.652116328477859497e-01
-2.113625854253768921e-01 1.795255988836288452e-01
-1.562136411666870117e-01 1.896194368600845337e-01
-9.923393279314041138e-02 1.536176800727844238e-01
-4.092868417501449585e-02 1.126243323087692261e-01
-6.437289714813232422e-01 -1.664121598005294800e-01
-5.858275890350341797e-01 -1.789387464523315430e-01
-5.056508779525756836e-01 -2.017710953950881958e-01
-4.088159203529357910e-01 -2.167450338602066040e-01
-4.876604378223419189e-01 -1.738887429237365723e-01
-5.738650560379028320e-01 -1.461137384176254272e-01
-3.093037568032741547e-02 -3.061205744743347168e-01
4.517172276973724365e-02 -3.345218598842620850e-01
1.307743489742279053e-01 -3.531549572944641113e-01
2.494327723979949951e-01 -3.837142884731292725e-01
1.469942629337310791e-01 -3.204054832458496094e-01
5.122279748320579529e-02 -3.032354712486267090e-01
-2.531450390815734863e-01 4.331266880035400391e-01
-2.348520308732986450e-01 3.932054340839385986e-01
-1.683098375797271729e-01 3.598950505256652832e-01
-1.135578304529190063e-01 3.556495904922485352e-01
-5.663508176803588867e-02 3.325375020503997803e-01
5.451242625713348389e-02 3.215488493442535400e-01
1.631951630115509033e-01 3.226982057094573975e-01
1.068537309765815735e-01 3.908846974372863770e-01
1.182179525494575500e-02 4.486281573772430420e-01
-4.925115406513214111e-02 4.726714789867401123e-01
-1.134404614567756653e-01 4.811287820339202881e-01
-1.963086724281311035e-01 4.710695147514343262e-01
-2.467137277126312256e-01 4.312161803245544434e-01
-1.338523179292678833e-01 4.100707769393920898e-01
-7.946782559156417847e-02 3.991464376449584961e-01
-2.289838902652263641e-02 3.828676044940948486e-01
1.608688682317733765e-01 3.232574760913848877e-01
-5.946772638708353043e-03 3.699534535408020020e-01
-6.788443773984909058e-02 3.870418667793273926e-01
-1.283383518457412720e-01 4.035871326923370361e-01
