-7.015753984451293945e-01 -2.489743381738662720e-01 3.736505508422851562e-01 0.000000000000000000e+00
-6.146456599235534668e-01 -6.592500209808349609e-02 4.119288027286529541e-01 0.000000000000000000e+00
-5.135913491249084473e-01 1.387186199426651001e-01 4.405360817909240723e-01 0.000000000000000000e+00
-4.244670271873474121e-01 3.219826519489288330e-01 3.794768154621124268e-01 0.000000000000000000e+00
-3.474391996860504150e-01 4.977119863033294678e-01 2.422506064176559448e-01 0.000000000000000000e+00
-2.750211656093597412e-01 6.413749456405639648e-01 3.535250574350357056e-02 0.000000000000000000e+00
-1.586205959320068359e-01 7.202780842781066895e-01 -1.388275474309921265e-01 1.000000000000000000e+00
-3.485973551869392395e-02 7.676209807395935059e-01 -3.386841714382171631e-01 1.000000000000000000e+00
1.360529810190200806e-01 7.578769922256469727e-01 -4.109573364257812500e-01 1.000000000000000000e+00
2.750663757324218750e-01 6.840177774429321289e-01 -4.460309445858001709e-01 1.000000000000000000e+00
4.466146528720855713e-01 5.614545941352844238e-01 -3.518875241279602051e-01 1.000000000000000000e+00
5.794867873191833496e-01 4.156834185123443604e-01 -2.704312801361083984e-01 1.000000000000000000e+00
6.818528771400451660e-01 2.305479198694229126e-01 -1.275739967823028564e-01 1.000000000000000000e+00
7.387217283248901367e-01 2.553107962012290955e-02 -4.057511314749717712e-02 1.000000000000000000e+00
7.550049424171447754e-01 -1.762191802263259888e-01 -2.457697317004203796e-02 1.000000000000000000e+00
7.201521992683410645e-01 -3.938505649566650391e-01 -8.492625504732131958e-02 1.000000000000000000e+00
6.941685676574707031e-01 -5.912455916404724121e-01 -1.394542455673217773e-01 1.000000000000000000e+00
-7.525984644889831543e-01 -2.684361636638641357e-01 -1.355495750904083252e-01 1.000000000000000000e+00
-7.652419805526733398e-01 -4.190675318241119385e-01 -3.453827798366546631e-01 1.000000000000000000e+00
-6.752094030380249023e-01 -4.562833607196807861e-01 -5.286737084388732910e-01 1.000000000000000000e+00
-5.396353602409362793e-01 -4.528068006038665771e-01 -6.446126699447631836e-01 1.000000000000000000e+00
-4.079795777797698975e-01 -4.315893948078155518e-01 -7.012146115303039551e-01 1.000000000000000000e+00
-2.176750302314758301e-01 -4.810005426406860352e-01 -7.716434597969055176e-01 1.000000000000000000e+00
-1.021239683032035828e-01 -5.629406571388244629e-01 -8.048098683357238770e-01 1.000000000000000000e+00
5.971802771091461182e-02 -6.381533145904541016e-01 -7.964651584625244141e-01 1.000000000000000000e+00
2.437307834625244141e-01 -6.715230941772460938e-01 -7.082052230834960938e-01 1.000000000000000000e+00
4.178974926471710205e-01 -5.602019429206848145e-01 -5.588333010673522949e-01 1.000000000000000000e+00
-2.738345861434936523e-01 -2.973310947418212891e-01 -7.306571602821350098e-01 1.000000000000000000e+00
-2.564916312694549561e-01 -1.568739861249923706e-01 -7.839069366455078125e-01 1.000000000000000000e+00
-2.522424757480621338e-01 -5.160501971840858459e-02 -8.408260941505432129e-01 1.000000000000000000e+00
-2.413708120584487915e-01 5.542542412877082825e-02 -8.809341788291931152e-01 1.000000000000000000e+00
-2.651535868644714355e-01 1.652116328477859497e-01 -6.384355425834655762e-01 1.000000000000000000e+00
-2.113625854253768921e-01 1.795255988836288452e-01 -6.844261288642883301e-01 1.000000000000000000e+00
-1.562136411666870117e-01 1.896194368600845337e-01 -7.222386598587036133e-01 1.000000000000000000e+00
-9.923393279314041138e-02 1.536176800727844238e-01 -7.277256250381469727e-01 1.000000000000000000e+00
-4.092868417501449585e-02 1.126243323087692261e-01 -7.237611413002014160e-01 1.000000000000000000e+00
-6.437289714813232422e-01 -1.664121598005294800e-01 -3.600510060787200928e-01 1.000000000000000000e+00
-5.858275890350341797e-01 -1.789387464523315430e-01 -4.848029911518096924e-01 1.000000000000000000e+00
-5.056508779525756836e-01 -2.017710953950881958e-01 -5.176734924316406250e-01 1.000000000000000000e+00
-4.088159203529357910e-01 -2.167450338602066040e-01 -5.212706923484802246e-01 1.000000000000000000e+00
-4.876604378223419189e-01 -1.738887429237365723e-01 -5.035455822944641113e-01 1.000000000000000000e+00
-5.738650560379028320e-01 -1.461137384176254272e-01 -4.606857001781463623e-01 1.000000000000000000e+00
-3.093037568032741547e-02 -3.061205744743347168e-01 -6.638839840888977051e-01 1.000000000000000000e+00
4.517172276973724365e-02 -3.345218598842620850e-01 -7.237836122512817383e-01 1.000000000000000000e+00
1.307743489742279053e-01 -3.531549572944641113e-01 -7.495269179344177246e-01 1.000000000000000000e+00
2.494327723979949951e-01 -3.837142884731292725e-01 -6.896365880966186523e-01 1.000000000000000000e+00
1.469942629337310791e-01 -3.204054832458496094e-01 -7.264134883880615234e-01 1.000000000000000000e+00
5.122279748320579529e-02 -3.032354712486267090e-01 -7.029364705085754395e-01 1.000000000000000000e+00
-2.531450390815734863e-01 4.331266880035400391e-01 -5.024206638336181641e-01 1.000000000000000000e+00
-2.348520308732986450e-01 3.932054340839385986e-01 -6.120319366455078125e-01 1.000000000000000000e+00
-1.683098375797271729e-01 3.598950505256652832e-01 -6.958832740783691406e-01 1.000000000000000000e+00
-1.135578304529190063e-01 3.556495904922485352e-01 -7.235968708992004395e-01 1.000000000000000000e+00
-5.663508176803588867e-02 3.325375020503997803e-01 -7.378162741661071777e-01 1.000000000000000000e+00
5.451242625713348389e-02 3.215488493442535400e-01 -7.167140245437622070e-01 1.000000000000000000e+00
1.631951630115509033e-01 3.226982057094573975e-01 -6.502242088317871094e-01 1.000000000000000000e+00
1.068537309765815735e-01 3.908846974372863770e-01 -6.875784993171691895e-01 1.000000000000000000e+00
1.182179525494575500e-02 4.486281573772430420e-01 -7.102371454238891602e-01 1.000000000000000000e+00
-4.925115406513214111e-02 4.726714789867401123e-01 -6.907858848571777344e-01 1.000000000000000000e+00
-1.134404614567756653e-01 4.811287820339202881e-01 -6.619736552238464355e-01 1.000000000000000000e+00
-1.963086724281311035e-01 4.710695147514343262e-01 -5.836879611015319824e-01 1.000000000000000000e+00
-2.467137277126312256e-01 4.312161803245544434e-01 -5.019943118095397949e-01 1.000000000000000000e+00
-1.338523179292678833e-01 4.100707769393920898e-01 -6.357533931732177734e-01 0.000000000000000000e+00
-7.946782559156417847e-02 3.991464376449584961e-01 -6.613883972167968750e-01 1.000000000000000000e+00
-2.289838902652263641e-02 3.828676044940948486e-01 -6.757455468177795410e-01 0.000000000000000000e+00
1.608688682317733765e-01 3.232574760913848877e-01 -6.496310830116271973e-01 1.000000000000000000e+00
-5.946772638708353043e-03 3.699534535408020020e-01 -6.964824199676513672e-01 1.000000000000000000e+00
-6.788443773984909058e-02 3.870418667793273926e-01 -6.797617077827453613e-01 1.000000000000000000e+00
-1.283383518457412720e-01 4.035871326923370361e-01 -6.528633236885070801e-01 1.000000000000000000e+00
