-6.977634429931640625e-01 -6.728239059448242188e-01
-7.138816714286804199e-01 -4.584320783615112305e-01
-7.245655059814453125e-01 -2.579950094223022461e-01
-7.337776422500610352e-01 -6.260469555854797363e-02
-7.076954245567321777e-01 1.554071605205535889e-01
-6.438627243041992188e-01 3.448952436447143555e-01
-5.102243423461914062e-01 5.159364938735961914e-01
-3.453851640224456787e-01 6.663059592247009277e-01
-1.796074360609054565e-01 7.385255694389343262e-01
-1.519841258414089680e-03 7.288467288017272949e-01
2.029990255832672119e-01 6.418507695198059082e-01
3.663846850395202637e-01 5.312277078628540039e-01
4.879799187183380127e-01 3.913801014423370361e-01
5.710322856903076172e-01 2.298247069120407104e-01
6.366040110588073730e-01 8.278813958168029785e-02
7.193445563316345215e-01 -8.521746098995208740e-02
7.886720299720764160e-01 -3.093948066234588623e-01
-5.607646107673645020e-01 -5.924004912376403809e-01
-4.279944300651550293e-01 -6.787552833557128906e-01
-2.693462371826171875e-01 -6.312489509582519531e-01
-1.143486276268959045e-01 -5.485771298408508301e-01
9.430304169654846191e-03 -4.670713245868682861e-01
2.146489769220352173e-01 -4.258880019187927246e-01
3.624593615531921387e-01 -4.495719373226165771e-01
5.286052823066711426e-01 -4.598916769027709961e-01
6.701011657714843750e-01 -4.468142986297607422e-01
7.199299931526184082e-01 -3.235338926315307617e-01
7.206264138221740723e-02 -2.855390906333923340e-01
4.393536224961280823e-02 -1.305143088102340698e-01
1.878122426569461823e-02 -5.435734055936336517e-03
-5.960692651569843292e-03 1.183527484536170959e-01
-1.706069856882095337e-01 1.144182011485099792e-01
-1.089630052447319031e-01 1.626126766204833984e-01
-4.451677203178405762e-02 1.998571753501892090e-01
2.980067767202854156e-02 1.924979835748672485e-01
1.038150042295455933e-01 1.751011312007904053e-01
-4.284618794918060303e-01 -4.070846736431121826e-01
-3.269216716289520264e-01 -3.758144080638885498e-01
-2.334112823009490967e-01 -3.545818328857421875e-01
-1.453260183334350586e-01 -3.195287287235260010e-01
-2.385533303022384644e-01 -3.128980696201324463e-01
-3.404505252838134766e-01 -3.316186070442199707e-01
2.554264366626739502e-01 -2.293241769075393677e-01
3.575588762760162354e-01 -2.235476821660995483e-01
4.531770050525665283e-01 -2.060440331697463989e-01
5.443518161773681641e-01 -1.958625167608261108e-01
4.379294812679290771e-01 -1.612709015607833862e-01
3.387859761714935303e-01 -1.855633258819580078e-01
-3.494583368301391602e-01 2.340890616178512573e-01
-2.623485028743743896e-01 2.522135376930236816e-01
-1.422574967145919800e-01 2.865402996540069580e-01
-7.126151770353317261e-02 3.130061328411102295e-01
3.846563166007399559e-03 3.182364106178283691e-01
1.114442571997642517e-01 3.326262831687927246e-01
1.795573681592941284e-01 3.397193849086761475e-01
8.649895340204238892e-02 4.139116406440734863e-01
-2.974071726202964783e-02 4.447837769985198975e-01
-1.088538616895675659e-01 4.376740455627441406e-01
-1.847472190856933594e-01 4.135881960391998291e-01
-2.916688024997711182e-01 3.390201926231384277e-01
-3.453296422958374023e-01 2.359738349914550781e-01
-1.547779142856597900e-01 3.135857284069061279e-01
-8.239675313234329224e-02 3.298468887805938721e-01
-1.060412265360355377e-02 3.446362614631652832e-01
1.779895126819610596e-01 3.393971920013427734e-01
-1.560926157981157303e-02 3.625871241092681885e-01
-9.268943965435028076e-02 3.545888960361480713e-01
-1.711972653865814209e-01 3.328744471073150635e-01
