-7.092360854148864746e-01 -6.930571198463439941e-01 -2.549453377723693848e-01 1.000000000000000000e+00
-7.295037508010864258e-01 -5.016175508499145508e-01 -1.668480634689331055e-01 1.000000000000000000e+00
-7.411874532699584961e-01 -2.813013195991516113e-01 -7.724206149578094482e-02 1.000000000000000000e+00
-7.268526554107666016e-01 -6.077035143971443176e-02 -7.886166125535964966e-02 0.000000000000000000e+00
-6.930436491966247559e-01 1.644363254308700562e-01 -1.583864539861679077e-01 0.000000000000000000e+00
-6.262544989585876465e-01 3.718679845333099365e-01 -3.086501061916351318e-01 1.000000000000000000e+00
-4.988359212875366211e-01 5.292004942893981934e-01 -4.178783297538757324e-01 1.000000000000000000e+00
-3.423440754413604736e-01 6.682071685791015625e-01 -5.562348961830139160e-01 1.000000000000000000e+00
-1.694761812686920166e-01 7.389949560165405273e-01 -5.575988292694091797e-01 1.000000000000000000e+00
-6.885518785566091537e-03 7.287583947181701660e-01 -5.357027649879455566e-01 1.000000000000000000e+00
1.694002002477645874e-01 6.575679183006286621e-01 -3.785601556301116943e-01 1.000000000000000000e+00
3.245958983898162842e-01 5.554146766662597656e-01 -2.540482282638549805e-01 0.000000000000000000e+00
4.430001080036163330e-01 3.894598782062530518e-01 -9.113072603940963745e-02 0.000000000000000000e+00
5.517639517784118652e-01 1.994089037179946899e-01 -1.899782568216323853e-03 0.000000000000000000e+00
6.522997617721557617e-01 1.301749609410762787e-02 5.212906282395124435e-03 1.000000000000000000e+00
7.427700757980346680e-01 -1.863081902265548706e-01 -8.344055712223052979e-02 1.000000000000000000e+00
8.253774046897888184e-01 -3.655228614807128906e-01 -1.592938005924224854e-01 1.000000000000000000e+00
-5.607646107673645020e-01 -5.924004912376403809e-01 -7.523493170738220215e-01 1.000000000000000000e+00
-4.279944300651550293e-01 -6.787552833557128906e-01 -9.620406031608581543e-01 1.000000000000000000e+00
-2.693462371826171875e-01 -6.312489509582519531e-01 -1.094943404197692871e+00 1.000000000000000000e+00
-1.143486276268959045e-01 -5.485771298408508301e-01 -1.143923401832580566e+00 1.000000000000000000e+00
9.430304169654846191e-03 -4.670713245868682861e-01 -1.135418415069580078e+00 1.000000000000000000e+00
2.146489769220352173e-01 -4.258880019187927246e-01 -1.123666524887084961e+00 1.000000000000000000e+00
3.624593615531921387e-01 -4.495719373226165771e-01 -1.114812374114990234e+00 1.000000000000000000e+00
5.286052823066711426e-01 -4.598916769027709961e-01 -1.042395234107971191e+00 1.000000000000000000e+00
6.701011657714843750e-01 -4.468142986297607422e-01 -8.852667808532714844e-01 1.000000000000000000e+00
7.199299931526184082e-01 -3.235338926315307617e-01 -6.647747755050659180e-01 1.000000000000000000e+00
7.206264138221740723e-02 -2.855390906333923340e-01 -1.092195987701416016e+00 1.000000000000000000e+00
4.393536224961280823e-02 -1.305143088102340698e-01 -1.124596595764160156e+00 1.000000000000000000e+00
1.878122426569461823e-02 -5.435734055936336517e-03 -1.163392186164855957e+00 1.000000000000000000e+00
-5.960692651569843292e-03 1.183527484536170959e-01 -1.188625335693359375e+00 1.000000000000000000e+00
-1.706069856882095337e-01 1.144182011485099792e-01 -9.498826861381530762e-01 1.000000000000000000e+00
-1.089630052447319031e-01 1.626126766204833984e-01 -9.656903743743896484e-01 1.000000000000000000e+00
-4.451677203178405762e-02 1.998571753501892090e-01 -9.711484909057617188e-01 1.000000000000000000e+00
2.980067767202854156e-02 1.924979835748672485e-01 -9.578011035919189453e-01 1.000000000000000000e+00
1.038150042295455933e-01 1.751011312007904053e-01 -9.334602952003479004e-01 0.000000000000000000e+00
-4.284618794918060303e-01 -4.070846736431121826e-01 -9.033508300781250000e-01 1.000000000000000000e+00
-3.269216716289520264e-01 -3.758144080638885498e-01 -1.001917839050292969e+00 1.000000000000000000e+00
-2.334112823009490967e-01 -3.545818328857421875e-01 -9.981158971786499023e-01 1.000000000000000000e+00
-1.453260183334350586e-01 -3.195287287235260010e-01 -9.513635635375976562e-01 1.000000000000000000e+00
-2.385533303022384644e-01 -3.128980696201324463e-01 -9.660161733627319336e-01 1.000000000000000000e+00
-3.404505252838134766e-01 -3.316186070442199707e-01 -9.625811576843261719e-01 1.000000000000000000e+00
2.554264366626739502e-01 -2.293241769075393677e-01 -9.298428297042846680e-01 1.000000000000000000e+00
3.575588762760162354e-01 -2.235476821660995483e-01 -9.638171792030334473e-01 1.000000000000000000e+00
4.531770050525665283e-01 -2.060440331697463989e-01 -9.534209370613098145e-01 1.000000000000000000e+00
5.443518161773681641e-01 -1.958625167608261108e-01 -8.417732715606689453e-01 1.000000000000000000e+00
4.379294812679290771e-01 -1.612709015607833862e-01 -9.137897491455078125e-01 1.000000000000000000e+00
3.387859761714935303e-01 -1.855633258819580078e-01 -9.311104416847229004e-01 1.000000000000000000e+00
-3.494583368301391602e-01 2.340890616178512573e-01 -7.372564673423767090e-01 1.000000000000000000e+00
-2.623485028743743896e-01 2.522135376930236816e-01 -8.559398651123046875e-01 1.000000000000000000e+00
-1.422574967145919800e-01 2.865402996540069580e-01 -9.169467687606811523e-01 1.000000000000000000e+00
-7.126151770353317261e-02 3.130061328411102295e-01 -9.184706211090087891e-01 1.000000000000000000e+00
3.846563166007399559e-03 3.182364106178283691e-01 -9.089744687080383301e-01 1.000000000000000000e+00
1.114442571997642517e-01 3.326262831687927246e-01 -8.336021900177001953e-01 1.000000000000000000e+00
1.795573681592941284e-01 3.397193849086761475e-01 -7.074400782585144043e-01 1.000000000000000000e+00
8.649895340204238892e-02 4.139116406440734863e-01 -7.803710103034973145e-01 1.000000000000000000e+00
-2.974071726202964783e-02 4.447837769985198975e-01 -8.493124842643737793e-01 1.000000000000000000e+00
-1.088538616895675659e-01 4.376740455627441406e-01 -8.568335771560668945e-01 1.000000000000000000e+00
-1.847472190856933594e-01 4.135881960391998291e-01 -8.541716933250427246e-01 1.000000000000000000e+00
-2.916688024997711182e-01 3.390201926231384277e-01 -8.004508614540100098e-01 1.000000000000000000e+00
-3.453296422958374023e-01 2.359738349914550781e-01 -7.346655726432800293e-01 1.000000000000000000e+00
-1.547779142856597900e-01 3.135857284069061279e-01 -8.362494111061096191e-01 0.000000000000000000e+00
-8.239675313234329224e-02 3.298468887805938721e-01 -8.346157073974609375e-01 0.000000000000000000e+00
-1.060412265360355377e-02 3.446362614631652832e-01 -8.279532790184020996e-01 0.000000000000000000e+00
1.779895126819610596e-01 3.393971920013427734e-01 -7.080625295639038086e-01 1.000000000000000000e+00
-1.560926157981157303e-02 3.625871241092681885e-01 -8.327452540397644043e-01 1.000000000000000000e+00
-9.268943965435028076e-02 3.545888960361480713e-01 -8.496477603912353516e-01 1.000000000000000000e+00
-1.711972653865814209e-01 3.328744471073150635e-01 -8.390878438949584961e-01 1.000000000000000000e+00
