-7.184844017028808594e-01 -1.527041643857955933e-01
-6.837410330772399902e-01 2.070562168955802917e-02
-6.047015190124511719e-01 1.829888969659805298e-01
-5.243945121765136719e-01 3.233921825885772705e-01
-4.361169934272766113e-01 4.608892500400543213e-01
-3.257375657558441162e-01 5.885083675384521484e-01
-1.845134496688842773e-01 6.795184016227722168e-01
-7.463466376066207886e-03 7.412657737731933594e-01
1.516201943159103394e-01 7.259795665740966797e-01
3.212517499923706055e-01 6.449193954467773438e-01
4.840287566184997559e-01 5.217761993408203125e-01
6.051947474479675293e-01 3.736115396022796631e-01
6.940121054649353027e-01 1.930620372295379639e-01
7.384079098701477051e-01 -9.173139929771423340e-03
7.436993122100830078e-01 -2.063006907701492310e-01
7.076762914657592773e-01 -4.146806597709655762e-01
6.787710785865783691e-01 -6.120281815528869629e-01
-7.405445575714111328e-01 -2.549297809600830078e-01
-7.470618486404418945e-01 -4.137704074382781982e-01
-6.517675518989562988e-01 -4.630086123943328857e-01
-5.123231410980224609e-01 -4.711741507053375244e-01
-3.776549696922302246e-01 -4.557713866233825684e-01
-1.866080611944198608e-01 -5.119084715843200684e-01
-7.222130894660949707e-02 -5.986632108688354492e-01
8.540573716163635254e-02 -6.752189397811889648e-01
2.627275288105010986e-01 -7.057220935821533203e-01
4.302451610565185547e-01 -5.918741226196289062e-01
-2.394943684339523315e-01 -3.272544443607330322e-01
-2.167606055736541748e-01 -1.910452246665954590e-01
-2.065192908048629761e-01 -8.677005022764205933e-02
-1.900459825992584229e-01 1.879014447331428528e-02
-2.272031605243682861e-01 1.369216591119766235e-01
-1.694078296422958374e-01 1.458244770765304565e-01
-1.103628873825073242e-01 1.508454680442810059e-01
-5.245992541313171387e-02 1.140636056661605835e-01
5.601004231721162796e-03 7.289184629917144775e-02
-6.282523870468139648e-01 -1.905392855405807495e-01
-5.779990553855895996e-01 -2.422852516174316406e-01
-4.893901944160461426e-01 -2.634819746017456055e-01
-3.863238990306854248e-01 -2.474998235702514648e-01
-4.595342576503753662e-01 -1.980182975530624390e-01
-5.461423993110656738e-01 -1.683838069438934326e-01
-4.704604391008615494e-03 -3.520409464836120605e-01
5.624208226799964905e-02 -4.206050634384155273e-01
1.480082422494888306e-01 -4.528833627700805664e-01
2.722715437412261963e-01 -4.449298679828643799e-01
1.735089123249053955e-01 -3.688677251338958740e-01
7.858077436685562134e-02 -3.463668525218963623e-01
-2.147440910339355469e-01 4.024128019809722900e-01
-1.940189450979232788e-01 3.551182746887207031e-01
-1.240168735384941101e-01 3.152818679809570312e-01
-6.746089458465576172e-02 3.065045177936553955e-01
-9.424398653209209442e-03 2.831474840641021729e-01
1.024097502231597900e-01 2.718289494514465332e-01
2.113259583711624146e-01 2.762236297130584717e-01
1.570363044738769531e-01 3.470947742462158203e-01
6.372323632240295410e-02 4.066662490367889404e-01
1.947046257555484772e-03 4.322046935558319092e-01
-6.253314763307571411e-02 4.439803361892700195e-01
-1.498546600341796875e-01 4.385535120964050293e-01
-2.083231359720230103e-01 4.007684588432312012e-01
-9.077120572328567505e-02 3.677808642387390137e-01
-3.592033311724662781e-02 3.526292443275451660e-01
2.194204553961753845e-02 3.362320363521575928e-01
2.089124172925949097e-01 2.767804563045501709e-01
4.463637247681617737e-02 3.345714211463928223e-01
-1.766124367713928223e-02 3.545995652675628662e-01
-7.779672741889953613e-02 3.720969259738922119e-01
