-7.143458127975463867e-01 -2.110656350851058960e-01 3.648639619350433350e-01 1.000000000000000000e+00
-6.257143616676330566e-01 -3.245706111192703247e-02 3.982298672199249268e-01 0.000000000000000000e+00
-5.224876999855041504e-01 1.667725592851638794e-01 4.215244948863983154e-01 0.000000000000000000e+00
-4.295392930507659912e-01 3.407842218875885010e-01 3.572084009647369385e-01 0.000000000000000000e+00
-3.439091742038726807e-01 5.058103799819946289e-01 2.192402333021163940e-01 0.000000000000000000e+00
-2.584637701511383057e-01 6.360983848571777344e-01 1.273036189377307892e-02 0.000000000000000000e+00
-1.302648186683654785e-01 7.064717411994934082e-01 -1.522783488035202026e-01 1.000000000000000000e+00
6.893933285027742386e-03 7.440661787986755371e-01 -3.407427668571472168e-01 1.000000000000000000e+00
1.819819808006286621e-01 7.254143357276916504e-01 -4.028356373310089111e-01 1.000000000000000000e+00
3.211106657981872559e-01 6.457529664039611816e-01 -4.286392927169799805e-01 1.000000000000000000e+00
4.827985763549804688e-01 5.226488113403320312e-01 -3.285463452339172363e-01 1.000000000000000000e+00
6.044587492942810059e-01 3.765814006328582764e-01 -2.400057017803192139e-01 1.000000000000000000e+00
6.941536068916320801e-01 1.966115087270736694e-01 -8.682949841022491455e-02 1.000000000000000000e+00
7.389609813690185547e-01 -3.700680565088987350e-03 1.124471519142389297e-02 1.000000000000000000e+00
7.483361959457397461e-01 -2.005168050527572632e-01 3.885706141591072083e-02 1.000000000000000000e+00
7.105372548103332520e-01 -4.158878326416015625e-01 -1.266853045672178268e-02 1.000000000000000000e+00
6.816489100456237793e-01 -6.106778383255004883e-01 -5.908975750207901001e-02 1.000000000000000000e+00
-7.405445575714111328e-01 -2.549297809600830078e-01 -1.344828009605407715e-01 1.000000000000000000e+00
-7.470618486404418945e-01 -4.137704074382781982e-01 -3.317168951034545898e-01 1.000000000000000000e+00
-6.517675518989562988e-01 -4.630086123943328857e-01 -5.059737563133239746e-01 1.000000000000000000e+00
-5.123231410980224609e-01 -4.711741507053375244e-01 -6.126160621643066406e-01 1.000000000000000000e+00
-3.776549696922302246e-01 -4.557713866233825684e-01 -6.632101535797119141e-01 1.000000000000000000e+00
-1.866080611944198608e-01 -5.119084715843200684e-01 -7.220901250839233398e-01 1.000000000000000000e+00
-7.222130894660949707e-02 -5.986632108688354492e-01 -7.473889589309692383e-01 1.000000000000000000e+00
8.540573716163635254e-02 -6.752189397811889648e-01 -7.273842096328735352e-01 1.000000000000000000e+00
2.627275288105010986e-01 -7.057220935821533203e-01 -6.307820677757263184e-01 1.000000000000000000e+00
4.302451610565185547e-01 -5.918741226196289062e-01 -4.832556843757629395e-01 1.000000000000000000e+00
-2.394943684339523315e-01 -3.272544443607330322e-01 -6.930699944496154785e-01 1.000000000000000000e+00
-2.167606055736541748e-01 -1.910452246665954590e-01 -7.517870068550109863e-01 1.000000000000000000e+00
-2.065192908048629761e-01 -8.677005022764205933e-02 -8.116538524627685547e-01 1.000000000000000000e+00
-1.900459825992584229e-01 1.879014447331428528e-02 -8.540405631065368652e-01 1.000000000000000000e+00
-2.272031605243682861e-01 1.369216591119766235e-01 -6.212512254714965820e-01 1.000000000000000000e+00
-1.694078296422958374e-01 1.458244770765304565e-01 -6.642377972602844238e-01 1.000000000000000000e+00
-1.103628873825073242e-01 1.508454680442810059e-01 -6.992672681808471680e-01 1.000000000000000000e+00
-5.245992541313171387e-02 1.140636056661605835e-01 -7.008085250854492188e-01 1.000000000000000000e+00
5.601004231721162796e-03 7.289184629917144775e-02 -6.933041214942932129e-01 1.000000000000000000e+00
-6.282523870468139648e-01 -1.905392855405807495e-01 -3.492900431156158447e-01 1.000000000000000000e+00
-5.779990553855895996e-01 -2.422852516174316406e-01 -4.721527993679046631e-01 1.000000000000000000e+00
-4.893901944160461426e-01 -2.634819746017456055e-01 -5.047972202301025391e-01 1.000000000000000000e+00
-3.863238990306854248e-01 -2.474998235702514648e-01 -4.971736669540405273e-01 1.000000000000000000e+00
-4.595342576503753662e-01 -1.980182975530624390e-01 -4.832412600517272949e-01 1.000000000000000000e+00
-5.461423993110656738e-01 -1.683838069438934326e-01 -4.461423754692077637e-01 1.000000000000000000e+00
-4.704604391008615494e-03 -3.520409464836120605e-01 -6.171978712081909180e-01 1.000000000000000000e+00
5.624208226799964905e-02 -4.206050634384155273e-01 -6.760627627372741699e-01 1.000000000000000000e+00
1.480082422494888306e-01 -4.528833627700805664e-01 -6.967421770095825195e-01 1.000000000000000000e+00
2.722715437412261963e-01 -4.449298679828643799e-01 -6.234847903251647949e-01 1.000000000000000000e+00
1.735089123249053955e-01 -3.688677251338958740e-01 -6.654374599456787109e-01 1.000000000000000000e+00
7.858077436685562134e-02 -3.463668525218963623e-01 -6.488752365112304688e-01 1.000000000000000000e+00
-2.147440910339355469e-01 4.024128019809722900e-01 -4.895414412021636963e-01 1.000000000000000000e+00
-1.940189450979232788e-01 3.551182746887207031e-01 -6.040899753570556641e-01 1.000000000000000000e+00
-1.240168735384941101e-01 3.152818679809570312e-01 -6.845541596412658691e-01 1.000000000000000000e+00
-6.746089458465576172e-02 3.065045177936553955e-01 -7.092427015304565430e-01 1.000000000000000000e+00
-9.424398653209209442e-03 2.831474840641021729e-01 -7.201723456382751465e-01 1.000000000000000000e+00
1.024097502231597900e-01 2.718289494514465332e-01 -6.934782862663269043e-01 1.000000000000000000e+00
2.113259583711624146e-01 2.762236297130584717e-01 -6.151897907257080078e-01 1.000000000000000000e+00
1.570363044738769531e-01 3.470947742462158203e-01 -6.579545736312866211e-01 1.000000000000000000e+00
6.372323632240295410e-02 4.066662490367889404e-01 -6.859116554260253906e-01 1.000000000000000000e+00
1.947046257555484772e-03 4.322046935558319092e-01 -6.719007492065429688e-01 1.000000000000000000e+00
-6.253314763307571411e-02 4.439803361892700195e-01 -6.466976404190063477e-01 1.000000000000000000e+00
-1.498546600341796875e-01 4.385535120964050293e-01 -5.702642798423767090e-01 1.000000000000000000e+00
-2.083231359720230103e-01 4.007684588432312012e-01 -4.888684451580047607e-01 1.000000000000000000e+00
-9.077120572328567505e-02 3.677808642387390137e-01 -6.271208524703979492e-01 1.000000000000000000e+00
-3.592033311724662781e-02 3.526292443275451660e-01 -6.491798162460327148e-01 1.000000000000000000e+00
2.194204553961753845e-02 3.362320363521575928e-01 -6.603036522865295410e-01 1.000000000000000000e+00
2.089124172925949097e-01 2.767804563045501709e-01 -6.147475242614746094e-01 1.000000000000000000e+00
4.463637247681617737e-02 3.345714211463928223e-01 -6.708640456199645996e-01 1.000000000000000000e+00
-1.766124367713928223e-02 3.545995652675628662e-01 -6.586663722991943359e-01 1.000000000000000000e+00
-7.779672741889953613e-02 3.720969259738922119e-01 -6.345120072364807129e-01 1.000000000000000000e+00
