-7.542372345924377441e-01 -3.885395228862762451e-01
-7.683827877044677734e-01 -2.157034277915954590e-01
-7.471759915351867676e-01 -4.478668048977851868e-02
-6.956471204757690430e-01 1.140896230936050415e-01
-6.378375887870788574e-01 2.650402486324310303e-01
-5.551097393035888672e-01 4.193109571933746338e-01
-4.460296034812927246e-01 5.594074726104736328e-01
-3.125948011875152588e-01 6.851249933242797852e-01
-1.627054661512374878e-01 7.202245593070983887e-01
2.733965404331684113e-02 6.861587762832641602e-01
2.365736663341522217e-01 6.000145077705383301e-01
4.114224612712860107e-01 4.841841459274291992e-01
5.627984404563903809e-01 3.232952952384948730e-01
6.675029993057250977e-01 1.297055333852767944e-01
7.345176339149475098e-01 -6.936467438936233521e-02
7.503970265388488770e-01 -2.929266989231109619e-01
7.712774872779846191e-01 -4.934952557086944580e-01
-7.557603716850280762e-01 -4.994695484638214111e-01
-7.382460832595825195e-01 -6.407282948493957520e-01
-6.438758969306945801e-01 -6.518813371658325195e-01
-5.123915076255798340e-01 -6.159424781799316406e-01
-3.868496119976043701e-01 -5.638555884361267090e-01
-1.901468187570571899e-01 -5.688591003417968750e-01
-5.641594901680946350e-02 -6.228737235069274902e-01
1.221318468451499939e-01 -6.583365201950073242e-01
3.186245858669281006e-01 -6.520711779594421387e-01
4.743581712245941162e-01 -5.120101571083068848e-01
-2.860359251499176025e-01 -4.009660482406616211e-01
-3.019266724586486816e-01 -2.575244605541229248e-01
-3.233164250850677490e-01 -1.466635167598724365e-01
-3.377580046653747559e-01 -3.460155799984931946e-02
-3.868854343891143799e-01 4.169630259275436401e-02
-3.329365551471710205e-01 7.190461456775665283e-02
-2.741273939609527588e-01 9.242316335439682007e-02
-2.042368799448013306e-01 7.136190682649612427e-02
-1.314825862646102905e-01 4.165781661868095398e-02
-6.761121153831481934e-01 -3.744178116321563721e-01
-6.207908987998962402e-01 -3.802247047424316406e-01
-5.346139073371887207e-01 -3.804491460323333740e-01
-4.333795011043548584e-01 -3.616670072078704834e-01
-5.216135382652282715e-01 -3.371176719665527344e-01
-6.126744747161865234e-01 -3.316188752651214600e-01
-4.067904502153396606e-02 -3.605672419071197510e-01
3.782758489251136780e-02 -3.810414075851440430e-01
1.290261149406433105e-01 -3.834097087383270264e-01
2.582970857620239258e-01 -3.784563541412353516e-01
1.378735899925231934e-01 -3.333160877227783203e-01
3.950653597712516785e-02 -3.375752270221710205e-01
-4.348999857902526855e-01 2.480434775352478027e-01
-4.088612496852874756e-01 2.241607308387756348e-01
-3.269279301166534424e-01 2.183060646057128906e-01
-2.638249695301055908e-01 2.268234640359878540e-01
-1.944749951362609863e-01 2.175027281045913696e-01
-6.662505120038986206e-02 2.231130748987197876e-01
5.099762976169586182e-02 2.461662739515304565e-01
-4.126063734292984009e-02 3.284342586994171143e-01
-1.644103676080703735e-01 3.694508075714111328e-01
-2.384392172098159790e-01 3.777545392513275146e-01
-3.087158203125000000e-01 3.688070476055145264e-01
-3.924249112606048584e-01 3.279965519905090332e-01
-4.290368854999542236e-01 2.488951534032821655e-01
-3.002431094646453857e-01 2.621411681175231934e-01
-2.365183979272842407e-01 2.618946731090545654e-01
-1.701726168394088745e-01 2.612625956535339355e-01
4.888616129755973816e-02 2.458218932151794434e-01
-1.574542075395584106e-01 2.876960635185241699e-01
-2.311233282089233398e-01 2.911175787448883057e-01
-2.992857694625854492e-01 2.881009876728057861e-01
