-6.890910267829895020e-01 -4.864582717418670654e-01 3.776328563690185547e-01 0.000000000000000000e+00
-6.423482894897460938e-01 -2.874070107936859131e-01 4.185135662555694580e-01 0.000000000000000000e+00
-5.864043235778808594e-01 -6.405484676361083984e-02 4.509940147399902344e-01 0.000000000000000000e+00
-5.440821647644042969e-01 1.398389488458633423e-01 3.931494951248168945e-01 0.000000000000000000e+00
-5.187199711799621582e-01 3.340999186038970947e-01 2.610238790512084961e-01 0.000000000000000000e+00
-4.891146719455718994e-01 4.921406805515289307e-01 5.662643536925315857e-02 0.000000000000000000e+00
-3.989091515541076660e-01 6.032247543334960938e-01 -1.171039119362831116e-01 1.000000000000000000e+00
-2.960432767868041992e-01 6.886575222015380859e-01 -3.232645392417907715e-01 1.000000000000000000e+00
-1.292978972196578979e-01 7.245977520942687988e-01 -4.009950160980224609e-01 1.000000000000000000e+00
2.733965404331684113e-02 6.861587762832641602e-01 -4.399740695953369141e-01 1.000000000000000000e+00
2.365736663341522217e-01 6.000145077705383301e-01 -3.536032736301422119e-01 1.000000000000000000e+00
4.114224612712860107e-01 4.841841459274291992e-01 -2.851444184780120850e-01 1.000000000000000000e+00
5.627984404563903809e-01 3.232952952384948730e-01 -1.546080261468887329e-01 1.000000000000000000e+00
6.675029993057250977e-01 1.297055333852767944e-01 -7.698398083448410034e-02 1.000000000000000000e+00
7.345176339149475098e-01 -6.936467438936233521e-02 -6.819660961627960205e-02 1.000000000000000000e+00
7.503970265388488770e-01 -2.929266989231109619e-01 -1.365516334772109985e-01 1.000000000000000000e+00
7.712774872779846191e-01 -4.934952557086944580e-01 -1.970813572406768799e-01 1.000000000000000000e+00
-7.557603716850280762e-01 -4.994695484638214111e-01 -1.421614140272140503e-01 1.000000000000000000e+00
-7.382460832595825195e-01 -6.407282948493957520e-01 -3.595541715621948242e-01 1.000000000000000000e+00
-6.438758969306945801e-01 -6.518813371658325195e-01 -5.499711036682128906e-01 1.000000000000000000e+00
-5.123915076255798340e-01 -6.159424781799316406e-01 -6.706232428550720215e-01 1.000000000000000000e+00
-3.868496119976043701e-01 -5.638555884361267090e-01 -7.305974960327148438e-01 1.000000000000000000e+00
-1.901468187570571899e-01 -5.688591003417968750e-01 -8.086668848991394043e-01 1.000000000000000000e+00
-5.641594901680946350e-02 -6.228737235069274902e-01 -8.501171469688415527e-01 1.000000000000000000e+00
1.221318468451499939e-01 -6.583365201950073242e-01 -8.489797115325927734e-01 1.000000000000000000e+00
3.186245858669281006e-01 -6.520711779594421387e-01 -7.667119503021240234e-01 1.000000000000000000e+00
4.743581712245941162e-01 -5.120101571083068848e-01 -6.178328394889831543e-01 1.000000000000000000e+00
-2.860359251499176025e-01 -4.009660482406616211e-01 -7.575444579124450684e-01 1.000000000000000000e+00
-3.019266724586486816e-01 -2.575244605541229248e-01 -8.062463402748107910e-01 1.000000000000000000e+00
-3.233164250850677490e-01 -1.466635167598724365e-01 -8.595309257507324219e-01 1.000000000000000000e+00
-3.377580046653747559e-01 -3.460155799984931946e-02 -8.977040052413940430e-01 1.000000000000000000e+00
-3.868854343891143799e-01 4.169630259275436401e-02 -6.369553208351135254e-01 1.000000000000000000e+00
-3.329365551471710205e-01 7.190461456775665283e-02 -6.854034662246704102e-01 1.000000000000000000e+00
-2.741273939609527588e-01 9.242316335439682007e-02 -7.239946722984313965e-01 1.000000000000000000e+00
-2.042368799448013306e-01 7.136190682649612427e-02 -7.367569804191589355e-01 1.000000000000000000e+00
-1.314825862646102905e-01 4.165781661868095398e-02 -7.387225031852722168e-01 1.000000000000000000e+00
-6.761121153831481934e-01 -3.744178116321563721e-01 -3.700968325138092041e-01 1.000000000000000000e+00
-6.207908987998962402e-01 -3.802247047424316406e-01 -5.018422007560729980e-01 1.000000000000000000e+00
-5.346139073371887207e-01 -3.804491460323333740e-01 -5.395383238792419434e-01 1.000000000000000000e+00
-4.333795011043548584e-01 -3.616670072078704834e-01 -5.426167845726013184e-01 1.000000000000000000e+00
-5.216135382652282715e-01 -3.371176719665527344e-01 -5.211665630340576172e-01 1.000000000000000000e+00
-6.126744747161865234e-01 -3.316188752651214600e-01 -4.747574031352996826e-01 1.000000000000000000e+00
-4.067904502153396606e-02 -3.605672419071197510e-01 -7.012327909469604492e-01 1.000000000000000000e+00
3.782758489251136780e-02 -3.810414075851440430e-01 -7.682405710220336914e-01 1.000000000000000000e+00
1.290261149406433105e-01 -3.834097087383270264e-01 -7.980499863624572754e-01 1.000000000000000000e+00
2.582970857620239258e-01 -3.784563541412353516e-01 -7.388456463813781738e-01 1.000000000000000000e+00
1.378735899925231934e-01 -3.333160877227783203e-01 -7.717499732971191406e-01 1.000000000000000000e+00
3.950653597712516785e-02 -3.375752270221710205e-01 -7.441702485084533691e-01 1.000000000000000000e+00
-4.348999857902526855e-01 2.480434775352478027e-01 -4.347136318683624268e-01 1.000000000000000000e+00
-4.088612496852874756e-01 2.241607308387756348e-01 -5.680293440818786621e-01 1.000000000000000000e+00
-3.269279301166534424e-01 2.183060646057128906e-01 -6.718501448631286621e-01 1.000000000000000000e+00
-2.638249695301055908e-01 2.268234640359878540e-01 -7.051708698272705078e-01 1.000000000000000000e+00
-1.944749951362609863e-01 2.175027281045913696e-01 -7.246055006980895996e-01 1.000000000000000000e+00
-6.662505120038986206e-02 2.231130748987197876e-01 -7.022466659545898438e-01 1.000000000000000000e+00
5.099762976169586182e-02 2.461662739515304565e-01 -6.184195876121520996e-01 1.000000000000000000e+00
-4.126063734292984009e-02 3.284342586994171143e-01 -6.596197485923767090e-01 1.000000000000000000e+00
-1.644103676080703735e-01 3.694508075714111328e-01 -6.868317723274230957e-01 1.000000000000000000e+00
-2.384392172098159790e-01 3.777545392513275146e-01 -6.647564172744750977e-01 1.000000000000000000e+00
-3.087158203125000000e-01 3.688070476055145264e-01 -6.305180788040161133e-01 1.000000000000000000e+00
-3.924249112606048584e-01 3.279965519905090332e-01 -5.319512486457824707e-01 1.000000000000000000e+00
-4.290368854999542236e-01 2.488951534032821655e-01 -4.345610737800598145e-01 1.000000000000000000e+00
-3.002431094646453857e-01 2.621411681175231934e-01 -6.037039756774902344e-01 0.000000000000000000e+00
-2.365183979272842407e-01 2.618946731090545654e-01 -6.327640414237976074e-01 0.000000000000000000e+00
-1.701726168394088745e-01 2.612625956535339355e-01 -6.553322076797485352e-01 0.000000000000000000e+00
4.888616129755973816e-02 2.458218932151794434e-01 -6.183554530143737793e-01 1.000000000000000000e+00
-1.574542075395584106e-01 2.876960635185241699e-01 -6.627468466758728027e-01 1.000000000000000000e+00
-2.311233282089233398e-01 2.911175787448883057e-01 -6.471385359764099121e-01 1.000000000000000000e+00
-2.992857694625854492e-01 2.881009876728057861e-01 -6.091134548187255859e-01 1.000000000000000000e+00
