-6.841651797294616699e-01 -4.658732712268829346e-01
-7.142538428306579590e-01 -3.050274550914764404e-01
-7.097095251083374023e-01 -1.243337765336036682e-01
-6.860207915306091309e-01 3.806172683835029602e-02
-6.456656455993652344e-01 1.937232762575149536e-01
-5.815024375915527344e-01 3.600162863731384277e-01
-4.932001233100891113e-01 5.285261869430541992e-01
-3.512763977050781250e-01 6.925508975982666016e-01
-2.003543376922607422e-01 7.537843585014343262e-01
-1.077279541641473770e-02 7.238676548004150391e-01
1.888841539621353149e-01 6.383989453315734863e-01
3.476384282112121582e-01 5.035992860794067383e-01
4.932600259780883789e-01 3.509961366653442383e-01
6.015734076499938965e-01 1.776326447725296021e-01
6.721295714378356934e-01 -6.163315265439450741e-04
7.092983722686767578e-01 -2.096951454877853394e-01
7.455394268035888672e-01 -3.994382917881011963e-01
-6.667414903640747070e-01 -5.659883618354797363e-01
-6.267840862274169922e-01 -7.058248519897460938e-01
-5.235650539398193359e-01 -7.228732705116271973e-01
-3.965164721012115479e-01 -6.889088749885559082e-01
-2.789429426193237305e-01 -6.315119862556457520e-01
-9.621157497167587280e-02 -6.217095255851745605e-01
3.532780334353446960e-02 -6.611701846122741699e-01
2.003344595432281494e-01 -6.700084805488586426e-01
3.795747458934783936e-01 -6.351761221885681152e-01
4.989688992500305176e-01 -4.860876500606536865e-01
-2.012098431587219238e-01 -4.771838188171386719e-01
-2.278782576322555542e-01 -3.533282876014709473e-01
-2.561216950416564941e-01 -2.513048946857452393e-01
-2.769973278045654297e-01 -1.485674679279327393e-01
-3.535262942314147949e-01 -6.703427433967590332e-02
-2.979357838630676270e-01 -3.708572685718536377e-02
-2.386831492185592651e-01 -1.772163435816764832e-02
-1.689556837081909180e-01 -2.718973904848098755e-02
-9.468101710081100464e-02 -4.640162736177444458e-02
-5.882219672203063965e-01 -4.791445434093475342e-01
-5.258485674858093262e-01 -5.121957659721374512e-01
-4.390136301517486572e-01 -5.015240907669067383e-01
-3.487329185009002686e-01 -4.518171548843383789e-01
-4.364882707595825195e-01 -4.324027895927429199e-01
-5.201740860939025879e-01 -4.335455596446990967e-01
1.479594781994819641e-02 -4.220679998397827148e-01
9.353919327259063721e-02 -4.624612331390380859e-01
1.861999183893203735e-01 -4.620923995971679688e-01
2.997622489929199219e-01 -4.128029048442840576e-01
1.793871223926544189e-01 -3.783458173274993896e-01
9.143089503049850464e-02 -3.889763057231903076e-01
-4.223875105381011963e-01 2.188624441623687744e-01
-3.930156230926513672e-01 1.297276616096496582e-01
-3.075210452079772949e-01 1.088244169950485229e-01
-2.451821565628051758e-01 1.168462112545967102e-01
-1.770157217979431152e-01 1.192849352955818176e-01
-5.157329514622688293e-02 1.590043008327484131e-01
5.653700232505798340e-02 2.616967856884002686e-01
-3.442413732409477234e-02 3.827613592147827148e-01
-1.525344252586364746e-01 4.228515028953552246e-01
-2.288170009851455688e-01 4.271357655525207520e-01
-3.003388047218322754e-01 4.083489775657653809e-01
-3.846416473388671875e-01 3.498740792274475098e-01
-4.153546690940856934e-01 2.232524454593658447e-01
-2.831920981407165527e-01 1.576456278562545776e-01
-2.236277908086776733e-01 1.573556959629058838e-01
-1.598909646272659302e-01 1.682846695184707642e-01
5.451941862702369690e-02 2.604478895664215088e-01
-1.410486698150634766e-01 3.540827035903930664e-01
-2.094821184873580933e-01 3.523833155632019043e-01
-2.755444943904876709e-01 3.404448926448822021e-01
