-6.517012715339660645e-01 -5.035703182220458984e-01 4.038559198379516602e-01 0.000000000000000000e+00
-6.307505965232849121e-01 -3.129546344280242920e-01 4.336730539798736572e-01 0.000000000000000000e+00
-6.050186753273010254e-01 -9.741740673780441284e-02 4.538550972938537598e-01 0.000000000000000000e+00
-5.879179239273071289e-01 9.018624573945999146e-02 3.972861468791961670e-01 0.000000000000000000e+00
-5.713819861412048340e-01 2.705439925193786621e-01 2.791269719600677490e-01 0.000000000000000000e+00
-5.409512519836425781e-01 4.316842854022979736e-01 1.049951538443565369e-01 0.000000000000000000e+00
-4.564043283462524414e-01 5.813533663749694824e-01 -2.157110720872879028e-02 1.000000000000000000e+00
-3.395285308361053467e-01 6.957823038101196289e-01 -1.707131564617156982e-01 1.000000000000000000e+00
-1.713655740022659302e-01 7.565874457359313965e-01 -2.255104929208755493e-01 1.000000000000000000e+00
-1.109476760029792786e-02 7.241673469543457031e-01 -2.589406669139862061e-01 1.000000000000000000e+00
1.880876719951629639e-01 6.387122869491577148e-01 -2.051733434200286865e-01 1.000000000000000000e+00
3.469893336296081543e-01 5.052720308303833008e-01 -1.565617173910140991e-01 1.000000000000000000e+00
4.929532110691070557e-01 3.531383872032165527e-01 -4.436505958437919617e-02 1.000000000000000000e+00
6.007764339447021484e-01 1.803302168846130371e-01 3.018560074269771576e-02 1.000000000000000000e+00
6.734838485717773438e-01 2.833703299984335899e-03 5.049905925989151001e-02 1.000000000000000000e+00
7.108887434005737305e-01 -2.099215537309646606e-01 -6.706813583150506020e-04 1.000000000000000000e+00
7.465375661849975586e-01 -3.981341123580932617e-01 -4.500897973775863647e-02 1.000000000000000000e+00
-6.667414903640747070e-01 -5.659883618354797363e-01 -7.512559741735458374e-02 1.000000000000000000e+00
-6.267840862274169922e-01 -7.058248519897460938e-01 -2.619855701923370361e-01 1.000000000000000000e+00
-5.235650539398193359e-01 -7.228732705116271973e-01 -4.323008060455322266e-01 1.000000000000000000e+00
-3.965164721012115479e-01 -6.889088749885559082e-01 -5.350822806358337402e-01 1.000000000000000000e+00
-2.789429426193237305e-01 -6.315119862556457520e-01 -5.858826637268066406e-01 1.000000000000000000e+00
-9.621157497167587280e-02 -6.217095255851745605e-01 -6.454237699508666992e-01 1.000000000000000000e+00
3.532780334353446960e-02 -6.611701846122741699e-01 -6.756955385208129883e-01 1.000000000000000000e+00
2.003344595432281494e-01 -6.700084805488586426e-01 -6.647846698760986328e-01 1.000000000000000000e+00
3.795747458934783936e-01 -6.351761221885681152e-01 -5.784133076667785645e-01 1.000000000000000000e+00
4.989688992500305176e-01 -4.860876500606536865e-01 -4.416480362415313721e-01 1.000000000000000000e+00
-2.012098431587219238e-01 -4.771838188171386719e-01 -6.201447844505310059e-01 1.000000000000000000e+00
-2.278782576322555542e-01 -3.533282876014709473e-01 -6.793501973152160645e-01 1.000000000000000000e+00
-2.561216950416564941e-01 -2.513048946857452393e-01 -7.416636943817138672e-01 1.000000000000000000e+00
-2.769973278045654297e-01 -1.485674679279327393e-01 -7.848200201988220215e-01 1.000000000000000000e+00
-3.535262942314147949e-01 -6.703427433967590332e-02 -5.469108819961547852e-01 1.000000000000000000e+00
-2.979357838630676270e-01 -3.708572685718536377e-02 -5.906699299812316895e-01 1.000000000000000000e+00
-2.386831492185592651e-01 -1.772163435816764832e-02 -6.246435642242431641e-01 1.000000000000000000e+00
-1.689556837081909180e-01 -2.718973904848098755e-02 -6.319740414619445801e-01 1.000000000000000000e+00
-9.468101710081100464e-02 -4.640162736177444458e-02 -6.303674578666687012e-01 1.000000000000000000e+00
-5.882219672203063965e-01 -4.791445434093475342e-01 -2.820382416248321533e-01 1.000000000000000000e+00
-5.258485674858093262e-01 -5.121957659721374512e-01 -4.009768366813659668e-01 1.000000000000000000e+00
-4.390136301517486572e-01 -5.015240907669067383e-01 -4.341421127319335938e-01 1.000000000000000000e+00
-3.487329185009002686e-01 -4.518171548843383789e-01 -4.310265779495239258e-01 1.000000000000000000e+00
-4.364882707595825195e-01 -4.324027895927429199e-01 -4.175408184528350830e-01 1.000000000000000000e+00
-5.201740860939025879e-01 -4.335455596446990967e-01 -3.811929523944854736e-01 1.000000000000000000e+00
1.479594781994819641e-02 -4.220679998397827148e-01 -5.516176819801330566e-01 1.000000000000000000e+00
9.353919327259063721e-02 -4.624612331390380859e-01 -6.086174845695495605e-01 1.000000000000000000e+00
1.861999183893203735e-01 -4.620923995971679688e-01 -6.320740580558776855e-01 1.000000000000000000e+00
2.997622489929199219e-01 -4.128029048442840576e-01 -5.688013434410095215e-01 1.000000000000000000e+00
1.793871223926544189e-01 -3.783458173274993896e-01 -6.084780097007751465e-01 1.000000000000000000e+00
9.143089503049850464e-02 -3.889763057231903076e-01 -5.892952680587768555e-01 1.000000000000000000e+00
-4.223875105381011963e-01 2.188624441623687744e-01 -3.196732699871063232e-01 1.000000000000000000e+00
-3.930156230926513672e-01 1.297276616096496582e-01 -4.808870553970336914e-01 1.000000000000000000e+00
-3.075210452079772949e-01 1.088244169950485229e-01 -5.889918804168701172e-01 1.000000000000000000e+00
-2.451821565628051758e-01 1.168462112545967102e-01 -6.179859042167663574e-01 1.000000000000000000e+00
-1.770157217979431152e-01 1.192849352955818176e-01 -6.303579807281494141e-01 1.000000000000000000e+00
-5.157329514622688293e-02 1.590043008327484131e-01 -5.881225466728210449e-01 1.000000000000000000e+00
5.653700232505798340e-02 2.616967856884002686e-01 -4.631710946559906006e-01 1.000000000000000000e+00
-3.442413732409477234e-02 3.827613592147827148e-01 -4.918097853660583496e-01 1.000000000000000000e+00
-1.525344252586364746e-01 4.228515028953552246e-01 -5.185924768447875977e-01 1.000000000000000000e+00
-2.288170009851455688e-01 4.271357655525207520e-01 -5.035461783409118652e-01 1.000000000000000000e+00
-3.003388047218322754e-01 4.083489775657653809e-01 -4.761829078197479248e-01 1.000000000000000000e+00
-3.846416473388671875e-01 3.498740792274475098e-01 -3.936556875705718994e-01 1.000000000000000000e+00
-4.153546690940856934e-01 2.232524454593658447e-01 -3.146547377109527588e-01 1.000000000000000000e+00
-2.831920981407165527e-01 1.576456278562545776e-01 -5.103126168251037598e-01 1.000000000000000000e+00
-2.236277908086776733e-01 1.573556959629058838e-01 -5.369777083396911621e-01 1.000000000000000000e+00
-1.598909646272659302e-01 1.682846695184707642e-01 -5.492526888847351074e-01 0.000000000000000000e+00
5.451941862702369690e-02 2.604478895664215088e-01 -4.627166986465454102e-01 1.000000000000000000e+00
-1.410486698150634766e-01 3.540827035903930664e-01 -4.777353405952453613e-01 1.000000000000000000e+00
-2.094821184873580933e-01 3.523833155632019043e-01 -4.652496576309204102e-01 1.000000000000000000e+00
-2.755444943904876709e-01 3.404448926448822021e-01 -4.392094910144805908e-01 1.000000000000000000e+00
