-5.928148627281188965e-01 -5.207751989364624023e-01
-6.632111072540283203e-01 -3.623541295528411865e-01
-7.039639353752136230e-01 -1.887519210577011108e-01
-7.220940589904785156e-01 -4.425409063696861267e-02
-7.342998981475830078e-01 1.119180321693420410e-01
-7.208630442619323730e-01 2.785421311855316162e-01
-6.674016118049621582e-01 4.493972361087799072e-01
-5.678279995918273926e-01 6.265290975570678711e-01
-4.386391639709472656e-01 7.201899886131286621e-01
-2.566240429878234863e-01 7.468706965446472168e-01
-3.968145698308944702e-02 7.268646955490112305e-01
1.498352140188217163e-01 6.599622964859008789e-01
3.233222365379333496e-01 5.517186522483825684e-01
4.728868007659912109e-01 4.080691337585449219e-01
5.818352103233337402e-01 2.526269555091857910e-01
6.712356805801391602e-01 7.830448448657989502e-02
7.588288784027099609e-01 -9.214416146278381348e-02
-5.462211370468139648e-01 -6.013991236686706543e-01
-4.616959691047668457e-01 -7.012823820114135742e-01
-3.528474271297454834e-01 -6.661838889122009277e-01
-2.370666861534118652e-01 -5.857906937599182129e-01
-1.392463743686676025e-01 -4.966127574443817139e-01
3.562034294009208679e-02 -4.322507083415985107e-01
1.708232015371322632e-01 -4.295412003993988037e-01
3.327687084674835205e-01 -3.977027535438537598e-01
4.913248121738433838e-01 -3.319329321384429932e-01
5.631004571914672852e-01 -1.749616712331771851e-01
-1.047777161002159119e-01 -3.242561817169189453e-01
-1.610458046197891235e-01 -2.039424329996109009e-01
-2.109992653131484985e-01 -1.101865023374557495e-01
-2.568059861660003662e-01 -1.378999464213848114e-02
-3.570850193500518799e-01 1.302301511168479919e-02
-3.132178485393524170e-01 6.304173916578292847e-02
-2.632565200328826904e-01 1.030403897166252136e-01
-1.936476379632949829e-01 1.098377555608749390e-01
-1.173216477036476135e-01 1.086079701781272888e-01
-4.900484681129455566e-01 -4.428029656410217285e-01
-4.282525479793548584e-01 -4.087938666343688965e-01
-3.507113158702850342e-01 -3.814976811408996582e-01
-2.630918025970458984e-01 -3.432712554931640625e-01
-3.527739644050598145e-01 -3.540788292884826660e-01
-4.371123909950256348e-01 -3.808965981006622314e-01
7.670670747756958008e-02 -2.082891464233398438e-01
1.550751179456710815e-01 -1.757608354091644287e-01
2.322162091732025146e-01 -1.429288536310195923e-01
3.408125638961791992e-01 -1.167191714048385620e-01
2.287057042121887207e-01 -1.198507249355316162e-01
1.451457589864730835e-01 -1.585524976253509521e-01
-5.122813582420349121e-01 1.968383491039276123e-01
-4.523859918117523193e-01 1.713810861110687256e-01
-3.615027964115142822e-01 1.982710808515548706e-01
-3.038010597229003906e-01 2.293514162302017212e-01
-2.370843738317489624e-01 2.466498762369155884e-01
-1.289738714694976807e-01 2.977819442749023438e-01
-5.612594634294509888e-02 3.715622425079345703e-01
-1.754571497440338135e-01 4.360181689262390137e-01
-2.998201251029968262e-01 4.386378228664398193e-01
-3.732610046863555908e-01 4.206569492816925049e-01
-4.369856715202331543e-01 3.847908377647399902e-01
-5.059132575988769531e-01 3.091711103916168213e-01
-5.076089501380920410e-01 2.006263881921768188e-01
-3.572665154933929443e-01 2.382727414369583130e-01
-2.967671453952789307e-01 2.607980370521545410e-01
-2.359091639518737793e-01 2.861419022083282471e-01
-5.768655613064765930e-02 3.704226613044738770e-01
-2.692543268203735352e-01 3.678391277790069580e-01
-3.371547758579254150e-01 3.460019230842590332e-01
-4.011534154415130615e-01 3.173785805702209473e-01
