-5.562039017677307129e-01 -6.055085659027099609e-01 1.773236244916915894e-01 1.000000000000000000e+00
-5.920289754867553711e-01 -4.203670620918273926e-01 2.311313152313232422e-01 0.000000000000000000e+00
-6.257974505424499512e-01 -2.091472893953323364e-01 2.793975174427032471e-01 0.000000000000000000e+00
-6.577283740043640137e-01 -1.611592248082160950e-02 2.428696900606155396e-01 0.000000000000000000e+00
-6.839742660522460938e-01 1.725535690784454346e-01 1.347253024578094482e-01 0.000000000000000000e+00
-6.921880245208740234e-01 3.443371951580047607e-01 -3.592940047383308411e-02 0.000000000000000000e+00
-6.404328346252441406e-01 4.979238808155059814e-01 -1.720997542142868042e-01 1.000000000000000000e+00
-5.568842291831970215e-01 6.313551664352416992e-01 -3.373494446277618408e-01 1.000000000000000000e+00
-4.140267074108123779e-01 7.289121150970458984e-01 -3.889517188072204590e-01 1.000000000000000000e+00
-2.565304934978485107e-01 7.472120523452758789e-01 -4.118207693099975586e-01 1.000000000000000000e+00
-4.396352916955947876e-02 7.281281352043151855e-01 -3.227855563163757324e-01 1.000000000000000000e+00
1.435146778821945190e-01 6.642547845840454102e-01 -2.489294707775115967e-01 1.000000000000000000e+00
3.187949061393737793e-01 5.575348138809204102e-01 -1.222012564539909363e-01 1.000000000000000000e+00
4.675974249839782715e-01 4.186164736747741699e-01 -4.624528810381889343e-02 1.000000000000000000e+00
5.856904387474060059e-01 2.664281129837036133e-01 -3.643405064940452576e-02 1.000000000000000000e+00
6.793286800384521484e-01 7.929253578186035156e-02 -1.048828437924385071e-01 1.000000000000000000e+00
7.654802203178405762e-01 -8.788120001554489136e-02 -1.648261398077011108e-01 1.000000000000000000e+00
-5.462211370468139648e-01 -6.013991236686706543e-01 -3.124279677867889404e-01 1.000000000000000000e+00
-4.616959691047668457e-01 -7.012823820114135742e-01 -5.160695314407348633e-01 1.000000000000000000e+00
-3.528474271297454834e-01 -6.661838889122009277e-01 -6.800909638404846191e-01 1.000000000000000000e+00
-2.370666861534118652e-01 -5.857906937599182129e-01 -7.717215418815612793e-01 1.000000000000000000e+00
-1.392463743686676025e-01 -4.966127574443817139e-01 -8.083428144454956055e-01 1.000000000000000000e+00
3.562034294009208679e-02 -4.322507083415985107e-01 -8.542133569717407227e-01 1.000000000000000000e+00
1.708232015371322632e-01 -4.295412003993988037e-01 -8.777908086776733398e-01 1.000000000000000000e+00
3.327687084674835205e-01 -3.977027535438537598e-01 -8.571913838386535645e-01 1.000000000000000000e+00
4.913248121738433838e-01 -3.319329321384429932e-01 -7.545951604843139648e-01 1.000000000000000000e+00
5.631004571914672852e-01 -1.749616712331771851e-01 -5.914691686630249023e-01 1.000000000000000000e+00
-1.047777161002159119e-01 -3.242561817169189453e-01 -8.189342617988586426e-01 1.000000000000000000e+00
-1.610458046197891235e-01 -2.039424329996109009e-01 -8.681640028953552246e-01 1.000000000000000000e+00
-2.109992653131484985e-01 -1.101865023374557495e-01 -9.214360713958740234e-01 1.000000000000000000e+00
-2.568059861660003662e-01 -1.378999464213848114e-02 -9.575018882751464844e-01 1.000000000000000000e+00
-3.570850193500518799e-01 1.302301511168479919e-02 -7.113963365554809570e-01 1.000000000000000000e+00
-3.132178485393524170e-01 6.304173916578292847e-02 -7.497519850730895996e-01 1.000000000000000000e+00
-2.632565200328826904e-01 1.030403897166252136e-01 -7.772105336189270020e-01 1.000000000000000000e+00
-1.936476379632949829e-01 1.098377555608749390e-01 -7.812331914901733398e-01 1.000000000000000000e+00
-1.173216477036476135e-01 1.086079701781272888e-01 -7.741375565528869629e-01 1.000000000000000000e+00
-4.900484681129455566e-01 -4.428029656410217285e-01 -5.099351406097412109e-01 1.000000000000000000e+00
-4.282525479793548584e-01 -4.087938666343688965e-01 -6.215571761131286621e-01 1.000000000000000000e+00
-3.507113158702850342e-01 -3.814976811408996582e-01 -6.433318257331848145e-01 1.000000000000000000e+00
-2.630918025970458984e-01 -3.432712554931640625e-01 -6.353281140327453613e-01 1.000000000000000000e+00
-3.527739644050598145e-01 -3.540788292884826660e-01 -6.290476918220520020e-01 1.000000000000000000e+00
-4.371123909950256348e-01 -3.808965981006622314e-01 -5.986130833625793457e-01 1.000000000000000000e+00
7.670670747756958008e-02 -2.082891464233398438e-01 -7.278382182121276855e-01 1.000000000000000000e+00
1.550751179456710815e-01 -1.757608354091644287e-01 -7.761777043342590332e-01 1.000000000000000000e+00
2.322162091732025146e-01 -1.429288536310195923e-01 -7.918390035629272461e-01 1.000000000000000000e+00
3.408125638961791992e-01 -1.167191714048385620e-01 -7.248590588569641113e-01 1.000000000000000000e+00
2.287057042121887207e-01 -1.198507249355316162e-01 -7.726289629936218262e-01 1.000000000000000000e+00
1.451457589864730835e-01 -1.585524976253509521e-01 -7.599672675132751465e-01 1.000000000000000000e+00
-5.122813582420349121e-01 1.968383491039276123e-01 -4.864845573902130127e-01 1.000000000000000000e+00
-4.523859918117523193e-01 1.713810861110687256e-01 -6.300216913223266602e-01 1.000000000000000000e+00
-3.615027964115142822e-01 1.982710808515548706e-01 -7.257421016693115234e-01 1.000000000000000000e+00
-3.038010597229003906e-01 2.293514162302017212e-01 -7.487828731536865234e-01 1.000000000000000000e+00
-2.370843738317489624e-01 2.466498762369155884e-01 -7.576501369476318359e-01 1.000000000000000000e+00
-1.289738714694976807e-01 2.977819442749023438e-01 -7.120314836502075195e-01 1.000000000000000000e+00
-5.612594634294509888e-02 3.715622425079345703e-01 -6.026946306228637695e-01 1.000000000000000000e+00
-1.754571497440338135e-01 4.360181689262390137e-01 -6.418804526329040527e-01 1.000000000000000000e+00
-2.998201251029968262e-01 4.386378228664398193e-01 -6.771390438079833984e-01 1.000000000000000000e+00
-3.732610046863555908e-01 4.206569492816925049e-01 -6.627088189125061035e-01 1.000000000000000000e+00
-4.369856715202331543e-01 3.847908377647399902e-01 -6.382081508636474609e-01 1.000000000000000000e+00
-5.059132575988769531e-01 3.091711103916168213e-01 -5.585654377937316895e-01 1.000000000000000000e+00
-5.076089501380920410e-01 2.006263881921768188e-01 -4.834756255149841309e-01 1.000000000000000000e+00
-3.572665154933929443e-01 2.382727414369583130e-01 -6.466885209083557129e-01 0.000000000000000000e+00
-2.967671453952789307e-01 2.607980370521545410e-01 -6.671804785728454590e-01 0.000000000000000000e+00
-2.359091639518737793e-01 2.861419022083282471e-01 -6.787443757057189941e-01 0.000000000000000000e+00
-5.768655613064765930e-02 3.704226613044738770e-01 -6.027470231056213379e-01 1.000000000000000000e+00
-2.692543268203735352e-01 3.678391277790069580e-01 -6.459565162658691406e-01 1.000000000000000000e+00
-3.371547758579254150e-01 3.460019230842590332e-01 -6.382318735122680664e-01 1.000000000000000000e+00
-4.011534154415130615e-01 3.173785805702209473e-01 -6.113298535346984863e-01 1.000000000000000000e+00
