-7.140359282493591309e-01 -1.505968868732452393e-01
-6.795373558998107910e-01 2.409856580197811127e-02
-5.993415713310241699e-01 1.861898750066757202e-01
-5.189771652221679688e-01 3.240143656730651855e-01
-4.323282539844512939e-01 4.609372019767761230e-01
-3.244827687740325928e-01 5.887448787689208984e-01
-1.843331009149551392e-01 6.772393584251403809e-01
-8.819987066090106964e-03 7.370333075523376465e-01
1.485424488782882690e-01 7.221753597259521484e-01
3.161844611167907715e-01 6.421779394149780273e-01
4.786450266838073730e-01 5.230639576911926270e-01
6.003296971321105957e-01 3.788425922393798828e-01
6.888134479522705078e-01 1.999338120222091675e-01
7.351645827293395996e-01 -1.512795803137123585e-03
7.418619990348815918e-01 -1.980743706226348877e-01
7.086489796638488770e-01 -4.052069783210754395e-01
6.821819543838500977e-01 -6.014173626899719238e-01
-7.355306148529052734e-01 -2.529201805591583252e-01
-7.402524352073669434e-01 -4.107936322689056396e-01
-6.446655392646789551e-01 -4.582237899303436279e-01
-5.049383640289306641e-01 -4.646418690681457520e-01
-3.705517649650573730e-01 -4.484958052635192871e-01
-1.792781651020050049e-01 -5.028044581413269043e-01
-6.430307775735855103e-02 -5.884793996810913086e-01
9.361987560987472534e-02 -6.647380590438842773e-01
2.700339555740356445e-01 -6.944224834442138672e-01
4.356101155281066895e-01 -5.794460177421569824e-01
-2.334802597761154175e-01 -3.189863264560699463e-01
-2.113238573074340820e-01 -1.816846430301666260e-01
-2.014563679695129395e-01 -7.677409797906875610e-02
-1.854975223541259766e-01 2.969830669462680817e-02
-2.178104966878890991e-01 1.482787430286407471e-01
-1.629515737295150757e-01 1.578157246112823486e-01
-1.064208745956420898e-01 1.645371019840240479e-01
-5.063340067863464355e-02 1.286835968494415283e-01
4.765218589454889297e-03 8.937507867813110352e-02
-6.229803562164306641e-01 -1.874257475137710571e-01
-5.725338459014892578e-01 -2.389989644289016724e-01
-4.835061132907867432e-01 -2.591720521450042725e-01
-3.806840777397155762e-01 -2.413609027862548828e-01
-4.533548951148986816e-01 -1.924521625041961670e-01
-5.403066277503967285e-01 -1.635863631963729858e-01
3.508636436890810728e-04 -3.422502577304840088e-01
6.093645468354225159e-02 -4.118062555789947510e-01
1.531738489866256714e-01 -4.438029825687408447e-01
2.773751020431518555e-01 -4.336291551589965820e-01
1.785076409578323364e-01 -3.572737574577331543e-01
8.324562013149261475e-02 -3.353887498378753662e-01
-2.091438472270965576e-01 4.105424284934997559e-01
-1.859830170869827271e-01 3.691999912261962891e-01
-1.183182522654533386e-01 3.318018615245819092e-01
-6.352070719003677368e-02 3.240168094635009766e-01
-7.055186666548252106e-03 3.018862605094909668e-01
1.008393391966819763e-01 2.915713191032409668e-01
2.063197195529937744e-01 2.900742888450622559e-01
1.526461839675903320e-01 3.551084399223327637e-01
6.188272684812545776e-02 4.140318632125854492e-01
1.812891103327274323e-03 4.387398660182952881e-01
-6.102001294493675232e-02 4.499628245830535889e-01
-1.460406482219696045e-01 4.428817331790924072e-01
-2.029377222061157227e-01 4.090661406517028809e-01
-8.592532575130462646e-02 3.848876655101776123e-01
-3.246707096695899963e-02 3.712171018123626709e-01
2.376327477395534515e-02 3.553959727287292480e-01
2.039817422628402710e-01 2.907817661762237549e-01
4.256732389330863953e-02 3.426221013069152832e-01
-1.845517568290233612e-02 3.624302446842193604e-01
-7.703402638435363770e-02 3.789318799972534180e-01
