-7.124632000923156738e-01 -2.120058089494705200e-01 3.476000726222991943e-01 1.000000000000000000e+00
-6.241052150726318359e-01 -3.420818969607353210e-02 3.823718130588531494e-01 0.000000000000000000e+00
-5.210161805152893066e-01 1.643696874380111694e-01 4.072830677032470703e-01 0.000000000000000000e+00
-4.275060594081878662e-01 3.385503292083740234e-01 3.449587523937225342e-01 0.000000000000000000e+00
-3.416096270084381104e-01 5.038109421730041504e-01 2.086409032344818115e-01 0.000000000000000000e+00
-2.577794194221496582e-01 6.351827979087829590e-01 3.956094384193420410e-03 0.000000000000000000e+00
-1.302778422832489014e-01 7.031686305999755859e-01 -1.599311232566833496e-01 1.000000000000000000e+00
5.629274528473615646e-03 7.397503852844238281e-01 -3.470734357833862305e-01 1.000000000000000000e+00
1.787186712026596069e-01 7.215706706047058105e-01 -4.083138108253479004e-01 1.000000000000000000e+00
3.160463571548461914e-01 6.429972052574157715e-01 -4.345307052135467529e-01 1.000000000000000000e+00
4.774017632007598877e-01 5.238968133926391602e-01 -3.352886736392974854e-01 1.000000000000000000e+00
5.995151996612548828e-01 3.817297816276550293e-01 -2.472571730613708496e-01 1.000000000000000000e+00
6.888700723648071289e-01 2.033689916133880615e-01 -9.393297880887985229e-02 1.000000000000000000e+00
7.356761693954467773e-01 3.929282538592815399e-03 2.799573121592402458e-03 1.000000000000000000e+00
7.462332248687744141e-01 -1.923048049211502075e-01 2.831629663705825806e-02 1.000000000000000000e+00
7.114320397377014160e-01 -4.063968062400817871e-01 -2.538499049842357635e-02 1.000000000000000000e+00
6.850440502166748047e-01 -6.000952124595642090e-01 -7.323540002107620239e-02 1.000000000000000000e+00
-7.355306148529052734e-01 -2.529201805591583252e-01 -1.502285748720169067e-01 1.000000000000000000e+00
-7.402524352073669434e-01 -4.107936322689056396e-01 -3.484238088130950928e-01 1.000000000000000000e+00
-6.446655392646789551e-01 -4.582237899303436279e-01 -5.220354199409484863e-01 1.000000000000000000e+00
-5.049383640289306641e-01 -4.646418690681457520e-01 -6.278953552246093750e-01 1.000000000000000000e+00
-3.705517649650573730e-01 -4.484958052635192871e-01 -6.774475574493408203e-01 1.000000000000000000e+00
-1.792781651020050049e-01 -5.028044581413269043e-01 -7.357155084609985352e-01 1.000000000000000000e+00
-6.430307775735855103e-02 -5.884793996810913086e-01 -7.610613703727722168e-01 1.000000000000000000e+00
9.361987560987472534e-02 -6.647380590438842773e-01 -7.410612106323242188e-01 1.000000000000000000e+00
2.700339555740356445e-01 -6.944224834442138672e-01 -6.445143818855285645e-01 1.000000000000000000e+00
4.356101155281066895e-01 -5.794460177421569824e-01 -4.960164427757263184e-01 1.000000000000000000e+00
-2.334802597761154175e-01 -3.189863264560699463e-01 -7.057614326477050781e-01 1.000000000000000000e+00
-2.113238573074340820e-01 -1.816846430301666260e-01 -7.631888985633850098e-01 1.000000000000000000e+00
-2.014563679695129395e-01 -7.677409797906875610e-02 -8.213889598846435547e-01 1.000000000000000000e+00
-1.854975223541259766e-01 2.969830669462680817e-02 -8.624179959297180176e-01 1.000000000000000000e+00
-2.178104966878890991e-01 1.482787430286407471e-01 -6.301656961441040039e-01 1.000000000000000000e+00
-1.629515737295150757e-01 1.578157246112823486e-01 -6.719263195991516113e-01 1.000000000000000000e+00
-1.064208745956420898e-01 1.645371019840240479e-01 -7.063298821449279785e-01 1.000000000000000000e+00
-5.063340067863464355e-02 1.286835968494415283e-01 -7.069063186645507812e-01 1.000000000000000000e+00
4.765218589454889297e-03 8.937507867813110352e-02 -6.987779140472412109e-01 1.000000000000000000e+00
-6.229803562164306641e-01 -1.874257475137710571e-01 -3.629770874977111816e-01 1.000000000000000000e+00
-5.725338459014892578e-01 -2.389989644289016724e-01 -4.860051870346069336e-01 1.000000000000000000e+00
-4.835061132907867432e-01 -2.591720521450042725e-01 -5.185145735740661621e-01 1.000000000000000000e+00
-3.806840777397155762e-01 -2.413609027862548828e-01 -5.100387930870056152e-01 1.000000000000000000e+00
-4.533548951148986816e-01 -1.924521625041961670e-01 -4.957877397537231445e-01 1.000000000000000000e+00
-5.403066277503967285e-01 -1.635863631963729858e-01 -4.586966633796691895e-01 1.000000000000000000e+00
3.508636436890810728e-04 -3.422502577304840088e-01 -6.287057399749755859e-01 1.000000000000000000e+00
6.093645468354225159e-02 -4.118062555789947510e-01 -6.880429983139038086e-01 1.000000000000000000e+00
1.531738489866256714e-01 -4.438029825687408447e-01 -7.086797952651977539e-01 1.000000000000000000e+00
2.773751020431518555e-01 -4.336291551589965820e-01 -6.347441673278808594e-01 1.000000000000000000e+00
1.785076409578323364e-01 -3.572737574577331543e-01 -6.754691004753112793e-01 1.000000000000000000e+00
8.324562013149261475e-02 -3.353887498378753662e-01 -6.592413187026977539e-01 1.000000000000000000e+00
-2.091438472270965576e-01 4.105424284934997559e-01 -4.999586641788482666e-01 1.000000000000000000e+00
-1.859830170869827271e-01 3.691999912261962891e-01 -6.123299598693847656e-01 1.000000000000000000e+00
-1.183182522654533386e-01 3.318018615245819092e-01 -6.903090476989746094e-01 1.000000000000000000e+00
-6.352070719003677368e-02 3.240168094635009766e-01 -7.144410610198974609e-01 1.000000000000000000e+00
-7.055186666548252106e-03 3.018862605094909668e-01 -7.247779965400695801e-01 1.000000000000000000e+00
1.008393391966819763e-01 2.915713191032409668e-01 -6.983997821807861328e-01 1.000000000000000000e+00
2.063197195529937744e-01 2.900742888450622559e-01 -6.233791112899780273e-01 1.000000000000000000e+00
1.526461839675903320e-01 3.551084399223327637e-01 -6.636350750923156738e-01 1.000000000000000000e+00
6.188272684812545776e-02 4.140318632125854492e-01 -6.894243955612182617e-01 1.000000000000000000e+00
1.812891103327274323e-03 4.387398660182952881e-01 -6.753759980201721191e-01 1.000000000000000000e+00
-6.102001294493675232e-02 4.499628245830535889e-01 -6.508422493934631348e-01 1.000000000000000000e+00
-1.460406482219696045e-01 4.428817331790924072e-01 -5.769612193107604980e-01 1.000000000000000000e+00
-2.029377222061157227e-01 4.090661406517028809e-01 -4.994770884513854980e-01 1.000000000000000000e+00
-8.592532575130462646e-02 3.848876655101776123e-01 -6.337155103683471680e-01 1.000000000000000000e+00
-3.246707096695899963e-02 3.712171018123626709e-01 -6.555073857307434082e-01 1.000000000000000000e+00
2.376327477395534515e-02 3.553959727287292480e-01 -6.652818322181701660e-01 1.000000000000000000e+00
2.039817422628402710e-01 2.907817661762237549e-01 -6.229347586631774902e-01 1.000000000000000000e+00
4.256732389330863953e-02 3.426221013069152832e-01 -6.785058379173278809e-01 1.000000000000000000e+00
-1.845517568290233612e-02 3.624302446842193604e-01 -6.661196351051330566e-01 1.000000000000000000e+00
-7.703402638435363770e-02 3.789318799972534180e-01 -6.425334215164184570e-01 1.000000000000000000e+00
