-6.849131584167480469e-01 -2.240784764289855957e-01
-6.640776991844177246e-01 -6.161857396364212036e-02
-6.018671393394470215e-01 1.069203242659568787e-01
-5.193099975585937500e-01 2.550729513168334961e-01
-4.287133216857910156e-01 3.905574083328247070e-01
-3.123077154159545898e-01 5.306257009506225586e-01
-1.764874458312988281e-01 6.692669391632080078e-01
1.115979533642530441e-02 7.865559458732604980e-01
1.719127297401428223e-01 8.002219200134277344e-01
3.347348868846893311e-01 7.097062468528747559e-01
4.823605716228485107e-01 5.642281174659729004e-01
5.764383077621459961e-01 3.853925764560699463e-01
6.608720421791076660e-01 2.017440795898437500e-01
7.068868279457092285e-01 9.481443092226982117e-03
7.262430191040039062e-01 -1.792893111705780029e-01
7.020506858825683594e-01 -3.908239006996154785e-01
6.837120056152343750e-01 -5.809851884841918945e-01
-6.994730830192565918e-01 -3.267008662223815918e-01
-7.105680108070373535e-01 -4.830424785614013672e-01
-6.230485439300537109e-01 -5.390275120735168457e-01
-4.957404732704162598e-01 -5.473380684852600098e-01
-3.670639395713806152e-01 -5.250666141510009766e-01
-1.908072680234909058e-01 -5.739712715148925781e-01
-7.836338877677917480e-02 -6.568962335586547852e-01
7.617218792438507080e-02 -7.151857018470764160e-01
2.584335505962371826e-01 -7.305347919464111328e-01
4.154175519943237305e-01 -6.137611269950866699e-01
-2.451137304306030273e-01 -3.950031101703643799e-01
-2.333739697933197021e-01 -2.714738845825195312e-01
-2.300302833318710327e-01 -1.695248335599899292e-01
-2.194452881813049316e-01 -6.959565728902816772e-02
-2.605574727058410645e-01 3.720210492610931396e-02
-2.007545381784439087e-01 4.921952262520790100e-02
-1.413559913635253906e-01 4.882401600480079651e-02
-8.029548823833465576e-02 1.933674514293670654e-02
-1.868975348770618439e-02 -2.253236807882785797e-02
-6.109837889671325684e-01 -2.674428224563598633e-01
-5.637871026992797852e-01 -3.211393356323242188e-01
-4.799564480781555176e-01 -3.380936384201049805e-01
-3.801586627960205078e-01 -3.184214532375335693e-01
-4.578711092472076416e-01 -2.746819555759429932e-01
-5.356260538101196289e-01 -2.494978457689285278e-01
-2.298734150826931000e-02 -4.057705104351043701e-01
3.912420943379402161e-02 -4.700654745101928711e-01
1.257947385311126709e-01 -4.984402358531951904e-01
2.497483640909194946e-01 -4.835793972015380859e-01
1.443523466587066650e-01 -4.173596203327178955e-01
5.943921208381652832e-02 -4.003791511058807373e-01
-2.144427597522735596e-01 3.545338511466979980e-01
-2.322758883237838745e-01 2.424844354391098022e-01
-1.649479568004608154e-01 1.904942542314529419e-01
-1.060947105288505554e-01 1.779383718967437744e-01
-4.186226800084114075e-02 1.604354083538055420e-01
9.149639308452606201e-02 1.651509255170822144e-01
2.371094077825546265e-01 2.445346415042877197e-01
2.043607532978057861e-01 3.996171653270721436e-01
1.110579818487167358e-01 4.780064225196838379e-01
4.207175225019454956e-02 5.076476335525512695e-01
-3.106563724577426910e-02 5.113906860351562500e-01
-1.298890858888626099e-01 4.793978035449981689e-01
-2.050648480653762817e-01 3.577829301357269287e-01
-1.231764182448387146e-01 2.317181080579757690e-01
-7.044288516044616699e-02 2.127885222434997559e-01
-8.911457844078540802e-03 2.043659836053848267e-01
2.346772402524948120e-01 2.439223676919937134e-01
1.001782342791557312e-01 4.094384610652923584e-01
3.768601641058921814e-02 4.296520352363586426e-01
-2.650908939540386200e-02 4.390472471714019775e-01
