-6.517330408096313477e-01 -2.465695738792419434e-01 4.857247769832611084e-01 0.000000000000000000e+00
-5.722618103027343750e-01 -7.356087118387222290e-02 5.037654042243957520e-01 0.000000000000000000e+00
-4.789009392261505127e-01 1.202685832977294922e-01 5.119304656982421875e-01 0.000000000000000000e+00
-4.016297459602355957e-01 2.879565060138702393e-01 4.475027322769165039e-01 0.000000000000000000e+00
-3.329646885395050049e-01 4.508223235607147217e-01 3.283312916755676270e-01 0.000000000000000000e+00
-2.548030614852905273e-01 5.903143286705017090e-01 1.587152034044265747e-01 0.000000000000000000e+00
-1.288670152425765991e-01 7.109045982360839844e-01 4.021850973367691040e-02 1.000000000000000000e+00
2.142644301056861877e-02 7.858446240425109863e-01 -9.867966920137405396e-02 1.000000000000000000e+00
1.982284784317016602e-01 7.928262948989868164e-01 -1.499673128128051758e-01 1.000000000000000000e+00
3.346333205699920654e-01 7.098672389984130859e-01 -1.843440085649490356e-01 1.000000000000000000e+00
4.821406006813049316e-01 5.644189119338989258e-01 -1.388899683952331543e-01 1.000000000000000000e+00
5.764027833938598633e-01 3.860982656478881836e-01 -9.691728651523590088e-02 1.000000000000000000e+00
6.609635949134826660e-01 2.026266455650329590e-01 9.404905140399932861e-03 1.000000000000000000e+00
7.068876028060913086e-01 1.052760519087314606e-02 8.311060816049575806e-02 1.000000000000000000e+00
7.270637154579162598e-01 -1.781930029392242432e-01 1.066050678491592407e-01 1.000000000000000000e+00
7.025835514068603516e-01 -3.910331130027770996e-01 6.372355669736862183e-02 1.000000000000000000e+00
6.841806769371032715e-01 -5.805667042732238770e-01 2.962511591613292694e-02 1.000000000000000000e+00
-6.994730830192565918e-01 -3.267008662223815918e-01 1.598708517849445343e-02 1.000000000000000000e+00
-7.105680108070373535e-01 -4.830424785614013672e-01 -1.593602597713470459e-01 1.000000000000000000e+00
-6.230485439300537109e-01 -5.390275120735168457e-01 -3.283129036426544189e-01 1.000000000000000000e+00
-4.957404732704162598e-01 -5.473380684852600098e-01 -4.339782595634460449e-01 1.000000000000000000e+00
-3.670639395713806152e-01 -5.250666141510009766e-01 -4.901700019836425781e-01 1.000000000000000000e+00
-1.908072680234909058e-01 -5.739712715148925781e-01 -5.511358976364135742e-01 1.000000000000000000e+00
-7.836338877677917480e-02 -6.568962335586547852e-01 -5.790236592292785645e-01 1.000000000000000000e+00
7.617218792438507080e-02 -7.151857018470764160e-01 -5.675780773162841797e-01 1.000000000000000000e+00
2.584335505962371826e-01 -7.305347919464111328e-01 -4.834760129451751709e-01 1.000000000000000000e+00
4.154175519943237305e-01 -6.137611269950866699e-01 -3.568980395793914795e-01 1.000000000000000000e+00
-2.451137304306030273e-01 -3.950031101703643799e-01 -5.298398137092590332e-01 1.000000000000000000e+00
-2.333739697933197021e-01 -2.714738845825195312e-01 -5.901569724082946777e-01 1.000000000000000000e+00
-2.300302833318710327e-01 -1.695248335599899292e-01 -6.537306308746337891e-01 1.000000000000000000e+00
-2.194452881813049316e-01 -6.959565728902816772e-02 -6.983253955841064453e-01 1.000000000000000000e+00
-2.605574727058410645e-01 3.720210492610931396e-02 -4.717905819416046143e-01 1.000000000000000000e+00
-2.007545381784439087e-01 4.921952262520790100e-02 -5.149908065795898438e-01 1.000000000000000000e+00
-1.413559913635253906e-01 4.882401600480079651e-02 -5.491445064544677734e-01 1.000000000000000000e+00
-8.029548823833465576e-02 1.933674514293670654e-02 -5.563234090805053711e-01 1.000000000000000000e+00
-1.868975348770618439e-02 -2.253236807882785797e-02 -5.553115010261535645e-01 1.000000000000000000e+00
-6.109837889671325684e-01 -2.674428224563598633e-01 -1.981128752231597900e-01 1.000000000000000000e+00
-5.637871026992797852e-01 -3.211393356323242188e-01 -3.158188462257385254e-01 1.000000000000000000e+00
-4.799564480781555176e-01 -3.380936384201049805e-01 -3.492352068424224854e-01 1.000000000000000000e+00
-3.801586627960205078e-01 -3.184214532375335693e-01 -3.498711884021759033e-01 1.000000000000000000e+00
-4.578711092472076416e-01 -2.746819555759429932e-01 -3.358471989631652832e-01 1.000000000000000000e+00
-5.356260538101196289e-01 -2.494978457689285278e-01 -2.994834482669830322e-01 1.000000000000000000e+00
-2.298734150826931000e-02 -4.057705104351043701e-01 -4.764901697635650635e-01 1.000000000000000000e+00
3.912420943379402161e-02 -4.700654745101928711e-01 -5.312951803207397461e-01 1.000000000000000000e+00
1.257947385311126709e-01 -4.984402358531951904e-01 -5.553436279296875000e-01 1.000000000000000000e+00
2.497483640909194946e-01 -4.835793972015380859e-01 -4.959608316421508789e-01 1.000000000000000000e+00
1.443523466587066650e-01 -4.173596203327178955e-01 -5.362021327018737793e-01 1.000000000000000000e+00
5.943921208381652832e-02 -4.003791511058807373e-01 -5.159622430801391602e-01 1.000000000000000000e+00
-2.144427597522735596e-01 3.545338511466979980e-01 -2.526656091213226318e-01 1.000000000000000000e+00
-2.322758883237838745e-01 2.424844354391098022e-01 -4.102495610713958740e-01 1.000000000000000000e+00
-1.649479568004608154e-01 1.904942542314529419e-01 -5.183649063110351562e-01 1.000000000000000000e+00
-1.060947105288505554e-01 1.779383718967437744e-01 -5.480889678001403809e-01 1.000000000000000000e+00
-4.186226800084114075e-02 1.604354083538055420e-01 -5.602282285690307617e-01 1.000000000000000000e+00
9.149639308452606201e-02 1.651509255170822144e-01 -5.178337693214416504e-01 1.000000000000000000e+00
2.371094077825546265e-01 2.445346415042877197e-01 -3.922567665576934814e-01 1.000000000000000000e+00
2.043607532978057861e-01 3.996171653270721436e-01 -4.196361899375915527e-01 1.000000000000000000e+00
1.110579818487167358e-01 4.780064225196838379e-01 -4.465659856796264648e-01 1.000000000000000000e+00
4.207175225019454956e-02 5.076476335525512695e-01 -4.327341318130493164e-01 1.000000000000000000e+00
-3.106563724577426910e-02 5.113906860351562500e-01 -4.053831398487091064e-01 1.000000000000000000e+00
-1.298890858888626099e-01 4.793978035449981689e-01 -3.253946900367736816e-01 1.000000000000000000e+00
-2.050648480653762817e-01 3.577829301357269287e-01 -2.464724034070968628e-01 1.000000000000000000e+00
-1.231764182448387146e-01 2.317181080579757690e-01 -4.396592080593109131e-01 1.000000000000000000e+00
-7.044288516044616699e-02 2.127885222434997559e-01 -4.666590392589569092e-01 1.000000000000000000e+00
-8.911457844078540802e-03 2.043659836053848267e-01 -4.777868390083312988e-01 0.000000000000000000e+00
2.346772402524948120e-01 2.439223676919937134e-01 -3.914982378482818604e-01 1.000000000000000000e+00
1.001782342791557312e-01 4.094384610652923584e-01 -4.000201523303985596e-01 1.000000000000000000e+00
3.768601641058921814e-02 4.296520352363586426e-01 -3.874334096908569336e-01 1.000000000000000000e+00
-2.650908939540386200e-02 4.390472471714019775e-01 -3.633945286273956299e-01 1.000000000000000000e+00
