-6.931768059730529785e-01 -1.967860907316207886e-01
-6.663443446159362793e-01 -3.462718054652214050e-02
-5.959597826004028320e-01 1.287323534488677979e-01
-5.113891959190368652e-01 2.716826796531677246e-01
-4.225159287452697754e-01 4.055566787719726562e-01
-3.092478811740875244e-01 5.408332943916320801e-01
-1.735372692346572876e-01 6.669511795043945312e-01
9.555777534842491150e-03 7.707682847976684570e-01
1.687543541193008423e-01 7.772208452224731445e-01
3.322294354438781738e-01 6.887330412864685059e-01
4.847336709499359131e-01 5.476597547531127930e-01
5.862869620323181152e-01 3.744991719722747803e-01
6.721386313438415527e-01 1.879136115312576294e-01
7.190122008323669434e-01 -7.660818751901388168e-03
7.314916849136352539e-01 -1.984922885894775391e-01
6.995516419410705566e-01 -4.093641936779022217e-01
6.743224263191223145e-01 -5.989037156105041504e-01
-7.107656002044677734e-01 -2.968359589576721191e-01
-7.230318188667297363e-01 -4.442304372787475586e-01
-6.347122788429260254e-01 -4.975741207599639893e-01
-5.048311948776245117e-01 -5.062987804412841797e-01
-3.772011697292327881e-01 -4.910752475261688232e-01
-2.031338065862655640e-01 -5.438628792762756348e-01
-9.283620119094848633e-02 -6.263917684555053711e-01
6.047275662422180176e-02 -6.903318166732788086e-01
2.414288222789764404e-01 -7.140003442764282227e-01
4.043312668800354004e-01 -6.089269518852233887e-01
-2.561870217323303223e-01 -3.722005784511566162e-01
-2.406529486179351807e-01 -2.477636486291885376e-01
-2.345428764820098877e-01 -1.444628238677978516e-01
-2.215844541788101196e-01 -4.186725988984107971e-02
-2.529808580875396729e-01 6.445844471454620361e-02
-1.957559585571289062e-01 7.653050869703292847e-02
-1.384907513856887817e-01 7.797514647245407104e-02
-8.006146550178527832e-02 4.560770094394683838e-02
-2.169896289706230164e-02 2.798630157485604286e-03
-6.149047017097473145e-01 -2.341171354055404663e-01
-5.638409852981567383e-01 -2.728256583213806152e-01
-4.834670722484588623e-01 -2.936891913414001465e-01
-3.867990374565124512e-01 -2.914524972438812256e-01
-4.637924432754516602e-01 -2.470611035823822021e-01
-5.419796109199523926e-01 -2.193143218755722046e-01
-2.942593954503536224e-02 -3.865387737751007080e-01
3.469901159405708313e-02 -4.405076205730438232e-01
1.193551793694496155e-01 -4.674486517906188965e-01
2.403726726770401001e-01 -4.688487350940704346e-01
1.382354646921157837e-01 -4.019798040390014648e-01
5.219528451561927795e-02 -3.833973705768585205e-01
-2.102217376232147217e-01 3.641512393951416016e-01
-2.205826342105865479e-01 2.726493477821350098e-01
-1.559498161077499390e-01 2.252712249755859375e-01
-9.851840883493423462e-02 2.135509997606277466e-01
-3.638697043061256409e-02 1.937027126550674438e-01
9.027840942144393921e-02 1.921531707048416138e-01
2.273339331150054932e-01 2.505376935005187988e-01
1.940360516309738159e-01 3.886116743087768555e-01
1.031931713223457336e-01 4.657308161258697510e-01
3.632518649101257324e-02 4.944153726100921631e-01
-3.499725461006164551e-02 4.998753666877746582e-01
-1.312433779239654541e-01 4.703049957752227783e-01
-2.016110271215438843e-01 3.664803802967071533e-01
-1.151690557599067688e-01 2.665680348873138428e-01
-6.265377253293991089e-02 2.483675777912139893e-01
-2.739069750532507896e-03 2.376464307308197021e-01
2.250028550624847412e-01 2.503024041652679443e-01
9.057802706956863403e-02 3.957324326038360596e-01
2.862000465393066406e-02 4.164261519908905029e-01
-3.504958748817443848e-02 4.266981780529022217e-01
