-6.670929193496704102e-01 -2.340182811021804810e-01 4.470742344856262207e-01 0.000000000000000000e+00
-5.814142227172851562e-01 -6.280632317066192627e-02 4.705614447593688965e-01 0.000000000000000000e+00
-4.836644530296325684e-01 1.304899901151657104e-01 4.835792481899261475e-01 0.000000000000000000e+00
-4.018546342849731445e-01 2.984821498394012451e-01 4.213459193706512451e-01 0.000000000000000000e+00
-3.274763822555541992e-01 4.601807594299316406e-01 2.982469201087951660e-01 0.000000000000000000e+00
-2.493174672126770020e-01 5.977979302406311035e-01 1.199910789728164673e-01 0.000000000000000000e+00
-1.239249035716056824e-01 7.052240967750549316e-01 -1.089973375201225281e-02 1.000000000000000000e+00
2.131654694676399231e-02 7.703306674957275391e-01 -1.597121655941009521e-01 1.000000000000000000e+00
1.962192505598068237e-01 7.712189555168151855e-01 -2.129792869091033936e-01 1.000000000000000000e+00
3.321323096752166748e-01 6.888936758041381836e-01 -2.461123615503311157e-01 1.000000000000000000e+00
4.844945073127746582e-01 5.478431582450866699e-01 -1.917756497859954834e-01 1.000000000000000000e+00
5.862706303596496582e-01 3.751698732376098633e-01 -1.404364109039306641e-01 1.000000000000000000e+00
6.722947359085083008e-01 1.887157261371612549e-01 -2.602899074554443359e-02 1.000000000000000000e+00
7.190511226654052734e-01 -6.597294937819242477e-03 4.966237396001815796e-02 1.000000000000000000e+00
7.323481440544128418e-01 -1.973892599344253540e-01 7.052245736122131348e-02 1.000000000000000000e+00
7.000578045845031738e-01 -4.096058011054992676e-01 2.222564816474914551e-02 1.000000000000000000e+00
6.748190522193908691e-01 -5.985226631164550781e-01 -1.857306063175201416e-02 1.000000000000000000e+00
-7.107656002044677734e-01 -2.968359589576721191e-01 -2.812929637730121613e-02 1.000000000000000000e+00
-7.230318188667297363e-01 -4.442304372787475586e-01 -2.114585936069488525e-01 1.000000000000000000e+00
-6.347122788429260254e-01 -4.975741207599639893e-01 -3.807456195354461670e-01 1.000000000000000000e+00
-5.048311948776245117e-01 -5.062987804412841797e-01 -4.856663644313812256e-01 1.000000000000000000e+00
-3.772011697292327881e-01 -4.910752475261688232e-01 -5.403000712394714355e-01 1.000000000000000000e+00
-2.031338065862655640e-01 -5.438628792762756348e-01 -6.016737222671508789e-01 1.000000000000000000e+00
-9.283620119094848633e-02 -6.263917684555053711e-01 -6.296250224113464355e-01 1.000000000000000000e+00
6.047275662422180176e-02 -6.903318166732788086e-01 -6.215308904647827148e-01 1.000000000000000000e+00
2.414288222789764404e-01 -7.140003442764282227e-01 -5.401175618171691895e-01 1.000000000000000000e+00
4.043312668800354004e-01 -6.089269518852233887e-01 -4.089121222496032715e-01 1.000000000000000000e+00
-2.561870217323303223e-01 -3.722005784511566162e-01 -5.821213722229003906e-01 1.000000000000000000e+00
-2.406529486179351807e-01 -2.477636486291885376e-01 -6.403829455375671387e-01 1.000000000000000000e+00
-2.345428764820098877e-01 -1.444628238677978516e-01 -7.017640471458435059e-01 1.000000000000000000e+00
-2.215844541788101196e-01 -4.186725988984107971e-02 -7.442978024482727051e-01 1.000000000000000000e+00
-2.529808580875396729e-01 6.445844471454620361e-02 -5.129861235618591309e-01 1.000000000000000000e+00
-1.957559585571289062e-01 7.653050869703292847e-02 -5.563570857048034668e-01 1.000000000000000000e+00
-1.384907513856887817e-01 7.797514647245407104e-02 -5.912404060363769531e-01 1.000000000000000000e+00
-8.006146550178527832e-02 4.560770094394683838e-02 -5.977509617805480957e-01 1.000000000000000000e+00
-2.169896289706230164e-02 2.798630157485604286e-03 -5.957628488540649414e-01 1.000000000000000000e+00
-6.149047017097473145e-01 -2.341171354055404663e-01 -2.410489618778228760e-01 1.000000000000000000e+00
-5.638409852981567383e-01 -2.728256583213806152e-01 -3.585668206214904785e-01 1.000000000000000000e+00
-4.834670722484588623e-01 -2.936891913414001465e-01 -3.902636766433715820e-01 1.000000000000000000e+00
-3.867990374565124512e-01 -2.914524972438812256e-01 -3.923725187778472900e-01 1.000000000000000000e+00
-4.637924432754516602e-01 -2.470611035823822021e-01 -3.783876001834869385e-01 1.000000000000000000e+00
-5.419796109199523926e-01 -2.193143218755722046e-01 -3.411253094673156738e-01 1.000000000000000000e+00
-2.942593954503536224e-02 -3.865387737751007080e-01 -5.199682116508483887e-01 1.000000000000000000e+00
3.469901159405708313e-02 -4.405076205730438232e-01 -5.752916336059570312e-01 1.000000000000000000e+00
1.193551793694496155e-01 -4.674486517906188965e-01 -5.996509790420532227e-01 1.000000000000000000e+00
2.403726726770401001e-01 -4.688487350940704346e-01 -5.414042472839355469e-01 1.000000000000000000e+00
1.382354646921157837e-01 -4.019798040390014648e-01 -5.794856548309326172e-01 1.000000000000000000e+00
5.219528451561927795e-02 -3.833973705768585205e-01 -5.586100220680236816e-01 1.000000000000000000e+00
-2.102217376232147217e-01 3.641512393951416016e-01 -3.121189773082733154e-01 1.000000000000000000e+00
-2.205826342105865479e-01 2.726493477821350098e-01 -4.582107067108154297e-01 1.000000000000000000e+00
-1.559498161077499390e-01 2.252712249755859375e-01 -5.604684352874755859e-01 1.000000000000000000e+00
-9.851840883493423462e-02 2.135509997606277466e-01 -5.901322960853576660e-01 1.000000000000000000e+00
-3.638697043061256409e-02 1.937027126550674438e-01 -6.024687886238098145e-01 1.000000000000000000e+00
9.027840942144393921e-02 1.921531707048416138e-01 -5.638700723648071289e-01 1.000000000000000000e+00
2.273339331150054932e-01 2.505376935005187988e-01 -4.501390457153320312e-01 1.000000000000000000e+00
1.940360516309738159e-01 3.886116743087768555e-01 -4.762835502624511719e-01 1.000000000000000000e+00
1.031931713223457336e-01 4.657308161258697510e-01 -5.015153288841247559e-01 1.000000000000000000e+00
3.632518649101257324e-02 4.944153726100921631e-01 -4.866692423820495605e-01 1.000000000000000000e+00
-3.499725461006164551e-02 4.998753666877746582e-01 -4.605478346347808838e-01 1.000000000000000000e+00
-1.312433779239654541e-01 4.703049957752227783e-01 -3.836918175220489502e-01 1.000000000000000000e+00
-2.016110271215438843e-01 3.664803802967071533e-01 -3.071023821830749512e-01 1.000000000000000000e+00
-1.151690557599067688e-01 2.665680348873138428e-01 -4.857033789157867432e-01 1.000000000000000000e+00
-6.265377253293991089e-02 2.483675777912139893e-01 -5.123332142829895020e-01 1.000000000000000000e+00
-2.739069750532507896e-03 2.376464307308197021e-01 -5.236726999282836914e-01 0.000000000000000000e+00
2.250028550624847412e-01 2.503024041652679443e-01 -4.495283663272857666e-01 1.000000000000000000e+00
9.057802706956863403e-02 3.957324326038360596e-01 -4.636489152908325195e-01 1.000000000000000000e+00
2.862000465393066406e-02 4.164261519908905029e-01 -4.511411786079406738e-01 1.000000000000000000e+00
-3.504958748817443848e-02 4.266981780529022217e-01 -4.271708726882934570e-01 1.000000000000000000e+00
