-7.098875045776367188e-01 -5.865111351013183594e-01
-7.376137375831604004e-01 -3.558760583400726318e-01
-7.252586483955383301e-01 -1.662015616893768311e-01
-7.189462184906005859e-01 -1.315566897392272949e-02
-7.001927495002746582e-01 1.680481433868408203e-01
-6.388311982154846191e-01 3.436625301837921143e-01
-5.223127603530883789e-01 5.089422464370727539e-01
-3.635303974151611328e-01 6.678234338760375977e-01
-2.019571214914321899e-01 7.345332503318786621e-01
-2.131715603172779083e-02 7.191845178604125977e-01
1.805132925510406494e-01 6.348034143447875977e-01
3.559970855712890625e-01 5.198726058006286621e-01
4.811993539333343506e-01 3.689074218273162842e-01
5.827303528785705566e-01 1.743422448635101318e-01
6.551923155784606934e-01 -1.528933877125382423e-03
7.261830568313598633e-01 -1.878477782011032104e-01
7.927793264389038086e-01 -3.792692124843597412e-01
-6.450020670890808105e-01 -5.855942368507385254e-01
-5.518792271614074707e-01 -6.818325519561767578e-01
-4.158368408679962158e-01 -6.429299116134643555e-01
-2.683772742748260498e-01 -5.660303235054016113e-01
-1.429564505815505981e-01 -4.860583245754241943e-01
6.427076458930969238e-02 -4.506777226924896240e-01
2.115330994129180908e-01 -4.797172546386718750e-01
3.864004909992218018e-01 -4.930475056171417236e-01
5.486382246017456055e-01 -4.805468916893005371e-01
6.321499943733215332e-01 -3.544808030128479004e-01
-6.913883984088897705e-02 -3.021913468837738037e-01
-9.808728843927383423e-02 -1.452610492706298828e-01
-1.253273785114288330e-01 -1.954369619488716125e-02
-1.498887389898300171e-01 1.047601103782653809e-01
-2.760155797004699707e-01 1.084864139556884766e-01
-2.156182527542114258e-01 1.545747071504592896e-01
-1.513500362634658813e-01 1.901436746120452881e-01
-7.597867399454116821e-02 1.805199831724166870e-01
8.486764272674918175e-04 1.614442765712738037e-01
-5.337349772453308105e-01 -4.054867029190063477e-01
-4.482371211051940918e-01 -3.773519098758697510e-01
-3.558003604412078857e-01 -3.593217134475708008e-01
-2.609130144119262695e-01 -3.271596729755401611e-01
-3.549349009990692139e-01 -3.181778192520141602e-01
-4.551863670349121094e-01 -3.337821364402770996e-01
1.369900554418563843e-01 -2.488541901111602783e-01
2.324258834123611450e-01 -2.453408241271972656e-01
3.277176916599273682e-01 -2.304756045341491699e-01
4.353484213352203369e-01 -2.228501737117767334e-01
3.212220072746276855e-01 -1.861408799886703491e-01
2.202872186899185181e-01 -2.078238874673843384e-01
-4.079189002513885498e-01 2.325584888458251953e-01
-3.431187272071838379e-01 2.480645626783370972e-01
-2.345972508192062378e-01 2.800458967685699463e-01
-1.647999286651611328e-01 3.044740855693817139e-01
-8.951318264007568359e-02 3.071241974830627441e-01
2.971939742565155029e-02 3.163886666297912598e-01
1.212006956338882446e-01 3.190839588642120361e-01
2.303384058177471161e-02 3.965893983840942383e-01
-1.000663712620735168e-01 4.300896227359771729e-01
-1.790713518857955933e-01 4.259682893753051758e-01
-2.539918720722198486e-01 4.048248827457427979e-01
-3.542838990688323975e-01 3.361083269119262695e-01
-4.034599661827087402e-01 2.343676984310150146e-01
-2.333855479955673218e-01 3.065031766891479492e-01
-1.616049855947494507e-01 3.208642005920410156e-01
-8.910084515810012817e-02 3.328717648983001709e-01
1.196520030498504639e-01 3.188252747058868408e-01
-8.591084927320480347e-02 3.470484614372253418e-01
-1.645780205726623535e-01 3.415367603302001953e-01
-2.413527518510818481e-01 3.234204649925231934e-01
