-7.136808633804321289e-01 -6.727027297019958496e-01 -1.597268730401992798e-01 1.000000000000000000e+00
-7.153300046920776367e-01 -4.807255268096923828e-01 -7.358431816101074219e-02 1.000000000000000000e+00
-7.040886282920837402e-01 -2.601521909236907959e-01 1.284277625381946564e-02 1.000000000000000000e+00
-6.800357699394226074e-01 -4.010463878512382507e-02 5.155363585799932480e-03 0.000000000000000000e+00
-6.541904807090759277e-01 1.828220188617706299e-01 -8.094450831413269043e-02 0.000000000000000000e+00
-6.057056188583374023e-01 3.854747712612152100e-01 -2.410645186901092529e-01 0.000000000000000000e+00
-4.931703805923461914e-01 5.370432138442993164e-01 -3.707403242588043213e-01 1.000000000000000000e+00
-3.566747307777404785e-01 6.700430512428283691e-01 -5.346174836158752441e-01 1.000000000000000000e+00
-1.852628886699676514e-01 7.338757514953613281e-01 -5.638026595115661621e-01 1.000000000000000000e+00
-2.369433268904685974e-02 7.192441821098327637e-01 -5.664395093917846680e-01 1.000000000000000000e+00
1.676217466592788696e-01 6.422792673110961914e-01 -4.357398748397827148e-01 1.000000000000000000e+00
3.324157893657684326e-01 5.370272397994995117e-01 -3.356949090957641602e-01 1.000000000000000000e+00
4.649683237075805664e-01 3.703734576702117920e-01 -1.928769201040267944e-01 0.000000000000000000e+00
5.777916312217712402e-01 1.787629425525665283e-01 -1.202451437711715698e-01 0.000000000000000000e+00
6.763765811920166016e-01 -8.306895382702350616e-03 -1.262345910072326660e-01 1.000000000000000000e+00
7.467561364173889160e-01 -2.097371518611907959e-01 -2.238554656505584717e-01 1.000000000000000000e+00
8.110346794128417969e-01 -3.915033340454101562e-01 -3.070788979530334473e-01 1.000000000000000000e+00
-6.450020670890808105e-01 -5.855942368507385254e-01 -6.738554239273071289e-01 1.000000000000000000e+00
-5.518792271614074707e-01 -6.818325519561767578e-01 -9.007546901702880859e-01 1.000000000000000000e+00
-4.158368408679962158e-01 -6.429299116134643555e-01 -1.058059692382812500e+00 1.000000000000000000e+00
-2.683772742748260498e-01 -5.660303235054016113e-01 -1.132225871086120605e+00 1.000000000000000000e+00
-1.429564505815505981e-01 -4.860583245754241943e-01 -1.144545555114746094e+00 1.000000000000000000e+00
6.427076458930969238e-02 -4.506777226924896240e-01 -1.165708422660827637e+00 1.000000000000000000e+00
2.115330994129180908e-01 -4.797172546386718750e-01 -1.179032921791076660e+00 1.000000000000000000e+00
3.864004909992218018e-01 -4.930475056171417236e-01 -1.132687091827392578e+00 1.000000000000000000e+00
5.486382246017456055e-01 -4.805468916893005371e-01 -9.981955885887145996e-01 1.000000000000000000e+00
6.321499943733215332e-01 -3.544808030128479004e-01 -7.890164852142333984e-01 1.000000000000000000e+00
-6.913883984088897705e-02 -3.021913468837738037e-01 -1.113359093666076660e+00 1.000000000000000000e+00
-9.808728843927383423e-02 -1.452610492706298828e-01 -1.144169092178344727e+00 1.000000000000000000e+00
-1.253273785114288330e-01 -1.954369619488716125e-02 -1.181286811828613281e+00 1.000000000000000000e+00
-1.498887389898300171e-01 1.047601103782653809e-01 -1.205297112464904785e+00 1.000000000000000000e+00
-2.760155797004699707e-01 1.084864139556884766e-01 -9.427013993263244629e-01 0.000000000000000000e+00
-2.156182527542114258e-01 1.545747071504592896e-01 -9.680333137512207031e-01 1.000000000000000000e+00
-1.513500362634658813e-01 1.901436746120452881e-01 -9.836149215698242188e-01 1.000000000000000000e+00
-7.597867399454116821e-02 1.805199831724166870e-01 -9.820960164070129395e-01 1.000000000000000000e+00
8.486764272674918175e-04 1.614442765712738037e-01 -9.698268175125122070e-01 0.000000000000000000e+00
-5.337349772453308105e-01 -4.054867029190063477e-01 -8.429232835769653320e-01 1.000000000000000000e+00
-4.482371211051940918e-01 -3.773519098758697510e-01 -9.548971652984619141e-01 1.000000000000000000e+00
-3.558003604412078857e-01 -3.593217134475708008e-01 -9.659944176673889160e-01 1.000000000000000000e+00
-2.609130144119262695e-01 -3.271596729755401611e-01 -9.356608390808105469e-01 1.000000000000000000e+00
-3.549349009990692139e-01 -3.181778192520141602e-01 -9.357771277427673340e-01 1.000000000000000000e+00
-4.551863670349121094e-01 -3.337821364402770996e-01 -9.163337349891662598e-01 1.000000000000000000e+00
1.369900554418563843e-01 -2.488541901111602783e-01 -9.777814149856567383e-01 1.000000000000000000e+00
2.324258834123611450e-01 -2.453408241271972656e-01 -1.025618433952331543e+00 1.000000000000000000e+00
3.277176916599273682e-01 -2.304756045341491699e-01 -1.029983043670654297e+00 1.000000000000000000e+00
4.353484213352203369e-01 -2.228501737117767334e-01 -9.358116984367370605e-01 1.000000000000000000e+00
3.212220072746276855e-01 -1.861408799886703491e-01 -9.915289878845214844e-01 1.000000000000000000e+00
2.202872186899185181e-01 -2.078238874673843384e-01 -9.928687214851379395e-01 1.000000000000000000e+00
-4.079189002513885498e-01 2.325584888458251953e-01 -6.999776959419250488e-01 1.000000000000000000e+00
-3.431187272071838379e-01 2.480645626783370972e-01 -8.292681574821472168e-01 1.000000000000000000e+00
-2.345972508192062378e-01 2.800458967685699463e-01 -9.085519909858703613e-01 1.000000000000000000e+00
-1.647999286651611328e-01 3.044740855693817139e-01 -9.212895035743713379e-01 1.000000000000000000e+00
-8.951318264007568359e-02 3.071241974830627441e-01 -9.235646128654479980e-01 1.000000000000000000e+00
2.971939742565155029e-02 3.163886666297912598e-01 -8.655581474304199219e-01 1.000000000000000000e+00
1.212006956338882446e-01 3.190839588642120361e-01 -7.516405582427978516e-01 1.000000000000000000e+00
2.303384058177471161e-02 3.965893983840942383e-01 -8.133062124252319336e-01 1.000000000000000000e+00
-1.000663712620735168e-01 4.300896227359771729e-01 -8.662400245666503906e-01 1.000000000000000000e+00
-1.790713518857955933e-01 4.259682893753051758e-01 -8.619512319564819336e-01 1.000000000000000000e+00
-2.539918720722198486e-01 4.048248827457427979e-01 -8.469730615615844727e-01 1.000000000000000000e+00
-3.542838990688323975e-01 3.361083269119262695e-01 -7.750911116600036621e-01 1.000000000000000000e+00
-4.034599661827087402e-01 2.343676984310150146e-01 -6.980767250061035156e-01 1.000000000000000000e+00
-2.333855479955673218e-01 3.065031766891479492e-01 -8.269664049148559570e-01 0.000000000000000000e+00
-1.616049855947494507e-01 3.208642005920410156e-01 -8.368194103240966797e-01 0.000000000000000000e+00
-8.910084515810012817e-02 3.328717648983001709e-01 -8.417871594429016113e-01 0.000000000000000000e+00
1.196520030498504639e-01 3.188252747058868408e-01 -7.520923614501953125e-01 1.000000000000000000e+00
-8.591084927320480347e-02 3.470484614372253418e-01 -8.492726087570190430e-01 1.000000000000000000e+00
-1.645780205726623535e-01 3.415367603302001953e-01 -8.545457124710083008e-01 1.000000000000000000e+00
-2.413527518510818481e-01 3.234204649925231934e-01 -8.315844535827636719e-01 1.000000000000000000e+00
