-7.183869481086730957e-01 -1.606469154357910156e-01
-6.844018101692199707e-01 1.440146379172801971e-02
-6.051787137985229492e-01 1.763913780450820923e-01
-5.258975625038146973e-01 3.154326677322387695e-01
-4.400660097599029541e-01 4.535173475742340088e-01
-3.335601687431335449e-01 5.818240642547607422e-01
-1.957004368305206299e-01 6.719446182250976562e-01
-2.273572981357574463e-02 7.339903712272644043e-01
1.354788392782211304e-01 7.202917933464050293e-01
3.058106303215026855e-01 6.420627832412719727e-01
4.700874686241149902e-01 5.230719447135925293e-01
5.944583415985107422e-01 3.789553344249725342e-01
6.867246031761169434e-01 1.998550146818161011e-01
7.347510457038879395e-01 -2.151536289602518082e-03
7.426248788833618164e-01 -1.990633010864257812e-01
7.095476388931274414e-01 -4.074808061122894287e-01
6.832491755485534668e-01 -6.047801971435546875e-01
-7.397086620330810547e-01 -2.631460726261138916e-01
-7.447161078453063965e-01 -4.225375354290008545e-01
-6.496415734291076660e-01 -4.711059629917144775e-01
-5.103501677513122559e-01 -4.785715937614440918e-01
-3.764134645462036133e-01 -4.627366662025451660e-01
-1.849477738142013550e-01 -5.164322853088378906e-01
-6.964547932147979736e-02 -6.010999083518981934e-01
8.902965486049652100e-02 -6.758413314819335938e-01
2.665672600269317627e-01 -7.035934925079345703e-01
4.334190487861633301e-01 -5.868220329284667969e-01
-2.398579120635986328e-01 -3.325202763080596924e-01
-2.186417579650878906e-01 -1.945697516202926636e-01
-2.092025429010391235e-01 -8.871486037969589233e-02
-1.936788409948348999e-01 1.869495585560798645e-02
-2.262797057628631592e-01 1.390844136476516724e-01
-1.713403016328811646e-01 1.481159180402755737e-01
-1.145400032401084900e-01 1.546294242143630981e-01
-5.805952101945877075e-02 1.189556568861007690e-01
-1.619007322005927563e-03 8.010626584291458130e-02
-6.280743479728698730e-01 -2.001459896564483643e-01
-5.785576105117797852e-01 -2.539840936660766602e-01
-4.890226423740386963e-01 -2.739259898662567139e-01
-3.857338130474090576e-01 -2.541230916976928711e-01
-4.584232270717620850e-01 -2.047841250896453857e-01
-5.455069541931152344e-01 -1.760835349559783936e-01
-5.167143419384956360e-03 -3.542502224445343018e-01
5.511311814188957214e-02 -4.248808026313781738e-01
1.478600203990936279e-01 -4.567442536354064941e-01
2.728231549263000488e-01 -4.442643523216247559e-01
1.733047217130661011e-01 -3.681334853172302246e-01
7.773610949516296387e-02 -3.466010987758636475e-01
-2.181612253189086914e-01 4.032690227031707764e-01
-1.953273564577102661e-01 3.610803484916687012e-01
-1.280178129673004150e-01 3.223457038402557373e-01
-7.331006973981857300e-02 3.145660459995269775e-01
-1.683146879076957703e-02 2.926946282386779785e-01
9.104792028665542603e-02 2.843209207057952881e-01
1.958004087209701538e-01 2.864171564579010010e-01
1.411555260419845581e-01 3.486843109130859375e-01
4.992156475782394409e-02 4.053794443607330322e-01
-1.024458091706037521e-02 4.294025301933288574e-01
-7.311265170574188232e-02 4.400587677955627441e-01
-1.571240723133087158e-01 4.334018826484680176e-01
-2.120565921068191528e-01 4.014739692211151123e-01
-9.544905275106430054e-02 3.771746158599853516e-01
-4.222386702895164490e-02 3.636165559291839600e-01
1.393932756036520004e-02 3.481255173683166504e-01
1.934296190738677979e-01 2.870477437973022461e-01
3.093288838863372803e-02 3.332397639751434326e-01
-2.995657920837402344e-02 3.519995510578155518e-01
-8.844941854476928711e-02 3.681719303131103516e-01
