-7.147110104560852051e-01 -2.188727855682373047e-01 3.621109127998352051e-01 1.000000000000000000e+00
-6.273793578147888184e-01 -3.990222886204719543e-02 3.956113159656524658e-01 0.000000000000000000e+00
-5.258321166038513184e-01 1.598072201013565063e-01 4.188416898250579834e-01 0.000000000000000000e+00
-4.343289434909820557e-01 3.341930210590362549e-01 3.545203506946563721e-01 0.000000000000000000e+00
-3.504621386528015137e-01 4.995574653148651123e-01 2.161453664302825928e-01 0.000000000000000000e+00
-2.676334977149963379e-01 6.299242973327636719e-01 8.646299131214618683e-03 0.000000000000000000e+00
-1.420779973268508911e-01 6.989551186561584473e-01 -1.572312861680984497e-01 1.000000000000000000e+00
-8.154930546879768372e-03 7.372467517852783203e-01 -3.456863164901733398e-01 1.000000000000000000e+00
1.661501973867416382e-01 7.204276323318481445e-01 -4.078686833381652832e-01 1.000000000000000000e+00
3.056816458702087402e-01 6.428993344306945801e-01 -4.342834651470184326e-01 1.000000000000000000e+00
4.688313603401184082e-01 5.239047408103942871e-01 -3.340150415897369385e-01 1.000000000000000000e+00
5.936836600303649902e-01 3.818566799163818359e-01 -2.447885125875473022e-01 1.000000000000000000e+00
6.868270039558410645e-01 2.032938301563262939e-01 -9.047330915927886963e-02 1.000000000000000000e+00
7.352268695831298828e-01 3.355847904458642006e-03 7.828445173799991608e-03 1.000000000000000000e+00
7.471805810928344727e-01 -1.931493878364562988e-01 3.471906483173370361e-02 1.000000000000000000e+00
7.124099135398864746e-01 -4.086290001869201660e-01 -1.733783073723316193e-02 1.000000000000000000e+00
6.861366033554077148e-01 -6.034110188484191895e-01 -6.427422910928726196e-02 1.000000000000000000e+00
-7.397086620330810547e-01 -2.631460726261138916e-01 -1.358108967542648315e-01 1.000000000000000000e+00
-7.447161078453063965e-01 -4.225375354290008545e-01 -3.333008885383605957e-01 1.000000000000000000e+00
-6.496415734291076660e-01 -4.711059629917144775e-01 -5.073398351669311523e-01 1.000000000000000000e+00
-5.103501677513122559e-01 -4.785715937614440918e-01 -6.138483285903930664e-01 1.000000000000000000e+00
-3.764134645462036133e-01 -4.627366662025451660e-01 -6.642404198646545410e-01 1.000000000000000000e+00
-1.849477738142013550e-01 -5.164322853088378906e-01 -7.233498096466064453e-01 1.000000000000000000e+00
-6.964547932147979736e-02 -6.010999083518981934e-01 -7.489508390426635742e-01 1.000000000000000000e+00
8.902965486049652100e-02 -6.758413314819335938e-01 -7.293509244918823242e-01 1.000000000000000000e+00
2.665672600269317627e-01 -7.035934925079345703e-01 -6.334011554718017578e-01 1.000000000000000000e+00
4.334190487861633301e-01 -5.868220329284667969e-01 -4.862125217914581299e-01 1.000000000000000000e+00
-2.398579120635986328e-01 -3.325202763080596924e-01 -6.952028274536132812e-01 1.000000000000000000e+00
-2.186417579650878906e-01 -1.945697516202926636e-01 -7.549778819084167480e-01 1.000000000000000000e+00
-2.092025429010391235e-01 -8.871486037969589233e-02 -8.142020106315612793e-01 1.000000000000000000e+00
-1.936788409948348999e-01 1.869495585560798645e-02 -8.563897013664245605e-01 1.000000000000000000e+00
-2.262797057628631592e-01 1.390844136476516724e-01 -6.240006089210510254e-01 1.000000000000000000e+00
-1.713403016328811646e-01 1.481159180402755737e-01 -6.666553616523742676e-01 1.000000000000000000e+00
-1.145400032401084900e-01 1.546294242143630981e-01 -7.019512653350830078e-01 1.000000000000000000e+00
-5.805952101945877075e-02 1.189556568861007690e-01 -7.022827267646789551e-01 1.000000000000000000e+00
-1.619007322005927563e-03 8.010626584291458130e-02 -6.938903927803039551e-01 1.000000000000000000e+00
-6.280743479728698730e-01 -2.001459896564483643e-01 -3.493024408817291260e-01 1.000000000000000000e+00
-5.785576105117797852e-01 -2.539840936660766602e-01 -4.725070595741271973e-01 1.000000000000000000e+00
-4.890226423740386963e-01 -2.739259898662567139e-01 -5.057480335235595703e-01 1.000000000000000000e+00
-3.857338130474090576e-01 -2.541230916976928711e-01 -4.976575076580047607e-01 1.000000000000000000e+00
-4.584232270717620850e-01 -2.047841250896453857e-01 -4.833438992500305176e-01 1.000000000000000000e+00
-5.455069541931152344e-01 -1.760835349559783936e-01 -4.457832872867584229e-01 1.000000000000000000e+00
-5.167143419384956360e-03 -3.542502224445343018e-01 -6.175888776779174805e-01 1.000000000000000000e+00
5.511311814188957214e-02 -4.248808026313781738e-01 -6.770212650299072266e-01 1.000000000000000000e+00
1.478600203990936279e-01 -4.567442536354064941e-01 -6.978950500488281250e-01 1.000000000000000000e+00
2.728231549263000488e-01 -4.442643523216247559e-01 -6.241879463195800781e-01 1.000000000000000000e+00
1.733047217130661011e-01 -3.681334853172302246e-01 -6.651225090026855469e-01 1.000000000000000000e+00
7.773610949516296387e-02 -3.466010987758636475e-01 -6.486851572990417480e-01 1.000000000000000000e+00
-2.181612253189086914e-01 4.032690227031707764e-01 -5.023088455200195312e-01 1.000000000000000000e+00
-1.953273564577102661e-01 3.610803484916687012e-01 -6.133025884628295898e-01 1.000000000000000000e+00
-1.280178129673004150e-01 3.223457038402557373e-01 -6.902964115142822266e-01 1.000000000000000000e+00
-7.331006973981857300e-02 3.145660459995269775e-01 -7.145270705223083496e-01 1.000000000000000000e+00
-1.683146879076957703e-02 2.926946282386779785e-01 -7.250107526779174805e-01 1.000000000000000000e+00
9.104792028665542603e-02 2.843209207057952881e-01 -7.000017166137695312e-01 1.000000000000000000e+00
1.958004087209701538e-01 2.864171564579010010e-01 -6.257243156433105469e-01 1.000000000000000000e+00
1.411555260419845581e-01 3.486843109130859375e-01 -6.656396985054016113e-01 1.000000000000000000e+00
4.992156475782394409e-02 4.053794443607330322e-01 -6.914533376693725586e-01 1.000000000000000000e+00
-1.024458091706037521e-02 4.294025301933288574e-01 -6.773446798324584961e-01 1.000000000000000000e+00
-7.311265170574188232e-02 4.400587677955627441e-01 -6.529971957206726074e-01 1.000000000000000000e+00
-1.571240723133087158e-01 4.334018826484680176e-01 -5.794728398323059082e-01 1.000000000000000000e+00
-2.120565921068191528e-01 4.014739692211151123e-01 -5.019163489341735840e-01 1.000000000000000000e+00
-9.544905275106430054e-02 3.771746158599853516e-01 -6.353067755699157715e-01 1.000000000000000000e+00
-4.222386702895164490e-02 3.636165559291839600e-01 -6.571413874626159668e-01 1.000000000000000000e+00
1.393932756036520004e-02 3.481255173683166504e-01 -6.671434044837951660e-01 1.000000000000000000e+00
1.934296190738677979e-01 2.870477437973022461e-01 -6.252629756927490234e-01 1.000000000000000000e+00
3.093288838863372803e-02 3.332397639751434326e-01 -6.808323860168457031e-01 1.000000000000000000e+00
-2.995657920837402344e-02 3.519995510578155518e-01 -6.680241823196411133e-01 1.000000000000000000e+00
-8.844941854476928711e-02 3.681719303131103516e-01 -6.450898647308349609e-01 1.000000000000000000e+00
