-7.137190103530883789e-01 -2.009414583444595337e-01
-6.944651603698730469e-01 -3.970601782202720642e-02
-6.395358443260192871e-01 1.180911585688591003e-01
-5.609249472618103027e-01 2.603241205215454102e-01
-4.757829308509826660e-01 3.963858187198638916e-01
-3.644697666168212891e-01 5.298365950584411621e-01
-2.268453985452651978e-01 6.452327966690063477e-01
-5.980720371007919312e-02 7.384833097457885742e-01
9.495127946138381958e-02 7.417356967926025391e-01
2.677062749862670898e-01 6.691620945930480957e-01
4.410390257835388184e-01 5.461240410804748535e-01
5.709119439125061035e-01 3.967461585998535156e-01
6.733499169349670410e-01 2.173282653093338013e-01
7.304979562759399414e-01 1.795446686446666718e-02
7.543517947196960449e-01 -1.792048960924148560e-01
7.265379428863525391e-01 -3.942945301532745361e-01
7.066617608070373535e-01 -5.872783660888671875e-01
-7.332108020782470703e-01 -3.026251792907714844e-01
-7.437633275985717773e-01 -4.496695697307586670e-01
-6.564738750457763672e-01 -4.906146824359893799e-01
-5.234087705612182617e-01 -4.895851016044616699e-01
-3.928654789924621582e-01 -4.653446674346923828e-01
-2.074329406023025513e-01 -5.116090178489685059e-01
-9.085065126419067383e-02 -5.929297208786010742e-01
7.043650746345520020e-02 -6.584804654121398926e-01
2.563422322273254395e-01 -6.819525361061096191e-01
4.264507889747619629e-01 -5.719131231307983398e-01
-2.674668133258819580e-01 -3.321962952613830566e-01
-2.550225257873535156e-01 -1.985187530517578125e-01
-2.532946467399597168e-01 -9.241207689046859741e-02
-2.438137829303741455e-01 1.333732530474662781e-02
-2.811113595962524414e-01 1.032748445868492126e-01
-2.212534546852111816e-01 1.202548593282699585e-01
-1.596748083829879761e-01 1.262335926294326782e-01
-9.706421941518783569e-02 9.208362549543380737e-02
-3.393015265464782715e-02 4.804928228259086609e-02
-6.400132775306701660e-01 -2.276147753000259399e-01
-5.940443277359008789e-01 -2.703710496425628662e-01
-5.081087350845336914e-01 -2.855697274208068848e-01
-4.058472514152526855e-01 -2.669126987457275391e-01
-4.822869300842285156e-01 -2.232032865285873413e-01
-5.664227008819580078e-01 -1.998124718666076660e-01
-2.940283343195915222e-02 -3.492916524410247803e-01
3.157097473740577698e-02 -4.109495878219604492e-01
1.217157170176506042e-01 -4.385524690151214600e-01
2.499482482671737671e-01 -4.300910234451293945e-01
1.441193819046020508e-01 -3.582303225994110107e-01
5.172234773635864258e-02 -3.406901061534881592e-01
-2.703821659088134766e-01 3.340289890766143799e-01
-2.585352659225463867e-01 2.885679602622985840e-01
-1.830207258462905884e-01 2.606737613677978516e-01
-1.212596073746681213e-01 2.536855340003967285e-01
-5.646484717726707458e-02 2.319196760654449463e-01
7.129550725221633911e-02 2.152905315160751343e-01
2.015720009803771973e-01 2.298972457647323608e-01
1.397111117839813232e-01 3.386116325855255127e-01
3.302647173404693604e-02 4.039782285690307617e-01
-3.669735789299011230e-02 4.272666573524475098e-01
-1.064544245600700378e-01 4.334415197372436523e-01
-2.004354596138000488e-01 4.115561544895172119e-01
-2.632269263267517090e-01 3.344983756542205811e-01
-1.477921009063720703e-01 2.992238402366638184e-01
-8.803980052471160889e-02 2.837422490119934082e-01
-2.412809990346431732e-02 2.710370719432830811e-01
1.992704719305038452e-01 2.298537194728851318e-01
2.495079673826694489e-02 3.301977515220642090e-01
-4.437151551246643066e-02 3.486644625663757324e-01
-1.107159554958343506e-01 3.594067394733428955e-01
