-6.762668490409851074e-01 -2.721593976020812988e-01 4.103903770446777344e-01 0.000000000000000000e+00
-5.936598777770996094e-01 -9.444678574800491333e-02 4.418839216232299805e-01 0.000000000000000000e+00
-4.978486299514770508e-01 1.045819595456123352e-01 4.634116291999816895e-01 0.000000000000000000e+00
-4.187489748001098633e-01 2.823421359062194824e-01 4.010113775730133057e-01 0.000000000000000000e+00
-3.547379672527313232e-01 4.542289972305297852e-01 2.700884938240051270e-01 0.000000000000000000e+00
-2.911160886287689209e-01 5.925886034965515137e-01 7.277343422174453735e-02 0.000000000000000000e+00
-1.747392117977142334e-01 6.825872063636779785e-01 -8.592884987592697144e-02 1.000000000000000000e+00
-4.522412642836570740e-02 7.401703596115112305e-01 -2.716948986053466797e-01 1.000000000000000000e+00
1.257547140121459961e-01 7.396679520606994629e-01 -3.385822176933288574e-01 1.000000000000000000e+00
2.677062749862670898e-01 6.691620945930480957e-01 -3.717422783374786377e-01 1.000000000000000000e+00
4.410390257835388184e-01 5.461240410804748535e-01 -2.941984534263610840e-01 1.000000000000000000e+00
5.709119439125061035e-01 3.967461585998535156e-01 -2.295903563499450684e-01 1.000000000000000000e+00
6.733499169349670410e-01 2.173282653093338013e-01 -1.010602340102195740e-01 1.000000000000000000e+00
7.304979562759399414e-01 1.795446686446666718e-02 -2.062114141881465912e-02 1.000000000000000000e+00
7.543517947196960449e-01 -1.792048960924148560e-01 -3.737011225894093513e-03 1.000000000000000000e+00
7.265379428863525391e-01 -3.942945301532745361e-01 -6.174634397029876709e-02 1.000000000000000000e+00
7.066617608070373535e-01 -5.872783660888671875e-01 -1.119198873639106750e-01 1.000000000000000000e+00
-7.332108020782470703e-01 -3.026251792907714844e-01 -8.415423333644866943e-02 1.000000000000000000e+00
-7.437633275985717773e-01 -4.496695697307586670e-01 -2.814025878906250000e-01 1.000000000000000000e+00
-6.564738750457763672e-01 -4.906146824359893799e-01 -4.605398476123809814e-01 1.000000000000000000e+00
-5.234087705612182617e-01 -4.895851016044616699e-01 -5.733429193496704102e-01 1.000000000000000000e+00
-3.928654789924621582e-01 -4.653446674346923828e-01 -6.320227980613708496e-01 1.000000000000000000e+00
-2.074329406023025513e-01 -5.116090178489685059e-01 -7.032783627510070801e-01 1.000000000000000000e+00
-9.085065126419067383e-02 -5.929297208786010742e-01 -7.385739684104919434e-01 1.000000000000000000e+00
7.043650746345520020e-02 -6.584804654121398926e-01 -7.342570424079895020e-01 1.000000000000000000e+00
2.563422322273254395e-01 -6.819525361061096191e-01 -6.533133387565612793e-01 1.000000000000000000e+00
4.264507889747619629e-01 -5.719131231307983398e-01 -5.159712433815002441e-01 1.000000000000000000e+00
-2.674668133258819580e-01 -3.321962952613830566e-01 -6.674206852912902832e-01 1.000000000000000000e+00
-2.550225257873535156e-01 -1.985187530517578125e-01 -7.201893925666809082e-01 1.000000000000000000e+00
-2.532946467399597168e-01 -9.241207689046859741e-02 -7.762385010719299316e-01 1.000000000000000000e+00
-2.438137829303741455e-01 1.333732530474662781e-02 -8.154070377349853516e-01 1.000000000000000000e+00
-2.811113595962524414e-01 1.032748445868492126e-01 -5.699718594551086426e-01 1.000000000000000000e+00
-2.212534546852111816e-01 1.202548593282699585e-01 -6.156631112098693848e-01 1.000000000000000000e+00
-1.596748083829879761e-01 1.262335926294326782e-01 -6.518192291259765625e-01 1.000000000000000000e+00
-9.706421941518783569e-02 9.208362549543380737e-02 -6.625981926918029785e-01 1.000000000000000000e+00
-3.393015265464782715e-02 4.804928228259086609e-02 -6.637907028198242188e-01 1.000000000000000000e+00
-6.400132775306701660e-01 -2.276147753000259399e-01 -3.024661540985107422e-01 1.000000000000000000e+00
-5.940443277359008789e-01 -2.703710496425628662e-01 -4.288538098335266113e-01 1.000000000000000000e+00
-5.081087350845336914e-01 -2.855697274208068848e-01 -4.668107926845550537e-01 1.000000000000000000e+00
-4.058472514152526855e-01 -2.669126987457275391e-01 -4.661228358745574951e-01 1.000000000000000000e+00
-4.822869300842285156e-01 -2.232032865285873413e-01 -4.467015862464904785e-01 1.000000000000000000e+00
-5.664227008819580078e-01 -1.998124718666076660e-01 -4.044612646102905273e-01 1.000000000000000000e+00
-2.940283343195915222e-02 -3.492916524410247803e-01 -6.126660704612731934e-01 1.000000000000000000e+00
3.157097473740577698e-02 -4.109495878219604492e-01 -6.765871047973632812e-01 1.000000000000000000e+00
1.217157170176506042e-01 -4.385524690151214600e-01 -7.039135098457336426e-01 1.000000000000000000e+00
2.499482482671737671e-01 -4.300910234451293945e-01 -6.411380171775817871e-01 1.000000000000000000e+00
1.441193819046020508e-01 -3.582303225994110107e-01 -6.752919554710388184e-01 1.000000000000000000e+00
5.172234773635864258e-02 -3.406901061534881592e-01 -6.512621045112609863e-01 1.000000000000000000e+00
-2.703821659088134766e-01 3.340289890766143799e-01 -3.708691000938415527e-01 1.000000000000000000e+00
-2.585352659225463867e-01 2.885679602622985840e-01 -5.025629401206970215e-01 1.000000000000000000e+00
-1.830207258462905884e-01 2.606737613677978516e-01 -6.042105555534362793e-01 1.000000000000000000e+00
-1.212596073746681213e-01 2.536855340003967285e-01 -6.353399753570556641e-01 1.000000000000000000e+00
-5.646484717726707458e-02 2.319196760654449463e-01 -6.523400545120239258e-01 1.000000000000000000e+00
7.129550725221633911e-02 2.152905315160751343e-01 -6.253511905670166016e-01 1.000000000000000000e+00
2.015720009803771973e-01 2.298972457647323608e-01 -5.344008803367614746e-01 1.000000000000000000e+00
1.397111117839813232e-01 3.386116325855255127e-01 -5.765693783760070801e-01 1.000000000000000000e+00
3.302647173404693604e-02 4.039782285690307617e-01 -6.070660948753356934e-01 1.000000000000000000e+00
-3.669735789299011230e-02 4.272666573524475098e-01 -5.908964276313781738e-01 1.000000000000000000e+00
-1.064544245600700378e-01 4.334415197372436523e-01 -5.598689913749694824e-01 1.000000000000000000e+00
-2.004354596138000488e-01 4.115561544895172119e-01 -4.665336906909942627e-01 1.000000000000000000e+00
-2.632269263267517090e-01 3.344983756542205811e-01 -3.695815801620483398e-01 1.000000000000000000e+00
-1.477921009063720703e-01 2.992238402366638184e-01 -5.370958447456359863e-01 0.000000000000000000e+00
-8.803980052471160889e-02 2.837422490119934082e-01 -5.640035867691040039e-01 1.000000000000000000e+00
-2.412809990346431732e-02 2.710370719432830811e-01 -5.837213397026062012e-01 0.000000000000000000e+00
1.992704719305038452e-01 2.298537194728851318e-01 -5.341399312019348145e-01 1.000000000000000000e+00
2.495079673826694489e-02 3.301977515220642090e-01 -5.778223872184753418e-01 1.000000000000000000e+00
-4.437151551246643066e-02 3.486644625663757324e-01 -5.661318898200988770e-01 1.000000000000000000e+00
-1.107159554958343506e-01 3.594067394733428955e-01 -5.324565172195434570e-01 1.000000000000000000e+00
