-6.720845699310302734e-01 -2.876288890838623047e-01
-6.634261012077331543e-01 -1.284378767013549805e-01
-6.151396036148071289e-01 3.992362692952156067e-02
-5.458173751831054688e-01 1.912653744220733643e-01
-4.681316912174224854e-01 3.319355845451354980e-01
-3.660055398941040039e-01 4.781114459037780762e-01
-2.446833550930023193e-01 6.234167814254760742e-01
-7.223273068666458130e-02 7.517874240875244141e-01
8.544073253870010376e-02 7.769997715950012207e-01
2.559067308902740479e-01 7.025826573371887207e-01
4.170263111591339111e-01 5.712626576423645020e-01
5.284904241561889648e-01 4.034543335437774658e-01
6.290221810340881348e-01 2.276488691568374634e-01
6.900379061698913574e-01 4.025032371282577515e-02
7.223294973373413086e-01 -1.445980370044708252e-01
7.123784422874450684e-01 -3.550117611885070801e-01
7.073439955711364746e-01 -5.438937544822692871e-01
-6.795458793640136719e-01 -3.881858885288238525e-01
-6.789497137069702148e-01 -5.389195680618286133e-01
-5.881730914115905762e-01 -5.843285322189331055e-01
-4.610480964183807373e-01 -5.826885104179382324e-01
-3.357627987861633301e-01 -5.525875687599182129e-01
-1.579616367816925049e-01 -5.871621370315551758e-01
-4.092289879918098450e-02 -6.584894657135009766e-01
1.157134324312210083e-01 -7.057759761810302734e-01
2.964912950992584229e-01 -7.105927467346191406e-01
4.438328742980957031e-01 -5.875688195228576660e-01
-2.261979430913925171e-01 -4.205093979835510254e-01
-2.237914800643920898e-01 -2.994487583637237549e-01
-2.279475778341293335e-01 -1.984865069389343262e-01
-2.246711254119873047e-01 -9.829550981521606445e-02
-2.740194797515869141e-01 -5.871831090189516544e-04
-2.150986194610595703e-01 1.669014059007167816e-02
-1.553938984870910645e-01 2.102320082485675812e-02
-9.227354079484939575e-02 -4.300723318010568619e-03
-2.752317488193511963e-02 -4.219496995210647583e-02
-5.944645404815673828e-01 -3.249635994434356689e-01
-5.448409914970397949e-01 -3.745993971824645996e-01
-4.605428874492645264e-01 -3.849495351314544678e-01
-3.633932173252105713e-01 -3.570653498172760010e-01
-4.423421323299407959e-01 -3.192618489265441895e-01
-5.211865901947021484e-01 -3.005548715591430664e-01
-3.054155968129634857e-03 -4.168633222579956055e-01
6.224458664655685425e-02 -4.751473963260650635e-01
1.499019265174865723e-01 -4.964340329170227051e-01
2.708076536655426025e-01 -4.733861982822418213e-01
1.626339703798294067e-01 -4.154954254627227783e-01
7.735791802406311035e-02 -4.049496948719024658e-01
-2.563490569591522217e-01 3.071850240230560303e-01
-2.616430521011352539e-01 2.003599107265472412e-01
-1.899625062942504883e-01 1.557913720607757568e-01
-1.304852664470672607e-01 1.480334550142288208e-01
-6.588102877140045166e-02 1.349807828664779663e-01
6.396535784006118774e-02 1.478117853403091431e-01
1.968297213315963745e-01 2.346938997507095337e-01
1.487983763217926025e-01 3.790639042854309082e-01
4.946668446063995361e-02 4.460965394973754883e-01
-2.071930468082427979e-02 4.691101014614105225e-01
-9.261064976453781128e-02 4.674323201179504395e-01
-1.863970160484313965e-01 4.304105341434478760e-01
-2.475098818540573120e-01 3.101277351379394531e-01
-1.527880728244781494e-01 1.988081783056259155e-01
-9.879679232835769653e-02 1.837858557701110840e-01
-3.763690218329429626e-02 1.800203919410705566e-01
1.944707334041595459e-01 2.337879538536071777e-01
4.422544687986373901e-02 3.772234320640563965e-01
-1.924042217433452606e-02 3.915190696716308594e-01
-8.326347917318344116e-02 3.959909379482269287e-01
