-6.396077871322631836e-01 -3.142776489257812500e-01 4.604820013046264648e-01 0.000000000000000000e+00
-5.733912587165832520e-01 -1.380065530538558960e-01 4.816303253173828125e-01 0.000000000000000000e+00
-4.962868094444274902e-01 6.005366519093513489e-02 4.929339289665222168e-01 0.000000000000000000e+00
-4.336197376251220703e-01 2.314195632934570312e-01 4.302807450294494629e-01 0.000000000000000000e+00
-3.787464201450347900e-01 3.976678550243377686e-01 3.118723928928375244e-01 0.000000000000000000e+00
-3.135218918323516846e-01 5.413286089897155762e-01 1.415201276540756226e-01 0.000000000000000000e+00
-2.003406882286071777e-01 6.678614616394042969e-01 2.030695974826812744e-02 1.000000000000000000e+00
-6.139786541461944580e-02 7.524235844612121582e-01 -1.215897202491760254e-01 1.000000000000000000e+00
1.129792854189872742e-01 7.727521061897277832e-01 -1.742983907461166382e-01 1.000000000000000000e+00
2.557989060878753662e-01 7.027387619018554688e-01 -2.084696888923645020e-01 1.000000000000000000e+00
4.167831838130950928e-01 5.714322328567504883e-01 -1.604993939399719238e-01 1.000000000000000000e+00
5.284131169319152832e-01 4.041377007961273193e-01 -1.164697185158729553e-01 1.000000000000000000e+00
6.290709376335144043e-01 2.284997999668121338e-01 -9.480044245719909668e-03 1.000000000000000000e+00
6.899638175964355469e-01 4.128354042768478394e-02 6.381914019584655762e-02 1.000000000000000000e+00
7.230724692344665527e-01 -1.434541344642639160e-01 8.616612851619720459e-02 1.000000000000000000e+00
7.129071354866027832e-01 -3.551924526691436768e-01 4.105887934565544128e-02 1.000000000000000000e+00
7.077849507331848145e-01 -5.434596538543701172e-01 3.180127823725342751e-03 1.000000000000000000e+00
-6.795458793640136719e-01 -3.881858885288238525e-01 -6.417871918529272079e-03 1.000000000000000000e+00
-6.789497137069702148e-01 -5.389195680618286133e-01 -1.828146576881408691e-01 1.000000000000000000e+00
-5.881730914115905762e-01 -5.843285322189331055e-01 -3.506996035575866699e-01 1.000000000000000000e+00
-4.610480964183807373e-01 -5.826885104179382324e-01 -4.544647932052612305e-01 1.000000000000000000e+00
-3.357627987861633301e-01 -5.525875687599182129e-01 -5.094224810600280762e-01 1.000000000000000000e+00
-1.579616367816925049e-01 -5.871621370315551758e-01 -5.701102614402770996e-01 1.000000000000000000e+00
-4.092289879918098450e-02 -6.584894657135009766e-01 -5.989245176315307617e-01 1.000000000000000000e+00
1.157134324312210083e-01 -7.057759761810302734e-01 -5.893074870109558105e-01 1.000000000000000000e+00
2.964912950992584229e-01 -7.105927467346191406e-01 -5.067481398582458496e-01 1.000000000000000000e+00
4.438328742980957031e-01 -5.875688195228576660e-01 -3.795098364353179932e-01 1.000000000000000000e+00
-2.261979430913925171e-01 -4.205093979835510254e-01 -5.488588213920593262e-01 1.000000000000000000e+00
-2.237914800643920898e-01 -2.994487583637237549e-01 -6.067610979080200195e-01 1.000000000000000000e+00
-2.279475778341293335e-01 -1.984865069389343262e-01 -6.680483818054199219e-01 1.000000000000000000e+00
-2.246711254119873047e-01 -9.829550981521606445e-02 -7.108538150787353516e-01 1.000000000000000000e+00
-2.740194797515869141e-01 -5.871831090189516544e-04 -4.835757613182067871e-01 1.000000000000000000e+00
-2.150986194610595703e-01 1.669014059007167816e-02 -5.265611410140991211e-01 1.000000000000000000e+00
-1.553938984870910645e-01 2.102320082485675812e-02 -5.601635575294494629e-01 1.000000000000000000e+00
-9.227354079484939575e-02 -4.300723318010568619e-03 -5.677741765975952148e-01 1.000000000000000000e+00
-2.752317488193511963e-02 -4.219496995210647583e-02 -5.671378374099731445e-01 1.000000000000000000e+00
-5.944645404815673828e-01 -3.249635994434356689e-01 -2.147855460643768311e-01 1.000000000000000000e+00
-5.448409914970397949e-01 -3.745993971824645996e-01 -3.316308557987213135e-01 1.000000000000000000e+00
-4.605428874492645264e-01 -3.849495351314544678e-01 -3.652763366699218750e-01 1.000000000000000000e+00
-3.633932173252105713e-01 -3.570653498172760010e-01 -3.651737272739410400e-01 1.000000000000000000e+00
-4.423421323299407959e-01 -3.192618489265441895e-01 -3.503891527652740479e-01 1.000000000000000000e+00
-5.211865901947021484e-01 -3.005548715591430664e-01 -3.140811920166015625e-01 1.000000000000000000e+00
-3.054155968129634857e-03 -4.168633222579956055e-01 -4.903954267501831055e-01 1.000000000000000000e+00
6.224458664655685425e-02 -4.751473963260650635e-01 -5.455095171928405762e-01 1.000000000000000000e+00
1.499019265174865723e-01 -4.964340329170227051e-01 -5.698086619377136230e-01 1.000000000000000000e+00
2.708076536655426025e-01 -4.733861982822418213e-01 -5.107446908950805664e-01 1.000000000000000000e+00
1.626339703798294067e-01 -4.154954254627227783e-01 -5.490574240684509277e-01 1.000000000000000000e+00
7.735791802406311035e-02 -4.049496948719024658e-01 -5.287602543830871582e-01 1.000000000000000000e+00
-2.563490569591522217e-01 3.071850240230560303e-01 -2.728748321533203125e-01 1.000000000000000000e+00
-2.616430521011352539e-01 2.003599107265472412e-01 -4.235533475875854492e-01 1.000000000000000000e+00
-1.899625062942504883e-01 1.557913720607757568e-01 -5.285001993179321289e-01 1.000000000000000000e+00
-1.304852664470672607e-01 1.480334550142288208e-01 -5.574139952659606934e-01 1.000000000000000000e+00
-6.588102877140045166e-02 1.349807828664779663e-01 -5.698779225349426270e-01 1.000000000000000000e+00
6.396535784006118774e-02 1.478117853403091431e-01 -5.307155847549438477e-01 1.000000000000000000e+00
1.968297213315963745e-01 2.346938997507095337e-01 -4.120993316173553467e-01 1.000000000000000000e+00
1.487983763217926025e-01 3.790639042854309082e-01 -4.401936829090118408e-01 1.000000000000000000e+00
4.946668446063995361e-02 4.460965394973754883e-01 -4.661472141742706299e-01 1.000000000000000000e+00
-2.071930468082427979e-02 4.691101014614105225e-01 -4.521961510181427002e-01 1.000000000000000000e+00
-9.261064976453781128e-02 4.674323201179504395e-01 -4.254104495048522949e-01 1.000000000000000000e+00
-1.863970160484313965e-01 4.304105341434478760e-01 -3.462681472301483154e-01 1.000000000000000000e+00
-2.475098818540573120e-01 3.101277351379394531e-01 -2.670076489448547363e-01 1.000000000000000000e+00
-1.527880728244781494e-01 1.988081783056259155e-01 -4.531405568122863770e-01 1.000000000000000000e+00
-9.879679232835769653e-02 1.837858557701110840e-01 -4.789288043975830078e-01 1.000000000000000000e+00
-3.763690218329429626e-02 1.800203919410705566e-01 -4.913651943206787109e-01 0.000000000000000000e+00
1.944707334041595459e-01 2.337879538536071777e-01 -4.112468361854553223e-01 1.000000000000000000e+00
4.422544687986373901e-02 3.772234320640563965e-01 -4.227910339832305908e-01 1.000000000000000000e+00
-1.924042217433452606e-02 3.915190696716308594e-01 -4.101060926914215088e-01 1.000000000000000000e+00
-8.326347917318344116e-02 3.959909379482269287e-01 -3.861156702041625977e-01 1.000000000000000000e+00
