-7.129807472229003906e-01 -4.454048871994018555e-01
-7.421519160270690918e-01 -2.789078354835510254e-01
-7.374894618988037109e-01 -1.018807068467140198e-01
-7.105150222778320312e-01 6.052361801266670227e-02
-6.706690192222595215e-01 2.211738079786300659e-01
-5.991247892379760742e-01 3.844384849071502686e-01
-4.979660212993621826e-01 5.345959067344665527e-01
-3.605838418006896973e-01 6.712276935577392578e-01
-2.084863036870956421e-01 7.171761393547058105e-01
-1.545073650777339935e-02 6.972716450691223145e-01
1.950706839561462402e-01 6.272025704383850098e-01
3.707990944385528564e-01 5.201996564865112305e-01
5.250731706619262695e-01 3.736723959445953369e-01
6.391289234161376953e-01 1.928451955318450928e-01
7.179303169250488281e-01 3.956986591219902039e-03
7.529423832893371582e-01 -2.167836129665374756e-01
7.885075211524963379e-01 -4.153133332729339600e-01
-7.013518810272216797e-01 -5.500280261039733887e-01
-6.627433896064758301e-01 -6.978942751884460449e-01
-5.613417625427246094e-01 -7.112530469894409180e-01
-4.298237860202789307e-01 -6.737559437751770020e-01
-3.071261644363403320e-01 -6.153067946434020996e-01
-1.093379780650138855e-01 -6.050692200660705566e-01
2.865742519497871399e-02 -6.469643712043762207e-01
2.045469433069229126e-01 -6.637652516365051270e-01
3.908383250236511230e-01 -6.346302628517150879e-01
5.214238166809082031e-01 -4.772405624389648438e-01
-2.208293527364730835e-01 -4.498281478881835938e-01
-2.489039152860641479e-01 -3.115515112876892090e-01
-2.782026827335357666e-01 -2.005346566438674927e-01
-3.006653487682342529e-01 -8.755259960889816284e-02
-3.712874054908752441e-01 -1.108570490032434464e-03
-3.156448006629943848e-01 2.916678600013256073e-02
-2.549296319484710693e-01 5.228097364306449890e-02
-1.819589436054229736e-01 3.806098923087120056e-02
-1.058545634150505066e-01 1.751600578427314758e-02
-6.165826916694641113e-01 -4.529027044773101807e-01
-5.557059049606323242e-01 -4.881705045700073242e-01
-4.637054800987243652e-01 -4.773350059986114502e-01
-3.684443533420562744e-01 -4.231583774089813232e-01
-4.567058682441711426e-01 -4.001766443252563477e-01
-5.481600761413574219e-01 -4.018557667732238770e-01
1.386577542871236801e-02 -3.954527080059051514e-01
9.366887807846069336e-02 -4.403929412364959717e-01
1.918734908103942871e-01 -4.411579072475433350e-01
3.126049041748046875e-01 -3.922159075736999512e-01
1.888853758573532104e-01 -3.517133891582489014e-01
9.169534593820571899e-02 -3.618744909763336182e-01
-4.453334510326385498e-01 2.126710116863250732e-01
-4.076155126094818115e-01 1.833094060420989990e-01
-3.195188641548156738e-01 1.805350631475448608e-01
-2.552059292793273926e-01 1.917757689952850342e-01
-1.845304220914840698e-01 1.896414905786514282e-01
-5.608589202165603638e-02 2.080947905778884888e-01
6.205665692687034607e-02 2.471096217632293701e-01
-3.952201828360557556e-02 3.250880837440490723e-01
-1.670188307762145996e-01 3.550630509853363037e-01
-2.439276725053787231e-01 3.578026294708251953e-01
-3.154409527778625488e-01 3.448571264743804932e-01
-4.018553793430328369e-01 3.006586730480194092e-01
-4.396180510520935059e-01 2.146401256322860718e-01
-3.000945150852203369e-01 2.286300510168075562e-01
-2.345577925443649292e-01 2.316720187664031982e-01
-1.655512601137161255e-01 2.374885827302932739e-01
5.997934564948081970e-02 2.465650737285614014e-01
-1.548250317573547363e-01 2.810550332069396973e-01
-2.303339242935180664e-01 2.797098755836486816e-01
-3.000646233558654785e-01 2.714184820652008057e-01
