-6.690204739570617676e-01 -5.064423680305480957e-01 3.875939249992370605e-01 0.000000000000000000e+00
-6.448665261268615723e-01 -3.055732846260070801e-01 4.228299856185913086e-01 0.000000000000000000e+00
-6.122785210609436035e-01 -7.939637452363967896e-02 4.482083022594451904e-01 0.000000000000000000e+00
-5.876422524452209473e-01 1.213324368000030518e-01 3.852409720420837402e-01 0.000000000000000000e+00
-5.717312097549438477e-01 3.100641369819641113e-01 2.503541707992553711e-01 0.000000000000000000e+00
-5.448323488235473633e-01 4.653887152671813965e-01 4.738055169582366943e-02 0.000000000000000000e+00
-4.548223614692687988e-01 5.861786007881164551e-01 -1.175944432616233826e-01 1.000000000000000000e+00
-3.462316691875457764e-01 6.788587570190429688e-01 -3.133019804954528809e-01 1.000000000000000000e+00
-1.773322820663452148e-01 7.256016135215759277e-01 -3.836133480072021484e-01 1.000000000000000000e+00
-1.559500768780708313e-02 6.974254250526428223e-01 -4.144493937492370605e-01 1.000000000000000000e+00
1.947423070669174194e-01 6.272635459899902344e-01 -3.236995339393615723e-01 1.000000000000000000e+00
3.704745173454284668e-01 5.207850933074951172e-01 -2.484077215194702148e-01 1.000000000000000000e+00
5.249006152153015137e-01 3.744274079799652100e-01 -1.088993549346923828e-01 1.000000000000000000e+00
6.388363242149353027e-01 1.939291954040527344e-01 -1.957806013524532318e-02 1.000000000000000000e+00
7.185246348381042480e-01 5.325864534825086594e-03 2.813561121001839638e-03 1.000000000000000000e+00
7.535923719406127930e-01 -2.168938219547271729e-01 -5.335325002670288086e-02 1.000000000000000000e+00
7.889024615287780762e-01 -4.148066937923431396e-01 -1.034090146422386169e-01 1.000000000000000000e+00
-7.013518810272216797e-01 -5.500280261039733887e-01 -1.214760392904281616e-01 1.000000000000000000e+00
-6.627433896064758301e-01 -6.978942751884460449e-01 -3.251416087150573730e-01 1.000000000000000000e+00
-5.613417625427246094e-01 -7.112530469894409180e-01 -5.070047378540039062e-01 1.000000000000000000e+00
-4.298237860202789307e-01 -6.737559437751770020e-01 -6.199901700019836426e-01 1.000000000000000000e+00
-3.071261644363403320e-01 -6.153067946434020996e-01 -6.750150322914123535e-01 1.000000000000000000e+00
-1.093379780650138855e-01 -6.050692200660705566e-01 -7.426152825355529785e-01 1.000000000000000000e+00
2.865742519497871399e-02 -6.469643712043762207e-01 -7.756050825119018555e-01 1.000000000000000000e+00
2.045469433069229126e-01 -6.637652516365051270e-01 -7.629768252372741699e-01 1.000000000000000000e+00
3.908383250236511230e-01 -6.346302628517150879e-01 -6.721984148025512695e-01 1.000000000000000000e+00
5.214238166809082031e-01 -4.772405624389648438e-01 -5.251841545104980469e-01 1.000000000000000000e+00
-2.208293527364730835e-01 -4.498281478881835938e-01 -7.097195982933044434e-01 1.000000000000000000e+00
-2.489039152860641479e-01 -3.115515112876892090e-01 -7.710281014442443848e-01 1.000000000000000000e+00
-2.782026827335357666e-01 -2.005346566438674927e-01 -8.322612047195434570e-01 1.000000000000000000e+00
-3.006653487682342529e-01 -8.755259960889816284e-02 -8.778856992721557617e-01 1.000000000000000000e+00
-3.712874054908752441e-01 -1.108570490032434464e-03 -6.178482770919799805e-01 1.000000000000000000e+00
-3.156448006629943848e-01 2.916678600013256073e-02 -6.649004220962524414e-01 1.000000000000000000e+00
-2.549296319484710693e-01 5.228097364306449890e-02 -7.013662457466125488e-01 1.000000000000000000e+00
-1.819589436054229736e-01 3.806098923087120056e-02 -7.097131013870239258e-01 1.000000000000000000e+00
-1.058545634150505066e-01 1.751600578427314758e-02 -7.070276141166687012e-01 1.000000000000000000e+00
-6.165826916694641113e-01 -4.529027044773101807e-01 -3.351318538188934326e-01 1.000000000000000000e+00
-5.557059049606323242e-01 -4.881705045700073242e-01 -4.634492099285125732e-01 1.000000000000000000e+00
-4.637054800987243652e-01 -4.773350059986114502e-01 -5.003839135169982910e-01 1.000000000000000000e+00
-3.684443533420562744e-01 -4.231583774089813232e-01 -4.953661859035491943e-01 1.000000000000000000e+00
-4.567058682441711426e-01 -4.001766443252563477e-01 -4.779883921146392822e-01 1.000000000000000000e+00
-5.481600761413574219e-01 -4.018557667732238770e-01 -4.369274675846099854e-01 1.000000000000000000e+00
1.386577542871236801e-02 -3.954527080059051514e-01 -6.271685957908630371e-01 1.000000000000000000e+00
9.366887807846069336e-02 -4.403929412364959717e-01 -6.911172270774841309e-01 1.000000000000000000e+00
1.918734908103942871e-01 -4.411579072475433350e-01 -7.169092893600463867e-01 1.000000000000000000e+00
3.126049041748046875e-01 -3.922159075736999512e-01 -6.478539705276489258e-01 1.000000000000000000e+00
1.888853758573532104e-01 -3.517133891582489014e-01 -6.858831644058227539e-01 1.000000000000000000e+00
9.169534593820571899e-02 -3.618744909763336182e-01 -6.643701195716857910e-01 1.000000000000000000e+00
-4.453334510326385498e-01 2.126710116863250732e-01 -3.992539346218109131e-01 1.000000000000000000e+00
-4.076155126094818115e-01 1.833094060420989990e-01 -5.447909235954284668e-01 1.000000000000000000e+00
-3.195188641548156738e-01 1.805350631475448608e-01 -6.490582227706909180e-01 1.000000000000000000e+00
-2.552059292793273926e-01 1.917757689952850342e-01 -6.793437004089355469e-01 1.000000000000000000e+00
-1.845304220914840698e-01 1.896414905786514282e-01 -6.946916580200195312e-01 1.000000000000000000e+00
-5.608589202165603638e-02 2.080947905778884888e-01 -6.627698540687561035e-01 1.000000000000000000e+00
6.205665692687034607e-02 2.471096217632293701e-01 -5.640587806701660156e-01 1.000000000000000000e+00
-3.952201828360557556e-02 3.250880837440490723e-01 -6.131886839866638184e-01 1.000000000000000000e+00
-1.670188307762145996e-01 3.550630509853363037e-01 -6.459321975708007812e-01 1.000000000000000000e+00
-2.439276725053787231e-01 3.578026294708251953e-01 -6.286674141883850098e-01 1.000000000000000000e+00
-3.154409527778625488e-01 3.448571264743804932e-01 -5.971843004226684570e-01 1.000000000000000000e+00
-4.018553793430328369e-01 3.006586730480194092e-01 -4.981023371219635010e-01 1.000000000000000000e+00
-4.396180510520935059e-01 2.146401256322860718e-01 -3.985443115234375000e-01 1.000000000000000000e+00
-3.000945150852203369e-01 2.286300510168075562e-01 -5.790350437164306641e-01 0.000000000000000000e+00
-2.345577925443649292e-01 2.316720187664031982e-01 -6.062831282615661621e-01 1.000000000000000000e+00
-1.655512601137161255e-01 2.374885827302932739e-01 -6.243453025817871094e-01 0.000000000000000000e+00
5.997934564948081970e-02 2.465650737285614014e-01 -5.641501545906066895e-01 1.000000000000000000e+00
-1.548250317573547363e-01 2.810550332069396973e-01 -6.169608831405639648e-01 1.000000000000000000e+00
-2.303339242935180664e-01 2.797098755836486816e-01 -6.052290797233581543e-01 1.000000000000000000e+00
-3.000646233558654785e-01 2.714184820652008057e-01 -5.693055391311645508e-01 1.000000000000000000e+00
