-6.725288629531860352e-01 -1.893163323402404785e-01
-6.463325023651123047e-01 -2.561454661190509796e-02
-5.790334939956665039e-01 1.404735296964645386e-01
-4.944200813770294189e-01 2.838899493217468262e-01
-4.035315811634063721e-01 4.162233173847198486e-01
-2.871810495853424072e-01 5.528526902198791504e-01
-1.514586806297302246e-01 6.855183839797973633e-01
3.404675424098968506e-02 7.986257076263427734e-01
1.931455433368682861e-01 8.098638653755187988e-01
3.530277907848358154e-01 7.182753682136535645e-01
4.966751933097839355e-01 5.719586610794067383e-01
5.885784626007080078e-01 3.949141204357147217e-01
6.677960753440856934e-01 2.097097039222717285e-01
7.084334492683410645e-01 1.529407501220703125e-02
7.273738980293273926e-01 -1.752575784921646118e-01
7.012043595314025879e-01 -3.856161534786224365e-01
6.809343099594116211e-01 -5.750477313995361328e-01
-6.908779144287109375e-01 -2.922351658344268799e-01
-7.052940130233764648e-01 -4.494904875755310059e-01
-6.189046502113342285e-01 -5.053822994232177734e-01
-4.903754293918609619e-01 -5.133557915687561035e-01
-3.606678843498229980e-01 -4.912495613098144531e-01
-1.834990084171295166e-01 -5.433890819549560547e-01
-7.232286781072616577e-02 -6.301859617233276367e-01
8.114256709814071655e-02 -6.942424774169921875e-01
2.607789933681488037e-01 -7.137268781661987305e-01
4.180383086204528809e-01 -5.975111126899719238e-01
-2.345048785209655762e-01 -3.607220649719238281e-01
-2.191458344459533691e-01 -2.349646836519241333e-01
-2.125525921583175659e-01 -1.316480338573455811e-01
-1.993703395128250122e-01 -3.057299926877021790e-02
-2.354124784469604492e-01 7.457844167947769165e-02
-1.777347475290298462e-01 8.641684055328369141e-02
-1.203090548515319824e-01 8.641139417886734009e-02
-6.183441728353500366e-02 5.577249452471733093e-02
-3.697484964504837990e-03 1.336710061877965927e-02
-5.973804593086242676e-01 -2.282971590757369995e-01
-5.500651597976684570e-01 -2.808901071548461914e-01
-4.668038487434387207e-01 -2.992726862430572510e-01
-3.670895397663116455e-01 -2.819713652133941650e-01
-4.433621764183044434e-01 -2.366566061973571777e-01
-5.213523507118225098e-01 -2.100288420915603638e-01
-1.424820721149444580e-02 -3.741184771060943604e-01
4.708892479538917542e-02 -4.395696818828582764e-01
1.333694458007812500e-01 -4.696100354194641113e-01
2.567305862903594971e-01 -4.579223990440368652e-01
1.538461595773696899e-01 -3.884322345256805420e-01
6.832750141620635986e-02 -3.698074519634246826e-01
-1.906157881021499634e-01 3.823354840278625488e-01
-2.057889699935913086e-01 2.782122790813446045e-01
-1.399527639150619507e-01 2.277501821517944336e-01
-8.239364624023437500e-02 2.150586396455764771e-01
-1.985747925937175751e-02 1.964182406663894653e-01
1.092636436223983765e-01 1.977196931838989258e-01
2.505089640617370605e-01 2.684665918350219727e-01
2.201752960681915283e-01 4.171420931816101074e-01
1.300029307603836060e-01 4.953500628471374512e-01
6.290232390165328979e-02 5.249952673912048340e-01
-8.791917003691196442e-03 5.296579599380493164e-01
-1.068099364638328552e-01 4.993439614772796631e-01
-1.815770715475082397e-01 3.850787281990051270e-01
-9.907752275466918945e-02 2.677029371261596680e-01
-4.739881679415702820e-02 2.490207552909851074e-01
1.249692123383283615e-02 2.391238510608673096e-01
2.481038719415664673e-01 2.679374814033508301e-01
1.174426302313804626e-01 4.264553487300872803e-01
5.591503158211708069e-02 4.470846652984619141e-01
-6.984586827456951141e-03 4.571383297443389893e-01
