-6.456090211868286133e-01 -2.193119674921035767e-01 4.530468881130218506e-01 0.000000000000000000e+00
-5.630505084991455078e-01 -4.853247106075286865e-02 4.731861948966979980e-01 0.000000000000000000e+00
-4.646287560462951660e-01 1.417526453733444214e-01 4.839660227298736572e-01 0.000000000000000000e+00
-3.810275197029113770e-01 3.078898787498474121e-01 4.215888082981109619e-01 0.000000000000000000e+00
-3.090726435184478760e-01 4.707606434822082520e-01 3.043522238731384277e-01 0.000000000000000000e+00
-2.294809371232986450e-01 6.092070341110229492e-01 1.356074810028076172e-01 0.000000000000000000e+00
-1.039400324225425720e-01 7.246847152709960938e-01 1.676263473927974701e-02 1.000000000000000000e+00
4.432859271764755249e-02 7.977531552314758301e-01 -1.224800646305084229e-01 1.000000000000000000e+00
2.189331799745559692e-01 8.020917177200317383e-01 -1.720557510852813721e-01 1.000000000000000000e+00
3.529274165630340576e-01 7.184339761734008789e-01 -2.053018659353256226e-01 1.000000000000000000e+00
4.964610338211059570e-01 5.721524953842163086e-01 -1.555956602096557617e-01 1.000000000000000000e+00
5.885205268859863281e-01 3.955905139446258545e-01 -1.111330911517143250e-01 1.000000000000000000e+00
6.678450107574462891e-01 2.105462402105331421e-01 -3.080361522734165192e-03 1.000000000000000000e+00
7.084429860115051270e-01 1.633864641189575195e-02 7.005790621042251587e-02 1.000000000000000000e+00
7.281968593597412109e-01 -1.742345094680786133e-01 9.084933996200561523e-02 1.000000000000000000e+00
7.017305493354797363e-01 -3.858568370342254639e-01 4.553195089101791382e-02 1.000000000000000000e+00
6.814008951187133789e-01 -5.746468901634216309e-01 1.012068986892700195e-02 1.000000000000000000e+00
-6.908779144287109375e-01 -2.922351658344268799e-01 -1.659621670842170715e-02 1.000000000000000000e+00
-7.052940130233764648e-01 -4.494904875755310059e-01 -1.936780661344528198e-01 1.000000000000000000e+00
-6.189046502113342285e-01 -5.053822994232177734e-01 -3.629032969474792480e-01 1.000000000000000000e+00
-4.903754293918609619e-01 -5.133557915687561035e-01 -4.683791995048522949e-01 1.000000000000000000e+00
-3.606678843498229980e-01 -4.912495613098144531e-01 -5.242137908935546875e-01 1.000000000000000000e+00
-1.834990084171295166e-01 -5.433890819549560547e-01 -5.842438936233520508e-01 1.000000000000000000e+00
-7.232286781072616577e-02 -6.301859617233276367e-01 -6.104160547256469727e-01 1.000000000000000000e+00
8.114256709814071655e-02 -6.942424774169921875e-01 -5.967794060707092285e-01 1.000000000000000000e+00
2.607789933681488037e-01 -7.137268781661987305e-01 -5.088914036750793457e-01 1.000000000000000000e+00
4.180383086204528809e-01 -5.975111126899719238e-01 -3.787476420402526855e-01 1.000000000000000000e+00
-2.345048785209655762e-01 -3.607220649719238281e-01 -5.616557598114013672e-01 1.000000000000000000e+00
-2.191458344459533691e-01 -2.349646836519241333e-01 -6.198446750640869141e-01 1.000000000000000000e+00
-2.125525921583175659e-01 -1.316480338573455811e-01 -6.808744668960571289e-01 1.000000000000000000e+00
-1.993703395128250122e-01 -3.057299926877021790e-02 -7.243164777755737305e-01 1.000000000000000000e+00
-2.354124784469604492e-01 7.457844167947769165e-02 -4.968927800655364990e-01 1.000000000000000000e+00
-1.777347475290298462e-01 8.641684055328369141e-02 -5.389053225517272949e-01 1.000000000000000000e+00
-1.203090548515319824e-01 8.641139417886734009e-02 -5.724396705627441406e-01 1.000000000000000000e+00
-6.183441728353500366e-02 5.577249452471733093e-02 -5.781192183494567871e-01 1.000000000000000000e+00
-3.697484964504837990e-03 1.336710061877965927e-02 -5.755788683891296387e-01 1.000000000000000000e+00
-5.973804593086242676e-01 -2.282971590757369995e-01 -2.294584065675735474e-01 1.000000000000000000e+00
-5.500651597976684570e-01 -2.808901071548461914e-01 -3.471572399139404297e-01 1.000000000000000000e+00
-4.668038487434387207e-01 -2.992726862430572510e-01 -3.799380064010620117e-01 1.000000000000000000e+00
-3.670895397663116455e-01 -2.819713652133941650e-01 -3.797250986099243164e-01 1.000000000000000000e+00
-4.433621764183044434e-01 -2.366566061973571777e-01 -3.659847080707550049e-01 1.000000000000000000e+00
-5.213523507118225098e-01 -2.100288420915603638e-01 -3.298226892948150635e-01 1.000000000000000000e+00
-1.424820721149444580e-02 -3.741184771060943604e-01 -5.027389526367187500e-01 1.000000000000000000e+00
4.708892479538917542e-02 -4.395696818828582764e-01 -5.572501420974731445e-01 1.000000000000000000e+00
1.333694458007812500e-01 -4.696100354194641113e-01 -5.800201892852783203e-01 1.000000000000000000e+00
2.567305862903594971e-01 -4.579223990440368652e-01 -5.186965465545654297e-01 1.000000000000000000e+00
1.538461595773696899e-01 -3.884322345256805420e-01 -5.600410103797912598e-01 1.000000000000000000e+00
6.832750141620635986e-02 -3.698074519634246826e-01 -5.408421754837036133e-01 1.000000000000000000e+00
-1.906157881021499634e-01 3.823354840278625488e-01 -2.822092473506927490e-01 1.000000000000000000e+00
-2.057889699935913086e-01 2.782122790813446045e-01 -4.356309175491333008e-01 1.000000000000000000e+00
-1.399527639150619507e-01 2.277501821517944336e-01 -5.403541922569274902e-01 1.000000000000000000e+00
-8.239364624023437500e-02 2.150586396455764771e-01 -5.692954063415527344e-01 1.000000000000000000e+00
-1.985747925937175751e-02 1.964182406663894653e-01 -5.807951092720031738e-01 1.000000000000000000e+00
1.092636436223983765e-01 1.977196931838989258e-01 -5.387803316116333008e-01 1.000000000000000000e+00
2.505089640617370605e-01 2.684665918350219727e-01 -4.163328111171722412e-01 1.000000000000000000e+00
2.201752960681915283e-01 4.171420931816101074e-01 -4.424348771572113037e-01 1.000000000000000000e+00
1.300029307603836060e-01 4.953500628471374512e-01 -4.691079556941986084e-01 1.000000000000000000e+00
6.290232390165328979e-02 5.249952673912048340e-01 -4.558272361755371094e-01 1.000000000000000000e+00
-8.791917003691196442e-03 5.296579599380493164e-01 -4.295260012149810791e-01 1.000000000000000000e+00
-1.068099364638328552e-01 4.993439614772796631e-01 -3.523926436901092529e-01 1.000000000000000000e+00
-1.815770715475082397e-01 3.850787281990051270e-01 -2.762046158313751221e-01 1.000000000000000000e+00
-9.907752275466918945e-02 2.677029371261596680e-01 -4.628742039203643799e-01 1.000000000000000000e+00
-4.739881679415702820e-02 2.490207552909851074e-01 -4.891554713249206543e-01 1.000000000000000000e+00
1.249692123383283615e-02 2.391238510608673096e-01 -4.994781911373138428e-01 0.000000000000000000e+00
2.481038719415664673e-01 2.679374814033508301e-01 -4.155907034873962402e-01 1.000000000000000000e+00
1.174426302313804626e-01 4.264553487300872803e-01 -4.263587296009063721e-01 1.000000000000000000e+00
5.591503158211708069e-02 4.470846652984619141e-01 -4.142886102199554443e-01 1.000000000000000000e+00
-6.984586827456951141e-03 4.571383297443389893e-01 -3.910023272037506104e-01 1.000000000000000000e+00
