-6.216491460800170898e-01 -6.734895706176757812e-01
-6.741331219673156738e-01 -4.990353584289550781e-01
-7.128725647926330566e-01 -3.089729547500610352e-01
-7.358850240707397461e-01 -1.120176687836647034e-01
-7.218554615974426270e-01 1.179977878928184509e-01
-6.621347665786743164e-01 3.318840861320495605e-01
-5.443370938301086426e-01 5.094420909881591797e-01
-3.904355764389038086e-01 6.748818159103393555e-01
-2.358294725418090820e-01 7.617590427398681641e-01
-7.159788906574249268e-02 7.664164304733276367e-01
1.277617663145065308e-01 6.789923310279846191e-01
2.898390293121337891e-01 5.815944671630859375e-01
4.083374738693237305e-01 4.608991742134094238e-01
4.989448189735412598e-01 3.364573419094085693e-01
5.782899856567382812e-01 2.354058474302291870e-01
6.595239043235778809e-01 8.315566182136535645e-02
7.166900038719177246e-01 -8.867511153221130371e-02
-4.429439902305603027e-01 -5.293687582015991211e-01
-2.842982709407806396e-01 -5.799277424812316895e-01
-1.229905262589454651e-01 -5.071521401405334473e-01
2.051818929612636566e-02 -4.112391173839569092e-01
1.283240169286727905e-01 -3.243613839149475098e-01
3.129216730594635010e-01 -2.679218351840972900e-01
4.520281255245208740e-01 -2.757219076156616211e-01
6.011351943016052246e-01 -2.763350009918212891e-01
7.172679901123046875e-01 -2.660413980484008789e-01
7.287130951881408691e-01 -1.648578196763992310e-01
1.654409617185592651e-01 -1.544253826141357422e-01
1.286150366067886353e-01 -9.905503131449222565e-03
9.742155671119689941e-02 1.094548627734184265e-01
6.495165079832077026e-02 2.280384451150894165e-01
-1.154038757085800171e-01 1.854371130466461182e-01
-6.209459155797958374e-02 2.400941848754882812e-01
-5.688996519893407822e-03 2.819398343563079834e-01
6.256371736526489258e-02 2.792761325836181641e-01
1.299635469913482666e-01 2.639316916465759277e-01
-3.145773112773895264e-01 -3.263405561447143555e-01
-2.115913778543472290e-01 -2.768947184085845947e-01
-1.256653368473052979e-01 -2.495863288640975952e-01
-4.903148487210273743e-02 -2.150443941354751587e-01
-1.370170116424560547e-01 -2.155425101518630981e-01
-2.312696576118469238e-01 -2.425698488950729370e-01
3.060368895530700684e-01 -9.944654256105422974e-02
4.049460887908935547e-01 -7.534936070442199707e-02
4.910423457622528076e-01 -4.908698424696922302e-02
5.648368597030639648e-01 -4.567013680934906006e-02
4.699478745460510254e-01 -1.859864778816699982e-02
3.814863562583923340e-01 -4.943333938717842102e-02
-3.338935971260070801e-01 2.707085609436035156e-01
-2.343623191118240356e-01 3.001435697078704834e-01
-1.143583655357360840e-01 3.497636318206787109e-01
-4.950076714158058167e-02 3.816585242748260498e-01
2.046859264373779297e-02 3.924039602279663086e-01
1.141406074166297913e-01 4.098413288593292236e-01
1.635703146457672119e-01 4.186205565929412842e-01
7.286393642425537109e-02 4.894845187664031982e-01
-3.407261520624160767e-02 5.133872032165527344e-01
-1.083969995379447937e-01 5.002273321151733398e-01
-1.792318969964981079e-01 4.696702659130096436e-01
-2.820129394531250000e-01 3.851231038570404053e-01
-3.300279676914215088e-01 2.724101543426513672e-01
-1.384556889533996582e-01 3.647037446498870850e-01
-7.058329880237579346e-02 3.868791759014129639e-01
-3.671963931992650032e-03 4.074822366237640381e-01
1.620444208383560181e-01 4.180014729499816895e-01
-1.471259538084268570e-02 4.351395964622497559e-01
-8.561052381992340088e-02 4.212097525596618652e-01
-1.608723551034927368e-01 3.927608728408813477e-01
