-6.304004788398742676e-01 -6.822007298469543457e-01 -3.949830830097198486e-01 1.000000000000000000e+00
-6.807481646537780762e-01 -5.104833841323852539e-01 -2.987799644470214844e-01 1.000000000000000000e+00
-7.249907255172729492e-01 -3.104052245616912842e-01 -1.982617676258087158e-01 1.000000000000000000e+00
-7.367308139801025391e-01 -1.016044840216636658e-01 -1.815124601125717163e-01 1.000000000000000000e+00
-7.175099253654479980e-01 1.218575611710548401e-01 -2.337937504053115845e-01 1.000000000000000000e+00
-6.572105288505554199e-01 3.400931060314178467e-01 -3.487199842929840088e-01 1.000000000000000000e+00
-5.408490300178527832e-01 5.141122937202453613e-01 -4.212978482246398926e-01 1.000000000000000000e+00
-3.903875350952148438e-01 6.746100783348083496e-01 -5.191581249237060547e-01 1.000000000000000000e+00
-2.337694168090820312e-01 7.585569024085998535e-01 -4.943196773529052734e-01 1.000000000000000000e+00
-8.124607801437377930e-02 7.603501677513122559e-01 -4.552086591720581055e-01 0.000000000000000000e+00
7.792679965496063232e-02 6.937680840492248535e-01 -2.936617732048034668e-01 0.000000000000000000e+00
2.226499617099761963e-01 5.975669026374816895e-01 -1.680726855993270874e-01 0.000000000000000000e+00
3.348988890647888184e-01 4.361652433872222900e-01 -1.485829893499612808e-02 0.000000000000000000e+00
4.460909962654113770e-01 2.579428553581237793e-01 6.683152914047241211e-02 0.000000000000000000e+00
5.568099617958068848e-01 9.067551046609878540e-02 7.124346494674682617e-02 0.000000000000000000e+00
6.721777915954589844e-01 -8.221231400966644287e-02 -1.746692322194576263e-02 1.000000000000000000e+00
7.756729722023010254e-01 -2.386667281389236450e-01 -9.451604634523391724e-02 1.000000000000000000e+00
-4.429439902305603027e-01 -5.293687582015991211e-01 -8.392218351364135742e-01 1.000000000000000000e+00
-2.842982709407806396e-01 -5.799277424812316895e-01 -1.026939153671264648e+00 1.000000000000000000e+00
-1.229905262589454651e-01 -5.071521401405334473e-01 -1.129305481910705566e+00 1.000000000000000000e+00
2.051818929612636566e-02 -4.112391173839569092e-01 -1.151162266731262207e+00 1.000000000000000000e+00
1.283240169286727905e-01 -3.243613839149475098e-01 -1.123093008995056152e+00 1.000000000000000000e+00
3.129216730594635010e-01 -2.679218351840972900e-01 -1.084720492362976074e+00 1.000000000000000000e+00
4.520281255245208740e-01 -2.757219076156616211e-01 -1.060122728347778320e+00 1.000000000000000000e+00
6.011351943016052246e-01 -2.763350009918212891e-01 -9.727471470832824707e-01 1.000000000000000000e+00
7.172679901123046875e-01 -2.660413980484008789e-01 -8.053778409957885742e-01 1.000000000000000000e+00
7.287130951881408691e-01 -1.648578196763992310e-01 -5.821329951286315918e-01 1.000000000000000000e+00
1.654409617185592651e-01 -1.544253826141357422e-01 -1.065476655960083008e+00 1.000000000000000000e+00
1.286150366067886353e-01 -9.905503131449222565e-03 -1.092295527458190918e+00 1.000000000000000000e+00
9.742155671119689941e-02 1.094548627734184265e-01 -1.124860048294067383e+00 1.000000000000000000e+00
6.495165079832077026e-02 2.280384451150894165e-01 -1.144835829734802246e+00 1.000000000000000000e+00
-1.154038757085800171e-01 1.854371130466461182e-01 -9.323753118515014648e-01 1.000000000000000000e+00
-6.209459155797958374e-02 2.400941848754882812e-01 -9.388429522514343262e-01 1.000000000000000000e+00
-5.688996519893407822e-03 2.819398343563079834e-01 -9.344686269760131836e-01 1.000000000000000000e+00
6.256371736526489258e-02 2.792761325836181641e-01 -9.131965041160583496e-01 1.000000000000000000e+00
1.299635469913482666e-01 2.639316916465759277e-01 -8.803406357765197754e-01 0.000000000000000000e+00
-3.145773112773895264e-01 -3.263405561447143555e-01 -9.487823843955993652e-01 1.000000000000000000e+00
-2.115913778543472290e-01 -2.768947184085845947e-01 -1.026958465576171875e+00 1.000000000000000000e+00
-1.256653368473052979e-01 -2.495863288640975952e-01 -1.009927034378051758e+00 1.000000000000000000e+00
-4.903148487210273743e-02 -2.150443941354751587e-01 -9.517605900764465332e-01 1.000000000000000000e+00
-1.370170116424560547e-01 -2.155425101518630981e-01 -9.778137803077697754e-01 1.000000000000000000e+00
-2.312696576118469238e-01 -2.425698488950729370e-01 -9.884269237518310547e-01 1.000000000000000000e+00
3.060368895530700684e-01 -9.944654256105422974e-02 -8.796878457069396973e-01 1.000000000000000000e+00
4.049460887908935547e-01 -7.534936070442199707e-02 -8.974052071571350098e-01 1.000000000000000000e+00
4.910423457622528076e-01 -4.908698424696922302e-02 -8.753116130828857422e-01 1.000000000000000000e+00
5.648368597030639648e-01 -4.567013680934906006e-02 -7.594873309135437012e-01 1.000000000000000000e+00
4.699478745460510254e-01 -1.859864778816699982e-02 -8.387676477432250977e-01 1.000000000000000000e+00
3.814863562583923340e-01 -4.943333938717842102e-02 -8.685312867164611816e-01 1.000000000000000000e+00
-3.338935971260070801e-01 2.707085609436035156e-01 -7.351864576339721680e-01 1.000000000000000000e+00
-2.343623191118240356e-01 3.001435697078704834e-01 -8.404939174652099609e-01 1.000000000000000000e+00
-1.143583655357360840e-01 3.497636318206787109e-01 -8.830495476722717285e-01 1.000000000000000000e+00
-4.950076714158058167e-02 3.816585242748260498e-01 -8.735057115554809570e-01 1.000000000000000000e+00
2.046859264373779297e-02 3.924039602279663086e-01 -8.549198508262634277e-01 1.000000000000000000e+00
1.141406074166297913e-01 4.098413288593292236e-01 -7.662184238433837891e-01 1.000000000000000000e+00
1.635703146457672119e-01 4.186205565929412842e-01 -6.331169009208679199e-01 1.000000000000000000e+00
7.286393642425537109e-02 4.894845187664031982e-01 -7.070487737655639648e-01 1.000000000000000000e+00
-3.407261520624160767e-02 5.133872032165527344e-01 -7.860695719718933105e-01 1.000000000000000000e+00
-1.083969995379447937e-01 5.002273321151733398e-01 -8.038156628608703613e-01 1.000000000000000000e+00
-1.792318969964981079e-01 4.696702659130096436e-01 -8.117311000823974609e-01 1.000000000000000000e+00
-2.820129394531250000e-01 3.851231038570404053e-01 -7.778950333595275879e-01 1.000000000000000000e+00
-3.300279676914215088e-01 2.724101543426513672e-01 -7.315317988395690918e-01 1.000000000000000000e+00
-1.384556889533996582e-01 3.647037446498870850e-01 -8.035280704498291016e-01 0.000000000000000000e+00
-7.058329880237579346e-02 3.868791759014129639e-01 -7.921061515808105469e-01 0.000000000000000000e+00
-3.671963931992650032e-03 4.074822366237640381e-01 -7.757932543754577637e-01 0.000000000000000000e+00
1.620444208383560181e-01 4.180014729499816895e-01 -6.338864564895629883e-01 1.000000000000000000e+00
-1.471259538084268570e-02 4.351395964622497559e-01 -7.727767825126647949e-01 1.000000000000000000e+00
-8.561052381992340088e-02 4.212097525596618652e-01 -7.988354563713073730e-01 1.000000000000000000e+00
-1.608723551034927368e-01 3.927608728408813477e-01 -8.001357316970825195e-01 1.000000000000000000e+00
