-7.105588912963867188e-01 -1.714362800121307373e-01
-6.825733184814453125e-01 -9.232821874320507050e-03
-6.117254495620727539e-01 1.551576405763626099e-01
-5.335312485694885254e-01 3.013260662555694580e-01
-4.445105195045471191e-01 4.358469843864440918e-01
-3.275205492973327637e-01 5.662438273429870605e-01
-1.840071082115173340e-01 6.781402230262756348e-01
5.657624453306198120e-03 7.611251473426818848e-01
1.673846244812011719e-01 7.622301578521728516e-01
3.338323533535003662e-01 6.785041093826293945e-01
4.954051375389099121e-01 5.441385507583618164e-01
6.061288118362426758e-01 3.764621317386627197e-01
6.885055899620056152e-01 1.930192112922668457e-01
7.318996191024780273e-01 -4.093385767191648483e-03
7.346220612525939941e-01 -1.995143443346023560e-01
6.994565129280090332e-01 -4.089780151844024658e-01
6.716951131820678711e-01 -6.050006747245788574e-01
-7.272214889526367188e-01 -2.714988887310028076e-01
-7.308990955352783203e-01 -4.200434684753417969e-01
-6.340928077697753906e-01 -4.700291156768798828e-01
-4.985881447792053223e-01 -4.783406555652618408e-01
-3.669955730438232422e-01 -4.632459580898284912e-01
-1.869022548198699951e-01 -5.192532539367675781e-01
-7.579129934310913086e-02 -6.029753684997558594e-01
7.744442671537399292e-02 -6.715160608291625977e-01
2.557143867015838623e-01 -7.026467323303222656e-01
4.203121662139892578e-01 -6.021948456764221191e-01
-2.372399121522903442e-01 -3.415528535842895508e-01
-2.154217511415481567e-01 -2.171368747949600220e-01
-2.060700207948684692e-01 -1.197555586695671082e-01
-1.903326213359832764e-01 -2.282917872071266174e-02
-2.439086586236953735e-01 7.932379096746444702e-02
-1.782069355249404907e-01 9.107898920774459839e-02
-1.144367530941963196e-01 9.060952067375183105e-02
-5.245753750205039978e-02 5.507039651274681091e-02
1.100341416895389557e-02 7.849085144698619843e-03
-6.133909225463867188e-01 -1.916682869195938110e-01
-5.513136386871337891e-01 -2.123748660087585449e-01
-4.732839167118072510e-01 -2.367428988218307495e-01
-3.787129521369934082e-01 -2.535500228404998779e-01
-4.587130546569824219e-01 -2.111721634864807129e-01
-5.403571724891662598e-01 -1.815652996301651001e-01
-9.015206247568130493e-03 -3.555830419063568115e-01
6.748018413782119751e-02 -3.865379095077514648e-01
1.493373513221740723e-01 -4.086039364337921143e-01
2.621372640132904053e-01 -4.392147958278656006e-01
1.631678044795989990e-01 -3.787581920623779297e-01
7.424678653478622437e-02 -3.593323528766632080e-01
-2.199562191963195801e-01 3.479880094528198242e-01
-2.139332890510559082e-01 2.723753452301025391e-01
-1.343261599540710449e-01 2.303262054920196533e-01
-7.120481878519058228e-02 2.188036292791366577e-01
-6.076452787965536118e-03 1.934895664453506470e-01
1.236737668514251709e-01 1.776032447814941406e-01
2.560341954231262207e-01 2.171377688646316528e-01
2.109430134296417236e-01 3.474280536174774170e-01
1.119722351431846619e-01 4.196069240570068359e-01
4.107085615396499634e-02 4.489164650440216064e-01
-3.369354829192161560e-02 4.570337533950805664e-01
-1.368627846240997314e-01 4.395948946475982666e-01
-2.120080739259719849e-01 3.488660156726837158e-01
-9.969838708639144897e-02 2.669845521450042725e-01
-4.003433138132095337e-02 2.472934126853942871e-01
2.429451048374176025e-02 2.316169440746307373e-01
2.536294460296630859e-01 2.169000357389450073e-01
9.823822975158691406e-02 3.461812436580657959e-01
3.050036914646625519e-02 3.670659065246582031e-01
-3.909829631447792053e-02 3.820924162864685059e-01
