-6.996211409568786621e-01 -2.187271267175674438e-01 3.972368240356445312e-01 0.000000000000000000e+00
-6.129931211471557617e-01 -4.406384378671646118e-02 4.251457154750823975e-01 0.000000000000000000e+00
-5.150371193885803223e-01 1.528538912534713745e-01 4.434564113616943359e-01 0.000000000000000000e+00
-4.301396608352661133e-01 3.260010480880737305e-01 3.829150199890136719e-01 0.000000000000000000e+00
-3.492625951766967773e-01 4.875580668449401855e-01 2.549616098403930664e-01 0.000000000000000000e+00
-2.640260457992553711e-01 6.197702884674072266e-01 6.835139542818069458e-02 0.000000000000000000e+00
-1.311818808317184448e-01 7.125532627105712891e-01 -7.395610213279724121e-02 1.000000000000000000e+00
1.744064502418041229e-02 7.621803283691406250e-01 -2.402472794055938721e-01 1.000000000000000000e+00
1.936982125043869019e-01 7.590109705924987793e-01 -2.917504012584686279e-01 1.000000000000000000e+00
3.334985375404357910e-01 6.792032718658447266e-01 -3.126203417778015137e-01 1.000000000000000000e+00
4.942778646945953369e-01 5.451675057411193848e-01 -2.310206294059753418e-01 1.000000000000000000e+00
6.056284904479980469e-01 3.797653913497924805e-01 -1.628408432006835938e-01 1.000000000000000000e+00
6.888517737388610840e-01 1.971895545721054077e-01 -3.458896651864051819e-02 1.000000000000000000e+00
7.324188351631164551e-01 1.080140704289078712e-03 4.926718026399612427e-02 1.000000000000000000e+00
7.383760213851928711e-01 -1.944688856601715088e-01 7.340925186872482300e-02 1.000000000000000000e+00
7.018740177154541016e-01 -4.103077650070190430e-01 2.461159415543079376e-02 1.000000000000000000e+00
6.744493842124938965e-01 -6.034721732139587402e-01 -1.768022216856479645e-02 1.000000000000000000e+00
-7.272214889526367188e-01 -2.714988887310028076e-01 -9.287846088409423828e-02 1.000000000000000000e+00
-7.308990955352783203e-01 -4.200434684753417969e-01 -2.819100618362426758e-01 1.000000000000000000e+00
-6.340928077697753906e-01 -4.700291156768798828e-01 -4.511941969394683838e-01 1.000000000000000000e+00
-4.985881447792053223e-01 -4.783406555652618408e-01 -5.541406869888305664e-01 1.000000000000000000e+00
-3.669955730438232422e-01 -4.632459580898284912e-01 -6.036031246185302734e-01 1.000000000000000000e+00
-1.869022548198699951e-01 -5.192532539367675781e-01 -6.586486697196960449e-01 1.000000000000000000e+00
-7.579129934310913086e-02 -6.029753684997558594e-01 -6.826524734497070312e-01 1.000000000000000000e+00
7.744442671537399292e-02 -6.715160608291625977e-01 -6.672695875167846680e-01 1.000000000000000000e+00
2.557143867015838623e-01 -7.026467323303222656e-01 -5.756806731224060059e-01 1.000000000000000000e+00
4.203121662139892578e-01 -6.021948456764221191e-01 -4.340594112873077393e-01 1.000000000000000000e+00
-2.372399121522903442e-01 -3.415528535842895508e-01 -6.327531933784484863e-01 1.000000000000000000e+00
-2.154217511415481567e-01 -2.171368747949600220e-01 -6.869634985923767090e-01 1.000000000000000000e+00
-2.060700207948684692e-01 -1.197555586695671082e-01 -7.481194138526916504e-01 1.000000000000000000e+00
-1.903326213359832764e-01 -2.282917872071266174e-02 -7.903913259506225586e-01 1.000000000000000000e+00
-2.439086586236953735e-01 7.932379096746444702e-02 -5.611875653266906738e-01 1.000000000000000000e+00
-1.782069355249404907e-01 9.107898920774459839e-02 -6.031909584999084473e-01 1.000000000000000000e+00
-1.144367530941963196e-01 9.060952067375183105e-02 -6.349619030952453613e-01 1.000000000000000000e+00
-5.245753750205039978e-02 5.507039651274681091e-02 -6.416121721267700195e-01 1.000000000000000000e+00
1.100341416895389557e-02 7.849085144698619843e-03 -6.395114660263061523e-01 1.000000000000000000e+00
-6.133909225463867188e-01 -1.916682869195938110e-01 -3.115598857402801514e-01 1.000000000000000000e+00
-5.513136386871337891e-01 -2.123748660087585449e-01 -4.285740256309509277e-01 1.000000000000000000e+00
-4.732839167118072510e-01 -2.367428988218307495e-01 -4.550668001174926758e-01 1.000000000000000000e+00
-3.787129521369934082e-01 -2.535500228404998779e-01 -4.542315304279327393e-01 1.000000000000000000e+00
-4.587130546569824219e-01 -2.111721634864807129e-01 -4.438427388668060303e-01 1.000000000000000000e+00
-5.403571724891662598e-01 -1.815652996301651001e-01 -4.094249606132507324e-01 1.000000000000000000e+00
-9.015206247568130493e-03 -3.555830419063568115e-01 -5.700630545616149902e-01 1.000000000000000000e+00
6.748018413782119751e-02 -3.865379095077514648e-01 -6.217843890190124512e-01 1.000000000000000000e+00
1.493373513221740723e-01 -4.086039364337921143e-01 -6.422575712203979492e-01 1.000000000000000000e+00
2.621372640132904053e-01 -4.392147958278656006e-01 -5.802512764930725098e-01 1.000000000000000000e+00
1.631678044795989990e-01 -3.787581920623779297e-01 -6.259554028511047363e-01 1.000000000000000000e+00
7.424678653478622437e-02 -3.593323528766632080e-01 -6.074906587600708008e-01 1.000000000000000000e+00
-2.199562191963195801e-01 3.479880094528198242e-01 -3.638836443424224854e-01 1.000000000000000000e+00
-2.139332890510559082e-01 2.723753452301025391e-01 -4.988093972206115723e-01 1.000000000000000000e+00
-1.343261599540710449e-01 2.303262054920196533e-01 -5.986558794975280762e-01 1.000000000000000000e+00
-7.120481878519058228e-02 2.188036292791366577e-01 -6.257861852645874023e-01 1.000000000000000000e+00
-6.076452787965536118e-03 1.934895664453506470e-01 -6.366757750511169434e-01 1.000000000000000000e+00
1.236737668514251709e-01 1.776032447814941406e-01 -5.958618521690368652e-01 1.000000000000000000e+00
2.560341954231262207e-01 2.171377688646316528e-01 -4.873605370521545410e-01 1.000000000000000000e+00
2.109430134296417236e-01 3.474280536174774170e-01 -5.311636328697204590e-01 1.000000000000000000e+00
1.119722351431846619e-01 4.196069240570068359e-01 -5.722162127494812012e-01 1.000000000000000000e+00
4.107085615396499634e-02 4.489164650440216064e-01 -5.608999729156494141e-01 1.000000000000000000e+00
-3.369354829192161560e-02 4.570337533950805664e-01 -5.353114604949951172e-01 1.000000000000000000e+00
-1.368627846240997314e-01 4.395948946475982666e-01 -4.513674974441528320e-01 1.000000000000000000e+00
-2.120080739259719849e-01 3.488660156726837158e-01 -3.605262637138366699e-01 1.000000000000000000e+00
-9.969838708639144897e-02 2.669845521450042725e-01 -5.245518684387207031e-01 0.000000000000000000e+00
-4.003433138132095337e-02 2.472934126853942871e-01 -5.479023456573486328e-01 1.000000000000000000e+00
2.429451048374176025e-02 2.316169440746307373e-01 -5.616499185562133789e-01 0.000000000000000000e+00
2.536294460296630859e-01 2.169000357389450073e-01 -4.872895479202270508e-01 1.000000000000000000e+00
9.823822975158691406e-02 3.461812436580657959e-01 -5.319412350654602051e-01 1.000000000000000000e+00
3.050036914646625519e-02 3.670659065246582031e-01 -5.245823860168457031e-01 1.000000000000000000e+00
-3.909829631447792053e-02 3.820924162864685059e-01 -4.990946352481842041e-01 1.000000000000000000e+00
