-6.141718626022338867e-01 -6.751711368560791016e-01
-6.714801192283630371e-01 -5.037999749183654785e-01
-7.145058512687683105e-01 -3.131769001483917236e-01
-7.447270154953002930e-01 -1.187869161367416382e-01
-7.367241978645324707e-01 1.143323853611946106e-01
-6.830579638481140137e-01 3.304039537906646729e-01
-5.683856606483459473e-01 5.146535634994506836e-01
-4.163537621498107910e-01 6.869736313819885254e-01
-2.619749605655670166e-01 7.777647972106933594e-01
-9.588810801506042480e-02 7.860401868820190430e-01
1.065425127744674683e-01 7.038336992263793945e-01
2.724877893924713135e-01 6.067634820938110352e-01
3.938933014869689941e-01 4.884419143199920654e-01
4.867058992385864258e-01 3.644206523895263672e-01
5.647517442703247070e-01 2.641890048980712891e-01
6.511157155036926270e-01 1.157992929220199585e-01
7.190468907356262207e-01 -5.978205054998397827e-02
-4.463457465171813965e-01 -5.275337696075439453e-01
-2.884016335010528564e-01 -5.737204551696777344e-01
-1.299188137054443359e-01 -4.959293007850646973e-01
1.173116359859704971e-02 -3.967832028865814209e-01
1.183190718293190002e-01 -3.078022003173828125e-01
3.018015921115875244e-01 -2.461999356746673584e-01
4.413833916187286377e-01 -2.486511766910552979e-01
5.923117399215698242e-01 -2.443467676639556885e-01
7.113631367683410645e-01 -2.310695648193359375e-01
7.243242859840393066e-01 -1.295100152492523193e-01
1.517587304115295410e-01 -1.361913383007049561e-01
1.105320304632186890e-01 9.428570047020912170e-03
7.557623833417892456e-02 1.292124241590499878e-01
3.947281464934349060e-02 2.481195926666259766e-01
-1.381014287471771240e-01 1.997512280941009521e-01
-8.547923713922500610e-02 2.558882534503936768e-01
-2.954837493598461151e-02 2.992737591266632080e-01
3.936309367418289185e-02 2.986277639865875244e-01
1.081113815307617188e-01 2.854220569133758545e-01
-3.232110142707824707e-01 -3.195936977863311768e-01
-2.227172106504440308e-01 -2.664565443992614746e-01
-1.366811990737915039e-01 -2.369042336940765381e-01
-5.912121385335922241e-02 -2.010474652051925659e-01
-1.481173634529113770e-01 -2.034246027469635010e-01
-2.423219978809356689e-01 -2.331279814243316650e-01
2.926068007946014404e-01 -7.654576003551483154e-02
3.904229998588562012e-01 -4.734864458441734314e-02
4.760506451129913330e-01 -1.804203912615776062e-02
5.526158213615417480e-01 -1.451489329338073730e-02
4.558269381523132324e-01 9.903891012072563171e-03
3.673794567584991455e-01 -2.365741878747940063e-02
-3.551872372627258301e-01 2.848335206508636475e-01
-2.588843107223510742e-01 3.149096369743347168e-01
-1.399622261524200439e-01 3.668327033519744873e-01
-7.545225322246551514e-02 4.005850553512573242e-01
-4.884912166744470596e-03 4.131363928318023682e-01
9.095089882612228394e-02 4.339885115623474121e-01
1.439079344272613525e-01 4.452849328517913818e-01
5.229853466153144836e-02 5.116861462593078613e-01
-5.630011111497879028e-02 5.320453643798828125e-01
-1.309165209531784058e-01 5.170536041259765625e-01
-2.016717046499252319e-01 4.848788678646087646e-01
-3.034574091434478760e-01 3.990181982517242432e-01
-3.508962094783782959e-01 2.864263653755187988e-01
-1.633748561143875122e-01 3.818216621875762939e-01
-9.537138044834136963e-02 4.060232639312744141e-01
-2.797450311481952667e-02 4.285827875137329102e-01
1.423161178827285767e-01 4.445870816707611084e-01
-3.463190421462059021e-02 4.540320038795471191e-01
-1.058639958500862122e-01 4.380374252796173096e-01
-1.814957559108734131e-01 4.081979393959045410e-01
