-6.237539649009704590e-01 -6.878193616867065430e-01 -3.998736739158630371e-01 1.000000000000000000e+00
-6.787006855010986328e-01 -5.169024467468261719e-01 -3.015223443508148193e-01 1.000000000000000000e+00
-7.277683615684509277e-01 -3.169429898262023926e-01 -1.989313066005706787e-01 1.000000000000000000e+00
-7.457635998725891113e-01 -1.077155768871307373e-01 -1.814639568328857422e-01 1.000000000000000000e+00
-7.317163944244384766e-01 1.181754320859909058e-01 -2.338510453701019287e-01 1.000000000000000000e+00
-6.772569417953491211e-01 3.412842154502868652e-01 -3.502557873725891113e-01 1.000000000000000000e+00
-5.642292499542236328e-01 5.204900503158569336e-01 -4.258810579776763916e-01 1.000000000000000000e+00
-4.164175093173980713e-01 6.863114833831787109e-01 -5.270356535911560059e-01 1.000000000000000000e+00
-2.593902945518493652e-01 7.747259736061096191e-01 -5.045042037963867188e-01 1.000000000000000000e+00
-1.054611727595329285e-01 7.800363898277282715e-01 -4.673413932323455811e-01 0.000000000000000000e+00
5.799850821495056152e-02 7.163635492324829102e-01 -3.067015111446380615e-01 0.000000000000000000e+00
2.069961428642272949e-01 6.226019859313964844e-01 -1.817215383052825928e-01 0.000000000000000000e+00
3.264053165912628174e-01 4.626399576663970947e-01 -2.903809212148189545e-02 0.000000000000000000e+00
4.442929327487945557e-01 2.865995764732360840e-01 5.151808634400367737e-02 0.000000000000000000e+00
5.584132671356201172e-01 1.216790825128555298e-01 5.300335586071014404e-02 0.000000000000000000e+00
6.766567826271057129e-01 -4.904832318425178528e-02 -3.939159587025642395e-02 1.000000000000000000e+00
7.820509076118469238e-01 -2.039885520935058594e-01 -1.202076300978660583e-01 1.000000000000000000e+00
-4.463457465171813965e-01 -5.275337696075439453e-01 -8.486113548278808594e-01 1.000000000000000000e+00
-2.884016335010528564e-01 -5.737204551696777344e-01 -1.040083646774291992e+00 1.000000000000000000e+00
-1.299188137054443359e-01 -4.959293007850646973e-01 -1.145260572433471680e+00 1.000000000000000000e+00
1.173116359859704971e-02 -3.967832028865814209e-01 -1.169155359268188477e+00 1.000000000000000000e+00
1.183190718293190002e-01 -3.078022003173828125e-01 -1.142213702201843262e+00 1.000000000000000000e+00
3.018015921115875244e-01 -2.461999356746673584e-01 -1.106883764266967773e+00 1.000000000000000000e+00
4.413833916187286377e-01 -2.486511766910552979e-01 -1.085168719291687012e+00 1.000000000000000000e+00
5.923117399215698242e-01 -2.443467676639556885e-01 -1.000301361083984375e+00 1.000000000000000000e+00
7.113631367683410645e-01 -2.310695648193359375e-01 -8.339368700981140137e-01 1.000000000000000000e+00
7.243242859840393066e-01 -1.295100152492523193e-01 -6.092218160629272461e-01 1.000000000000000000e+00
1.517587304115295410e-01 -1.361913383007049561e-01 -1.084937334060668945e+00 1.000000000000000000e+00
1.105320304632186890e-01 9.428570047020912170e-03 -1.112836241722106934e+00 1.000000000000000000e+00
7.557623833417892456e-02 1.292124241590499878e-01 -1.145384311676025391e+00 1.000000000000000000e+00
3.947281464934349060e-02 2.481195926666259766e-01 -1.164834618568420410e+00 1.000000000000000000e+00
-1.381014287471771240e-01 1.997512280941009521e-01 -9.470106363296508789e-01 1.000000000000000000e+00
-8.547923713922500610e-02 2.558882534503936768e-01 -9.547895193099975586e-01 1.000000000000000000e+00
-2.954837493598461151e-02 2.992737591266632080e-01 -9.514089226722717285e-01 1.000000000000000000e+00
3.936309367418289185e-02 2.986277639865875244e-01 -9.309654831886291504e-01 1.000000000000000000e+00
1.081113815307617188e-01 2.854220569133758545e-01 -8.982897400856018066e-01 0.000000000000000000e+00
-3.232110142707824707e-01 -3.195936977863311768e-01 -9.601827859878540039e-01 1.000000000000000000e+00
-2.227172106504440308e-01 -2.664565443992614746e-01 -1.039952516555786133e+00 1.000000000000000000e+00
-1.366811990737915039e-01 -2.369042336940765381e-01 -1.024174928665161133e+00 1.000000000000000000e+00
-5.912121385335922241e-02 -2.010474652051925659e-01 -9.669337272644042969e-01 1.000000000000000000e+00
-1.481173634529113770e-01 -2.034246027469635010e-01 -9.922406673431396484e-01 1.000000000000000000e+00
-2.423219978809356689e-01 -2.331279814243316650e-01 -1.001326441764831543e+00 1.000000000000000000e+00
2.926068007946014404e-01 -7.654576003551483154e-02 -9.013022184371948242e-01 1.000000000000000000e+00
3.904229998588562012e-01 -4.734864458441734314e-02 -9.198306202888488770e-01 1.000000000000000000e+00
4.760506451129913330e-01 -1.804203912615776062e-02 -8.989710807800292969e-01 1.000000000000000000e+00
5.526158213615417480e-01 -1.451489329338073730e-02 -7.846605777740478516e-01 1.000000000000000000e+00
4.558269381523132324e-01 9.903891012072563171e-03 -8.631749153137207031e-01 1.000000000000000000e+00
3.673794567584991455e-01 -2.365741878747940063e-02 -8.918317556381225586e-01 1.000000000000000000e+00
-3.551872372627258301e-01 2.848335206508636475e-01 -7.483372092247009277e-01 1.000000000000000000e+00
-2.588843107223510742e-01 3.149096369743347168e-01 -8.557921051979064941e-01 1.000000000000000000e+00
-1.399622261524200439e-01 3.668327033519744873e-01 -8.997860550880432129e-01 1.000000000000000000e+00
-7.545225322246551514e-02 4.005850553512573242e-01 -8.908597826957702637e-01 1.000000000000000000e+00
-4.884912166744470596e-03 4.131363928318023682e-01 -8.734326958656311035e-01 1.000000000000000000e+00
9.095089882612228394e-02 4.339885115623474121e-01 -7.859923839569091797e-01 1.000000000000000000e+00
1.439079344272613525e-01 4.452849328517913818e-01 -6.532053351402282715e-01 1.000000000000000000e+00
5.229853466153144836e-02 5.116861462593078613e-01 -7.264138460159301758e-01 1.000000000000000000e+00
-5.630011111497879028e-02 5.320453643798828125e-01 -8.045212626457214355e-01 1.000000000000000000e+00
-1.309165209531784058e-01 5.170536041259765625e-01 -8.210975527763366699e-01 1.000000000000000000e+00
-2.016717046499252319e-01 4.848788678646087646e-01 -8.279753327369689941e-01 1.000000000000000000e+00
-3.034574091434478760e-01 3.990181982517242432e-01 -7.922599315643310547e-01 1.000000000000000000e+00
-3.508962094783782959e-01 2.864263653755187988e-01 -7.449105381965637207e-01 1.000000000000000000e+00
-1.633748561143875122e-01 3.818216621875762939e-01 -8.198885321617126465e-01 0.000000000000000000e+00
-9.537138044834136963e-02 4.060232639312744141e-01 -8.093094825744628906e-01 0.000000000000000000e+00
-2.797450311481952667e-02 4.285827875137329102e-01 -7.940127253532409668e-01 0.000000000000000000e+00
1.423161178827285767e-01 4.445870816707611084e-01 -6.539765596389770508e-01 1.000000000000000000e+00
-3.463190421462059021e-02 4.540320038795471191e-01 -7.923509478569030762e-01 1.000000000000000000e+00
-1.058639958500862122e-01 4.380374252796173096e-01 -8.173101544380187988e-01 1.000000000000000000e+00
-1.814957559108734131e-01 4.081979393959045410e-01 -8.177679777145385742e-01 1.000000000000000000e+00
