-7.042876482009887695e-01 -2.075726985931396484e-01
-6.828221082687377930e-01 -4.505371674895286560e-02
-6.202718019485473633e-01 1.178233548998832703e-01
-5.428166985511779785e-01 2.631539106369018555e-01
-4.601297676563262939e-01 4.008853137493133545e-01
-3.481853902339935303e-01 5.344598293304443359e-01
-2.124806493520736694e-01 6.508226990699768066e-01
-3.669852390885353088e-02 7.441213726997375488e-01
1.210669875144958496e-01 7.514417171478271484e-01
2.915171086788177490e-01 6.767196059226989746e-01
4.610370099544525146e-01 5.508009791374206543e-01
5.841497778892517090e-01 3.938850760459899902e-01
6.799189448356628418e-01 2.132703512907028198e-01
7.353989481925964355e-01 1.601476036012172699e-02
7.536797523498535156e-01 -1.807247996330261230e-01
7.263811230659484863e-01 -3.958390057086944580e-01
7.070812582969665527e-01 -5.903328061103820801e-01
-7.209863662719726562e-01 -3.083804249763488770e-01
-7.258377075195312500e-01 -4.538082480430603027e-01
-6.325038671493530273e-01 -4.964668750762939453e-01
-4.981259703636169434e-01 -4.963013827800750732e-01
-3.678273558616638184e-01 -4.744028747081756592e-01
-1.850768178701400757e-01 -5.224879384040832520e-01
-6.994750350713729858e-02 -6.025620102882385254e-01
8.860980719327926636e-02 -6.667187809944152832e-01
2.718367874622344971e-01 -6.919521093368530273e-01
4.378356337547302246e-01 -5.857393741607666016e-01
-2.439501881599426270e-01 -3.460577130317687988e-01
-2.291799038648605347e-01 -2.174973338842391968e-01
-2.258518338203430176e-01 -1.161373406648635864e-01
-2.155689150094985962e-01 -1.484508160501718521e-02
-2.614147365093231201e-01 7.818698137998580933e-02
-1.991806179285049438e-01 9.498691558837890625e-02
-1.370606124401092529e-01 9.943941980600357056e-02
-7.449725270271301270e-02 6.561776250600814819e-02
-1.069142576307058334e-02 2.035661600530147552e-02
-6.179981827735900879e-01 -2.196040302515029907e-01
-5.595411062240600586e-01 -2.370475977659225464e-01
-4.803366661071777344e-01 -2.574230730533599854e-01
-3.842019438743591309e-01 -2.679544091224670410e-01
-4.650968909263610840e-01 -2.282492071390151978e-01
-5.480362772941589355e-01 -2.027119696140289307e-01
-9.110993705689907074e-03 -3.529008626937866211e-01
6.513753533363342285e-02 -3.850650787353515625e-01
1.490046381950378418e-01 -4.047293066978454590e-01
2.671255767345428467e-01 -4.269970953464508057e-01
1.636981666088104248e-01 -3.668823838233947754e-01
7.311011850833892822e-02 -3.509699106216430664e-01
-2.453297674655914307e-01 3.312189579010009766e-01
-2.378544807434082031e-01 2.692960798740386963e-01
-1.605434715747833252e-01 2.360315620899200439e-01
-9.793645888566970825e-02 2.283969074487686157e-01
-3.233838453888893127e-02 2.056978493928909302e-01
9.729256480932235718e-02 1.921222805976867676e-01
2.287155240774154663e-01 2.246401757001876831e-01
1.757885962724685669e-01 3.474032282829284668e-01
7.247769087553024292e-02 4.159210026264190674e-01
1.389986253343522549e-03 4.409378468990325928e-01
-7.181311398744583130e-02 4.458326995372772217e-01
-1.709319651126861572e-01 4.216162264347076416e-01
-2.376379817724227905e-01 3.322845995426177979e-01
-1.252669245004653931e-01 2.728172838687896729e-01
-6.534260511398315430e-02 2.566408216953277588e-01
-1.201330800540745258e-03 2.436244785785675049e-01
2.263942211866378784e-01 2.244652807712554932e-01
6.343004107475280762e-02 3.407068550586700439e-01
-5.356092005968093872e-03 3.588717281818389893e-01
-7.427915185689926147e-02 3.699317276477813721e-01
