-6.789900660514831543e-01 -2.686911225318908691e-01 4.019569456577301025e-01 0.000000000000000000e+00
-5.967052578926086426e-01 -9.118939191102981567e-02 4.322190880775451660e-01 0.000000000000000000e+00
-5.032286047935485840e-01 1.086150482296943665e-01 4.530040919780731201e-01 0.000000000000000000e+00
-4.238466322422027588e-01 2.857931852340698242e-01 3.924885988235473633e-01 0.000000000000000000e+00
-3.538806438446044922e-01 4.539224207401275635e-01 2.635839879512786865e-01 0.000000000000000000e+00
-2.827004492282867432e-01 5.920554399490356445e-01 7.314825803041458130e-02 0.000000000000000000e+00
-1.610025912523269653e-01 6.874817609786987305e-01 -7.657800614833831787e-02 1.000000000000000000e+00
-2.332341484725475311e-02 7.451755404472351074e-01 -2.512990832328796387e-01 1.000000000000000000e+00
1.494916081428527832e-01 7.486814856529235840e-01 -3.094077110290527344e-01 1.000000000000000000e+00
2.914033532142639160e-01 6.768831610679626465e-01 -3.365501165390014648e-01 1.000000000000000000e+00
4.607728719711303711e-01 5.509615540504455566e-01 -2.583925426006317139e-01 1.000000000000000000e+00
5.840236544609069824e-01 3.945245742797851562e-01 -1.933289468288421631e-01 1.000000000000000000e+00
6.799690723419189453e-01 2.140422612428665161e-01 -6.757175922393798828e-02 1.000000000000000000e+00
7.354242801666259766e-01 1.708091236650943756e-02 1.198154222220182419e-02 1.000000000000000000e+00
7.544577717781066895e-01 -1.796882450580596924e-01 3.037871979176998138e-02 1.000000000000000000e+00
7.268918156623840332e-01 -3.961276710033416748e-01 -2.483078278601169586e-02 1.000000000000000000e+00
7.075827717781066895e-01 -5.899549722671508789e-01 -7.256699353456497192e-02 1.000000000000000000e+00
-7.209863662719726562e-01 -3.083804249763488770e-01 -9.224729239940643311e-02 1.000000000000000000e+00
-7.258377075195312500e-01 -4.538082480430603027e-01 -2.872452735900878906e-01 1.000000000000000000e+00
-6.325038671493530273e-01 -4.964668750762939453e-01 -4.619829356670379639e-01 1.000000000000000000e+00
-4.981259703636169434e-01 -4.963013827800750732e-01 -5.702086091041564941e-01 1.000000000000000000e+00
-3.678273558616638184e-01 -4.744028747081756592e-01 -6.245166063308715820e-01 1.000000000000000000e+00
-1.850768178701400757e-01 -5.224879384040832520e-01 -6.878497600555419922e-01 1.000000000000000000e+00
-6.994750350713729858e-02 -6.025620102882385254e-01 -7.173270583152770996e-01 1.000000000000000000e+00
8.860980719327926636e-02 -6.667187809944152832e-01 -7.089340686798095703e-01 1.000000000000000000e+00
2.718367874622344971e-01 -6.919521093368530273e-01 -6.236974000930786133e-01 1.000000000000000000e+00
4.378356337547302246e-01 -5.857393741607666016e-01 -4.831822812557220459e-01 1.000000000000000000e+00
-2.439501881599426270e-01 -3.460577130317687988e-01 -6.572787165641784668e-01 1.000000000000000000e+00
-2.291799038648605347e-01 -2.174973338842391968e-01 -7.094713449478149414e-01 1.000000000000000000e+00
-2.258518338203430176e-01 -1.161373406648635864e-01 -7.676743268966674805e-01 1.000000000000000000e+00
-2.155689150094985962e-01 -1.484508160501718521e-02 -8.080030083656311035e-01 1.000000000000000000e+00
-2.614147365093231201e-01 7.818698137998580933e-02 -5.693568587303161621e-01 1.000000000000000000e+00
-1.991806179285049438e-01 9.498691558837890625e-02 -6.133632063865661621e-01 1.000000000000000000e+00
-1.370606124401092529e-01 9.943941980600357056e-02 -6.475176215171813965e-01 1.000000000000000000e+00
-7.449725270271301270e-02 6.561776250600814819e-02 -6.567513346672058105e-01 1.000000000000000000e+00
-1.069142576307058334e-02 2.035661600530147552e-02 -6.568883061408996582e-01 1.000000000000000000e+00
-6.179981827735900879e-01 -2.196040302515029907e-01 -3.129058182239532471e-01 1.000000000000000000e+00
-5.595411062240600586e-01 -2.370475977659225464e-01 -4.335690438747406006e-01 1.000000000000000000e+00
-4.803366661071777344e-01 -2.574230730533599854e-01 -4.638001620769500732e-01 1.000000000000000000e+00
-3.842019438743591309e-01 -2.679544091224670410e-01 -4.660359919071197510e-01 1.000000000000000000e+00
-4.650968909263610840e-01 -2.282492071390151978e-01 -4.515231251716613770e-01 1.000000000000000000e+00
-5.480362772941589355e-01 -2.027119696140289307e-01 -4.130639731884002686e-01 1.000000000000000000e+00
-9.110993705689907074e-03 -3.529008626937866211e-01 -5.982744693756103516e-01 1.000000000000000000e+00
6.513753533363342285e-02 -3.850650787353515625e-01 -6.548283696174621582e-01 1.000000000000000000e+00
1.490046381950378418e-01 -4.047293066978454590e-01 -6.788495182991027832e-01 1.000000000000000000e+00
2.671255767345428467e-01 -4.269970953464508057e-01 -6.197140216827392578e-01 1.000000000000000000e+00
1.636981666088104248e-01 -3.668823838233947754e-01 -6.597174406051635742e-01 1.000000000000000000e+00
7.311011850833892822e-02 -3.509699106216430664e-01 -6.377429366111755371e-01 1.000000000000000000e+00
-2.453297674655914307e-01 3.312189579010009766e-01 -3.688548803329467773e-01 1.000000000000000000e+00
-2.378544807434082031e-01 2.692960798740386963e-01 -5.018520951271057129e-01 1.000000000000000000e+00
-1.605434715747833252e-01 2.360315620899200439e-01 -6.036813259124755859e-01 1.000000000000000000e+00
-9.793645888566970825e-02 2.283969074487686157e-01 -6.333262920379638672e-01 1.000000000000000000e+00
-3.233838453888893127e-02 2.056978493928909302e-01 -6.475623846054077148e-01 1.000000000000000000e+00
9.729256480932235718e-02 1.921222805976867676e-01 -6.129912137985229492e-01 1.000000000000000000e+00
2.287155240774154663e-01 2.246401757001876831e-01 -5.118080973625183105e-01 1.000000000000000000e+00
1.757885962724685669e-01 3.474032282829284668e-01 -5.523940324783325195e-01 1.000000000000000000e+00
7.247769087553024292e-02 4.159210026264190674e-01 -5.877189040184020996e-01 1.000000000000000000e+00
1.389986253343522549e-03 4.409378468990325928e-01 -5.733861327171325684e-01 1.000000000000000000e+00
-7.181311398744583130e-02 4.458326995372772217e-01 -5.453838109970092773e-01 1.000000000000000000e+00
-1.709319651126861572e-01 4.216162264347076416e-01 -4.585515260696411133e-01 1.000000000000000000e+00
-2.376379817724227905e-01 3.322845995426177979e-01 -3.661896288394927979e-01 1.000000000000000000e+00
-1.252669245004653931e-01 2.728172838687896729e-01 -5.307714343070983887e-01 0.000000000000000000e+00
-6.534260511398315430e-02 2.566408216953277588e-01 -5.563217997550964355e-01 0.000000000000000000e+00
-1.201330800540745258e-03 2.436244785785675049e-01 -5.731366276741027832e-01 0.000000000000000000e+00
2.263942211866378784e-01 2.244652807712554932e-01 -5.116500258445739746e-01 1.000000000000000000e+00
6.343004107475280762e-02 3.407068550586700439e-01 -5.518218278884887695e-01 1.000000000000000000e+00
-5.356092005968093872e-03 3.588717281818389893e-01 -5.423059463500976562e-01 1.000000000000000000e+00
-7.427915185689926147e-02 3.699317276477813721e-01 -5.131316781044006348e-01 1.000000000000000000e+00
