-7.485741972923278809e-01 -4.454565346240997314e-01
-7.703241705894470215e-01 -2.702240943908691406e-01
-7.522712349891662598e-01 -8.331014961004257202e-02
-7.177736163139343262e-01 6.225809827446937561e-02
-6.751803755760192871e-01 2.137460261583328247e-01
-5.996950864791870117e-01 3.728284537792205811e-01
-4.909995794296264648e-01 5.176584720611572266e-01
-3.463886678218841553e-01 6.663308739662170410e-01
-1.928898692131042480e-01 7.187458276748657227e-01
-1.430053613148629665e-03 6.937557458877563477e-01
2.104605585336685181e-01 6.106262207031250000e-01
3.894197940826416016e-01 4.971634447574615479e-01
5.411645770072937012e-01 3.276715576648712158e-01
6.539619565010070801e-01 1.299065947532653809e-01
7.260934710502624512e-01 -6.450624763965606689e-02
7.567029595375061035e-01 -2.737456560134887695e-01
7.903233766555786133e-01 -4.660465717315673828e-01
-7.398255467414855957e-01 -5.490798950195312500e-01
-6.996427774429321289e-01 -6.605024337768554688e-01
-5.933102965354919434e-01 -6.386738419532775879e-01
-4.564186930656433105e-01 -5.808467864990234375e-01
-3.301156163215637207e-01 -5.148190855979919434e-01
-1.297004073858261108e-01 -4.985201358795166016e-01
8.617262355983257294e-03 -5.378136634826660156e-01
1.888894736766815186e-01 -5.646558403968811035e-01
3.801497817039489746e-01 -5.627461671829223633e-01
5.201897621154785156e-01 -4.355095922946929932e-01
-2.377703487873077393e-01 -3.425486385822296143e-01
-2.597401440143585205e-01 -1.929975748062133789e-01
-2.839564085006713867e-01 -7.490444183349609375e-02
-3.023027479648590088e-01 4.396791756153106689e-02
-3.717890083789825439e-01 7.469332963228225708e-02
-3.150364756584167480e-01 1.146685853600502014e-01
-2.537530362606048584e-01 1.432333141565322876e-01
-1.812848746776580811e-01 1.266167014837265015e-01
-1.051587015390396118e-01 1.000363379716873169e-01
-6.470614671707153320e-01 -3.852532804012298584e-01
-5.845332145690917969e-01 -3.675442337989807129e-01
-4.958487153053283691e-01 -3.591909408569335938e-01
-3.942156434059143066e-01 -3.374752700328826904e-01
-4.852427244186401367e-01 -3.203572928905487061e-01
-5.797104835510253906e-01 -3.258464038372039795e-01
-1.409090706147253513e-03 -2.970718443393707275e-01
8.286297321319580078e-02 -2.971256971359252930e-01
1.745617240667343140e-01 -2.890996634960174561e-01
2.998884916305541992e-01 -2.931942939758300781e-01
1.801633536815643311e-01 -2.518166601657867432e-01
8.016330748796463013e-02 -2.649475336074829102e-01
-4.404415488243103027e-01 2.420306652784347534e-01
-4.045324623584747314e-01 2.384806126356124878e-01
-3.139186203479766846e-01 2.520438432693481445e-01
-2.485848218202590942e-01 2.684277296066284180e-01
-1.772092133760452271e-01 2.637772262096405029e-01
-4.974840581417083740e-02 2.696205377578735352e-01
6.125662848353385925e-02 2.839075624942779541e-01
-3.473855182528495789e-02 3.583197891712188721e-01
-1.589506268501281738e-01 3.928213119506835938e-01
-2.342637032270431519e-01 3.947860598564147949e-01
-3.058708310127258301e-01 3.794029355049133301e-01
-3.944225013256072998e-01 3.278323411941528320e-01
-4.343643784523010254e-01 2.420433610677719116e-01
-2.942217290401458740e-01 2.854193747043609619e-01
-2.275703549385070801e-01 2.919700741767883301e-01
-1.591800600290298462e-01 2.970165014266967773e-01
5.917412415146827698e-02 2.833573520183563232e-01
-1.490001827478408813e-01 3.095650672912597656e-01
-2.241390496492385864e-01 3.070766329765319824e-01
-2.953898608684539795e-01 2.975443601608276367e-01
