-7.061348557472229004e-01 -6.083360910415649414e-01 9.526359289884567261e-02 0.000000000000000000e+00
-6.745711565017700195e-01 -4.134133458137512207e-01 1.679029464721679688e-01 0.000000000000000000e+00
-6.333575844764709473e-01 -1.922857761383056641e-01 2.357526272535324097e-01 0.000000000000000000e+00
-6.008844971656799316e-01 2.112866379320621490e-02 2.106409370899200439e-01 0.000000000000000000e+00
-5.747163295745849609e-01 2.331269979476928711e-01 1.053010895848274231e-01 0.000000000000000000e+00
-5.415512919425964355e-01 4.210143983364105225e-01 -7.665611058473587036e-02 0.000000000000000000e+00
-4.437679350376129150e-01 5.557752847671508789e-01 -2.342125922441482544e-01 0.000000000000000000e+00
-3.313226401805877686e-01 6.679205298423767090e-01 -4.284168481826782227e-01 1.000000000000000000e+00
-1.620921939611434937e-01 7.206193208694458008e-01 -4.922735393047332764e-01 1.000000000000000000e+00
-1.759650069288909435e-03 6.939867734909057617e-01 -5.238516926765441895e-01 1.000000000000000000e+00
2.095732986927032471e-01 6.109301447868347168e-01 -4.303132295608520508e-01 1.000000000000000000e+00
3.884668052196502686e-01 4.980394244194030762e-01 -3.625151515007019043e-01 1.000000000000000000e+00
5.406723022460937500e-01 3.284735679626464844e-01 -2.412477433681488037e-01 1.000000000000000000e+00
6.533366441726684570e-01 1.324908733367919922e-01 -1.819248348474502563e-01 1.000000000000000000e+00
7.276301383972167969e-01 -6.254731863737106323e-02 -1.958722919225692749e-01 1.000000000000000000e+00
7.585418820381164551e-01 -2.747635245323181152e-01 -2.938416898250579834e-01 1.000000000000000000e+00
7.915696501731872559e-01 -4.652689993381500244e-01 -3.805189132690429688e-01 1.000000000000000000e+00
-7.398255467414855957e-01 -5.490798950195312500e-01 -4.265702068805694580e-01 1.000000000000000000e+00
-6.996427774429321289e-01 -6.605024337768554688e-01 -6.609585285186767578e-01 1.000000000000000000e+00
-5.933102965354919434e-01 -6.386738419532775879e-01 -8.450116515159606934e-01 1.000000000000000000e+00
-4.564186930656433105e-01 -5.808467864990234375e-01 -9.509830474853515625e-01 1.000000000000000000e+00
-3.301156163215637207e-01 -5.148190855979919434e-01 -9.943599700927734375e-01 1.000000000000000000e+00
-1.297004073858261108e-01 -4.985201358795166016e-01 -1.058489322662353516e+00 1.000000000000000000e+00
8.617262355983257294e-03 -5.378136634826660156e-01 -1.098976850509643555e+00 1.000000000000000000e+00
1.888894736766815186e-01 -5.646558403968811035e-01 -1.091659665107727051e+00 1.000000000000000000e+00
3.801497817039489746e-01 -5.627461671829223633e-01 -9.958414435386657715e-01 1.000000000000000000e+00
5.201897621154785156e-01 -4.355095922946929932e-01 -8.188974857330322266e-01 1.000000000000000000e+00
-2.377703487873077393e-01 -3.425486385822296143e-01 -9.925177097320556641e-01 1.000000000000000000e+00
-2.597401440143585205e-01 -1.929975748062133789e-01 -1.026174545288085938e+00 1.000000000000000000e+00
-2.839564085006713867e-01 -7.490444183349609375e-02 -1.066090345382690430e+00 1.000000000000000000e+00
-3.023027479648590088e-01 4.396791756153106689e-02 -1.091083407402038574e+00 1.000000000000000000e+00
-3.717890083789825439e-01 7.469332963228225708e-02 -8.183584213256835938e-01 0.000000000000000000e+00
-3.150364756584167480e-01 1.146685853600502014e-01 -8.585361242294311523e-01 1.000000000000000000e+00
-2.537530362606048584e-01 1.432333141565322876e-01 -8.893709778785705566e-01 1.000000000000000000e+00
-1.812848746776580811e-01 1.266167014837265015e-01 -9.009891152381896973e-01 1.000000000000000000e+00
-1.051587015390396118e-01 1.000363379716873169e-01 -9.027016162872314453e-01 1.000000000000000000e+00
-6.470614671707153320e-01 -3.852532804012298584e-01 -6.289877891540527344e-01 1.000000000000000000e+00
-5.845332145690917969e-01 -3.675442337989807129e-01 -7.571275234222412109e-01 1.000000000000000000e+00
-4.958487153053283691e-01 -3.591909408569335938e-01 -7.884101271629333496e-01 1.000000000000000000e+00
-3.942156434059143066e-01 -3.374752700328826904e-01 -7.812277674674987793e-01 1.000000000000000000e+00
-4.852427244186401367e-01 -3.203572928905487061e-01 -7.628319859504699707e-01 1.000000000000000000e+00
-5.797104835510253906e-01 -3.258464038372039795e-01 -7.221556901931762695e-01 1.000000000000000000e+00
-1.409090706147253513e-03 -2.970718443393707275e-01 -9.101626873016357422e-01 1.000000000000000000e+00
8.286297321319580078e-02 -2.971256971359252930e-01 -9.736154079437255859e-01 1.000000000000000000e+00
1.745617240667343140e-01 -2.890996634960174561e-01 -9.976196289062500000e-01 1.000000000000000000e+00
2.998884916305541992e-01 -2.931942939758300781e-01 -9.302047491073608398e-01 1.000000000000000000e+00
1.801633536815643311e-01 -2.518166601657867432e-01 -9.655089974403381348e-01 1.000000000000000000e+00
8.016330748796463013e-02 -2.649475336074829102e-01 -9.452760815620422363e-01 1.000000000000000000e+00
-4.404415488243103027e-01 2.420306652784347534e-01 -5.919784903526306152e-01 1.000000000000000000e+00
-4.045324623584747314e-01 2.384806126356124878e-01 -7.212434411048889160e-01 1.000000000000000000e+00
-3.139186203479766846e-01 2.520438432693481445e-01 -8.178116083145141602e-01 1.000000000000000000e+00
-2.485848218202590942e-01 2.684277296066284180e-01 -8.443565368652343750e-01 1.000000000000000000e+00
-1.772092133760452271e-01 2.637772262096405029e-01 -8.608762621879577637e-01 1.000000000000000000e+00
-4.974840581417083740e-02 2.696205377578735352e-01 -8.314259648323059082e-01 1.000000000000000000e+00
6.125662848353385925e-02 2.839075624942779541e-01 -7.432745099067687988e-01 1.000000000000000000e+00
-3.473855182528495789e-02 3.583197891712188721e-01 -7.848047018051147461e-01 1.000000000000000000e+00
-1.589506268501281738e-01 3.928213119506835938e-01 -8.155708312988281250e-01 1.000000000000000000e+00
-2.342637032270431519e-01 3.947860598564147949e-01 -7.975063323974609375e-01 1.000000000000000000e+00
-3.058708310127258301e-01 3.794029355049133301e-01 -7.691030502319335938e-01 1.000000000000000000e+00
-3.944225013256072998e-01 3.278323411941528320e-01 -6.806896924972534180e-01 1.000000000000000000e+00
-4.343643784523010254e-01 2.420433610677719116e-01 -5.916142463684082031e-01 1.000000000000000000e+00
-2.942217290401458740e-01 2.854193747043609619e-01 -7.437558174133300781e-01 0.000000000000000000e+00
-2.275703549385070801e-01 2.919700741767883301e-01 -7.673733830451965332e-01 0.000000000000000000e+00
-1.591800600290298462e-01 2.970165014266967773e-01 -7.869038581848144531e-01 0.000000000000000000e+00
5.917412415146827698e-02 2.833573520183563232e-01 -7.432472705841064453e-01 1.000000000000000000e+00
-1.490001827478408813e-01 3.095650672912597656e-01 -8.024814724922180176e-01 1.000000000000000000e+00
-2.241390496492385864e-01 3.070766329765319824e-01 -7.915847897529602051e-01 1.000000000000000000e+00
-2.953898608684539795e-01 2.975443601608276367e-01 -7.579534649848937988e-01 1.000000000000000000e+00
