-6.904907822608947754e-01 -4.905290901660919189e-01
-7.326965928077697754e-01 -3.211173415184020996e-01
-7.413332462310791016e-01 -1.386507302522659302e-01
-7.286362051963806152e-01 2.111675590276718140e-02
-7.044723629951477051e-01 1.860387176275253296e-01
-6.520318388938903809e-01 3.546501696109771729e-01
-5.533692836761474609e-01 5.127902626991271973e-01
-4.118194282054901123e-01 6.605957746505737305e-01
-2.589889764785766602e-01 7.189309597015380859e-01
-6.667685508728027344e-02 7.117645740509033203e-01
1.468708217144012451e-01 6.570419073104858398e-01
3.263221383094787598e-01 5.576943159103393555e-01
4.810720384120941162e-01 4.174790680408477783e-01
6.036307811737060547e-01 2.424901574850082397e-01
6.859697103500366211e-01 5.868415907025337219e-02
7.392303943634033203e-01 -1.438250243663787842e-01
7.917370796203613281e-01 -3.392016291618347168e-01
-6.632752418518066406e-01 -5.885242223739624023e-01
-6.000366806983947754e-01 -7.260284423828125000e-01
-4.871521592140197754e-01 -7.261769175529479980e-01
-3.530740439891815186e-01 -6.756426692008972168e-01
-2.326936423778533936e-01 -6.060798764228820801e-01
-3.460783138871192932e-02 -5.778244733810424805e-01
1.069634258747100830e-01 -6.075882315635681152e-01
2.806945443153381348e-01 -6.091477274894714355e-01
4.566199481487274170e-01 -5.670467019081115723e-01
5.641894340515136719e-01 -4.052506685256958008e-01
-1.581232845783233643e-01 -4.325274229049682617e-01
-1.933005303144454956e-01 -2.950181961059570312e-01
-2.273847758769989014e-01 -1.856572479009628296e-01
-2.558120787143707275e-01 -7.429092377424240112e-02
-3.501990437507629395e-01 -2.047304296866059303e-03
-2.936559915542602539e-01 3.330658748745918274e-02
-2.330831885337829590e-01 6.254842877388000488e-02
-1.591161340475082397e-01 5.447174608707427979e-02
-8.216095715761184692e-02 4.108836501836776733e-02
-5.722011923789978027e-01 -4.799458682537078857e-01
-5.013504624366760254e-01 -5.067712068557739258e-01
-4.085677564144134521e-01 -4.874443709850311279e-01
-3.186296522617340088e-01 -4.259127080440521240e-01
-4.092944860458374023e-01 -4.103534817695617676e-01
-5.019022226333618164e-01 -4.205620884895324707e-01
6.195543706417083740e-02 -3.634487986564636230e-01
1.483569741249084473e-01 -4.014187157154083252e-01
2.476565986871719360e-01 -3.937238454818725586e-01
3.582824766635894775e-01 -3.354705274105072021e-01
2.347383350133895874e-01 -3.035514056682586670e-01
1.383978426456451416e-01 -3.219401836395263672e-01
-4.556967914104461670e-01 1.979649811983108521e-01
-4.049191176891326904e-01 1.772928684949874878e-01
-3.106695413589477539e-01 1.859386712312698364e-01
-2.460174709558486938e-01 2.033941745758056641e-01
-1.749381273984909058e-01 2.075077891349792480e-01
-5.080178380012512207e-02 2.344088256359100342e-01
5.781929939985275269e-02 2.770902514457702637e-01
-4.967699572443962097e-02 3.485265076160430908e-01
-1.772995740175247192e-01 3.698340952396392822e-01
-2.546913921833038330e-01 3.660895228385925293e-01
-3.260572850704193115e-01 3.471238315105438232e-01
-4.137034714221954346e-01 2.937732338905334473e-01
-4.507458508014678955e-01 2.006042003631591797e-01
-2.997602522373199463e-01 2.323871701955795288e-01
-2.330554574728012085e-01 2.418199330568313599e-01
-1.635072380304336548e-01 2.538900375366210938e-01
5.592776834964752197e-02 2.764996588230133057e-01
-1.610589623451232910e-01 2.978119552135467529e-01
-2.368312925100326538e-01 2.906734645366668701e-01
-3.073868453502655029e-01 2.759128212928771973e-01
