-6.681064963340759277e-01 -5.581057071685791016e-01 2.854934632778167725e-01 1.000000000000000000e+00
-6.628909707069396973e-01 -3.581475317478179932e-01 3.282217681407928467e-01 0.000000000000000000e+00
-6.511165499687194824e-01 -1.314358115196228027e-01 3.622109591960906982e-01 0.000000000000000000e+00
-6.410426497459411621e-01 7.163386791944503784e-02 3.082453608512878418e-01 0.000000000000000000e+00
-6.306203603744506836e-01 2.643725275993347168e-01 1.809478700160980225e-01 0.000000000000000000e+00
-6.048672795295715332e-01 4.286961555480957031e-01 -1.388893742114305496e-02 0.000000000000000000e+00
-5.140266418457031250e-01 5.622407793998718262e-01 -1.684240847826004028e-01 1.000000000000000000e+00
-3.998046517372131348e-01 6.678651571273803711e-01 -3.529308140277862549e-01 1.000000000000000000e+00
-2.315450012683868408e-01 7.286796569824218750e-01 -4.119924604892730713e-01 1.000000000000000000e+00
-6.690061092376708984e-02 7.129555940628051758e-01 -4.332129359245300293e-01 1.000000000000000000e+00
1.436571776866912842e-01 6.584640145301818848e-01 -3.339156508445739746e-01 1.000000000000000000e+00
3.219234943389892578e-01 5.628256797790527344e-01 -2.513241171836853027e-01 1.000000000000000000e+00
4.778204262256622314e-01 4.245358109474182129e-01 -1.065311059355735779e-01 1.000000000000000000e+00
6.006066799163818359e-01 2.529366016387939453e-01 -1.547504123300313950e-02 1.000000000000000000e+00
6.903240680694580078e-01 7.164620608091354370e-02 7.126388140022754669e-03 1.000000000000000000e+00
7.454100251197814941e-01 -1.438440829515457153e-01 -5.272170528769493103e-02 1.000000000000000000e+00
7.972685098648071289e-01 -3.355951607227325439e-01 -1.057478263974189758e-01 1.000000000000000000e+00
-6.632752418518066406e-01 -5.885242223739624023e-01 -2.221995294094085693e-01 1.000000000000000000e+00
-6.000366806983947754e-01 -7.260284423828125000e-01 -4.262948930263519287e-01 1.000000000000000000e+00
-4.871521592140197754e-01 -7.261769175529479980e-01 -6.006410717964172363e-01 1.000000000000000000e+00
-3.530740439891815186e-01 -6.756426692008972168e-01 -7.031257152557373047e-01 1.000000000000000000e+00
-2.326936423778533936e-01 -6.060798764228820801e-01 -7.472202181816101074e-01 1.000000000000000000e+00
-3.460783138871192932e-02 -5.778244733810424805e-01 -8.013669252395629883e-01 1.000000000000000000e+00
1.069634258747100830e-01 -6.075882315635681152e-01 -8.275513052940368652e-01 1.000000000000000000e+00
2.806945443153381348e-01 -6.091477274894714355e-01 -8.043361902236938477e-01 1.000000000000000000e+00
4.566199481487274170e-01 -5.670467019081115723e-01 -7.016400694847106934e-01 1.000000000000000000e+00
5.641894340515136719e-01 -4.052506685256958008e-01 -5.429982542991638184e-01 1.000000000000000000e+00
-1.581232845783233643e-01 -4.325274229049682617e-01 -7.694066762924194336e-01 1.000000000000000000e+00
-1.933005303144454956e-01 -2.950181961059570312e-01 -8.286491632461547852e-01 1.000000000000000000e+00
-2.273847758769989014e-01 -1.856572479009628296e-01 -8.890225291252136230e-01 1.000000000000000000e+00
-2.558120787143707275e-01 -7.429092377424240112e-02 -9.327830672264099121e-01 1.000000000000000000e+00
-3.501990437507629395e-01 -2.047304296866059303e-03 -6.757488846778869629e-01 1.000000000000000000e+00
-2.936559915542602539e-01 3.330658748745918274e-02 -7.176706194877624512e-01 1.000000000000000000e+00
-2.330831885337829590e-01 6.254842877388000488e-02 -7.492646574974060059e-01 1.000000000000000000e+00
-1.591161340475082397e-01 5.447174608707427979e-02 -7.537468671798706055e-01 1.000000000000000000e+00
-8.216095715761184692e-02 4.108836501836776733e-02 -7.474725842475891113e-01 1.000000000000000000e+00
-5.722011923789978027e-01 -4.799458682537078857e-01 -4.255369305610656738e-01 1.000000000000000000e+00
-5.013504624366760254e-01 -5.067712068557739258e-01 -5.501416325569152832e-01 1.000000000000000000e+00
-4.085677564144134521e-01 -4.874443709850311279e-01 -5.803601741790771484e-01 1.000000000000000000e+00
-3.186296522617340088e-01 -4.259127080440521240e-01 -5.671129226684570312e-01 1.000000000000000000e+00
-4.092944860458374023e-01 -4.103534817695617676e-01 -5.552088022232055664e-01 1.000000000000000000e+00
-5.019022226333618164e-01 -4.205620884895324707e-01 -5.205261707305908203e-01 1.000000000000000000e+00
6.195543706417083740e-02 -3.634487986564636230e-01 -6.727233529090881348e-01 1.000000000000000000e+00
1.483569741249084473e-01 -4.014187157154083252e-01 -7.332407236099243164e-01 1.000000000000000000e+00
2.476565986871719360e-01 -3.937238454818725586e-01 -7.528604269027709961e-01 1.000000000000000000e+00
3.582824766635894775e-01 -3.354705274105072021e-01 -6.743155717849731445e-01 1.000000000000000000e+00
2.347383350133895874e-01 -3.035514056682586670e-01 -7.183989286422729492e-01 1.000000000000000000e+00
1.383978426456451416e-01 -3.219401836395263672e-01 -7.037523984909057617e-01 1.000000000000000000e+00
-4.556967914104461670e-01 1.979649811983108521e-01 -4.465676248073577881e-01 1.000000000000000000e+00
-4.049191176891326904e-01 1.772928684949874878e-01 -5.943647027015686035e-01 1.000000000000000000e+00
-3.106695413589477539e-01 1.859386712312698364e-01 -6.942003965377807617e-01 1.000000000000000000e+00
-2.460174709558486938e-01 2.033941745758056641e-01 -7.199968695640563965e-01 1.000000000000000000e+00
-1.749381273984909058e-01 2.075077891349792480e-01 -7.308444380760192871e-01 1.000000000000000000e+00
-5.080178380012512207e-02 2.344088256359100342e-01 -6.889469027519226074e-01 1.000000000000000000e+00
5.781929939985275269e-02 2.770902514457702637e-01 -5.799208879470825195e-01 1.000000000000000000e+00
-4.967699572443962097e-02 3.485265076160430908e-01 -6.333166360855102539e-01 1.000000000000000000e+00
-1.772995740175247192e-01 3.698340952396392822e-01 -6.725451350212097168e-01 1.000000000000000000e+00
-2.546913921833038330e-01 3.660895228385925293e-01 -6.599389910697937012e-01 1.000000000000000000e+00
-3.260572850704193115e-01 3.471238315105438232e-01 -6.326491832733154297e-01 1.000000000000000000e+00
-4.137034714221954346e-01 2.937732338905334473e-01 -5.396308898925781250e-01 1.000000000000000000e+00
-4.507458508014678955e-01 2.006042003631591797e-01 -4.454457759857177734e-01 1.000000000000000000e+00
-2.997602522373199463e-01 2.323871701955795288e-01 -6.204984188079833984e-01 0.000000000000000000e+00
-2.330554574728012085e-01 2.418199330568313599e-01 -6.438814401626586914e-01 0.000000000000000000e+00
-1.635072380304336548e-01 2.538900375366210938e-01 -6.568273305892944336e-01 0.000000000000000000e+00
5.592776834964752197e-02 2.764996588230133057e-01 -5.802635550498962402e-01 1.000000000000000000e+00
-1.610589623451232910e-01 2.978119552135467529e-01 -6.442970633506774902e-01 1.000000000000000000e+00
-2.368312925100326538e-01 2.906734645366668701e-01 -6.373227238655090332e-01 1.000000000000000000e+00
-3.073868453502655029e-01 2.759128212928771973e-01 -6.053069829940795898e-01 1.000000000000000000e+00
