-7.078988552093505859e-01 -3.490169346332550049e-01
-7.105565071105957031e-01 -1.871275305747985840e-01
-6.757948398590087891e-01 -1.502542570233345032e-02
-6.181516647338867188e-01 1.443926393985748291e-01
-5.526936650276184082e-01 2.946420013904571533e-01
-4.613701403141021729e-01 4.507556259632110596e-01
-3.493010401725769043e-01 6.055630445480346680e-01
-1.880723088979721069e-01 7.456098794937133789e-01
-3.090530075132846832e-02 7.817808985710144043e-01
1.514080017805099487e-01 7.218579649925231934e-01
3.343257606029510498e-01 6.045606136322021484e-01
4.697249531745910645e-01 4.461044669151306152e-01
5.922164320945739746e-01 2.742651998996734619e-01
6.728537082672119141e-01 8.706785738468170166e-02
7.192772626876831055e-01 -1.003916487097740173e-01
7.231004238128662109e-01 -3.194878995418548584e-01
7.293899059295654297e-01 -5.136034488677978516e-01
-7.091934084892272949e-01 -4.513853490352630615e-01
-6.972700953483581543e-01 -6.015885472297668457e-01
-6.011644005775451660e-01 -6.409909129142761230e-01
-4.716233015060424805e-01 -6.321626305580139160e-01
-3.464070856571197510e-01 -5.967233180999755859e-01
-1.648058146238327026e-01 -6.194291114807128906e-01
-4.067294299602508545e-02 -6.805578470230102539e-01
1.228910833597183228e-01 -7.156357169151306152e-01
3.099562227725982666e-01 -7.080593705177307129e-01
4.563266038894653320e-01 -5.755244493484497070e-01
-2.463349997997283936e-01 -4.591839015483856201e-01
-2.541591227054595947e-01 -3.348816931247711182e-01
-2.668810486793518066e-01 -2.298552691936492920e-01
-2.720542550086975098e-01 -1.247581541538238525e-01
-3.250312209129333496e-01 -2.640997804701328278e-02
-2.673198580741882324e-01 -5.769934505224227905e-03
-2.069887965917587280e-01 2.605415880680084229e-03
-1.403445601463317871e-01 -1.858077198266983032e-02
-7.100685685873031616e-02 -5.136876925826072693e-02
-6.235470175743103027e-01 -3.839005231857299805e-01
-5.694135427474975586e-01 -4.280272424221038818e-01
-4.827112257480621338e-01 -4.332093894481658936e-01
-3.847564160823822021e-01 -4.013049006462097168e-01
-4.689725041389465332e-01 -3.680860400199890137e-01
-5.511999726295471191e-01 -3.543414175510406494e-01
-1.849381625652313232e-02 -4.366762638092041016e-01
5.272255837917327881e-02 -4.886823892593383789e-01
1.436806619167327881e-01 -5.034011602401733398e-01
2.662349343299865723e-01 -4.739477634429931641e-01
1.506137847900390625e-01 -4.227741956710815430e-01
6.226269155740737915e-02 -4.184361100196838379e-01
-3.369312286376953125e-01 2.781450748443603516e-01
-3.300966918468475342e-01 1.754684299230575562e-01
-2.527276575565338135e-01 1.362115889787673950e-01
-1.905257403850555420e-01 1.328012347221374512e-01
-1.229103505611419678e-01 1.237257346510887146e-01
9.130598977208137512e-03 1.451894342899322510e-01
1.365993916988372803e-01 2.398861795663833618e-01
6.929837167263031006e-02 3.781902790069580078e-01
-4.059992358088493347e-02 4.372097551822662354e-01
-1.150884702801704407e-01 4.543020427227020264e-01
-1.886426061391830444e-01 4.473042488098144531e-01
-2.800559103488922119e-01 4.032774567604064941e-01
-3.287105858325958252e-01 2.814924716949462891e-01
-2.176216691732406616e-01 1.822644621133804321e-01
-1.600234061479568481e-01 1.709575951099395752e-01
-9.619709849357604980e-02 1.713272035121917725e-01
1.343827247619628906e-01 2.388619035482406616e-01
-3.898128494620323181e-02 3.675104081630706787e-01
-1.062529161572456360e-01 3.769028186798095703e-01
-1.729806512594223022e-01 3.760468661785125732e-01
