-6.712708473205566406e-01 -3.756561577320098877e-01 4.832999706268310547e-01 0.000000000000000000e+00
-6.162374615669250488e-01 -1.897604316473007202e-01 5.053507685661315918e-01 0.000000000000000000e+00
-5.526674389839172363e-01 1.955346390604972839e-02 5.167511105537414551e-01 0.000000000000000000e+00
-5.048972368240356445e-01 2.001536637544631958e-01 4.522850215435028076e-01 0.000000000000000000e+00
-4.623849093914031982e-01 3.727678954601287842e-01 3.278256058692932129e-01 0.000000000000000000e+00
-4.103674888610839844e-01 5.221354365348815918e-01 1.484542787075042725e-01 0.000000000000000000e+00
-3.067205846309661865e-01 6.546283960342407227e-01 1.741788350045681000e-02 1.000000000000000000e+00
-1.760549098253250122e-01 7.472537755966186523e-01 -1.348065435886383057e-01 1.000000000000000000e+00
-1.199601567350327969e-03 7.807915806770324707e-01 -1.928809285163879395e-01 1.000000000000000000e+00
1.514080017805099487e-01 7.218579649925231934e-01 -2.285909205675125122e-01 1.000000000000000000e+00
3.343257606029510498e-01 6.045606136322021484e-01 -1.780462712049484253e-01 1.000000000000000000e+00
4.697249531745910645e-01 4.461044669151306152e-01 -1.305061131715774536e-01 1.000000000000000000e+00
5.922164320945739746e-01 2.742651998996734619e-01 -1.854219846427440643e-02 1.000000000000000000e+00
6.728537082672119141e-01 8.706785738468170166e-02 5.793333798646926880e-02 1.000000000000000000e+00
7.192772626876831055e-01 -1.003916487097740173e-01 8.138418197631835938e-02 1.000000000000000000e+00
7.231004238128662109e-01 -3.194878995418548584e-01 3.488009795546531677e-02 1.000000000000000000e+00
7.293899059295654297e-01 -5.136034488677978516e-01 -4.634859971702098846e-03 1.000000000000000000e+00
-7.091934084892272949e-01 -4.513853490352630615e-01 2.693356014788150787e-03 1.000000000000000000e+00
-6.972700953483581543e-01 -6.015885472297668457e-01 -1.807823479175567627e-01 1.000000000000000000e+00
-6.011644005775451660e-01 -6.409909129142761230e-01 -3.536940217018127441e-01 1.000000000000000000e+00
-4.716233015060424805e-01 -6.321626305580139160e-01 -4.607250690460205078e-01 1.000000000000000000e+00
-3.464070856571197510e-01 -5.967233180999755859e-01 -5.167565345764160156e-01 1.000000000000000000e+00
-1.648058146238327026e-01 -6.194291114807128906e-01 -5.805292725563049316e-01 1.000000000000000000e+00
-4.067294299602508545e-02 -6.805578470230102539e-01 -6.123847365379333496e-01 1.000000000000000000e+00
1.228910833597183228e-01 -7.156357169151306152e-01 -6.053528785705566406e-01 1.000000000000000000e+00
3.099562227725982666e-01 -7.080593705177307129e-01 -5.242432355880737305e-01 1.000000000000000000e+00
4.563266038894653320e-01 -5.755244493484497070e-01 -3.949356377124786377e-01 1.000000000000000000e+00
-2.463349997997283936e-01 -4.591839015483856201e-01 -5.602103471755981445e-01 1.000000000000000000e+00
-2.541591227054595947e-01 -3.348816931247711182e-01 -6.229122877120971680e-01 1.000000000000000000e+00
-2.668810486793518066e-01 -2.298552691936492920e-01 -6.872903108596801758e-01 1.000000000000000000e+00
-2.720542550086975098e-01 -1.247581541538238525e-01 -7.337251305580139160e-01 1.000000000000000000e+00
-3.250312209129333496e-01 -2.640997804701328278e-02 -4.937582314014434814e-01 1.000000000000000000e+00
-2.673198580741882324e-01 -5.769934505224227905e-03 -5.395268201828002930e-01 1.000000000000000000e+00
-2.069887965917587280e-01 2.605415880680084229e-03 -5.751178860664367676e-01 1.000000000000000000e+00
-1.403445601463317871e-01 -1.858077198266983032e-02 -5.834577083587646484e-01 1.000000000000000000e+00
-7.100685685873031616e-02 -5.136876925826072693e-02 -5.823635458946228027e-01 1.000000000000000000e+00
-6.235470175743103027e-01 -3.839005231857299805e-01 -2.107440531253814697e-01 1.000000000000000000e+00
-5.694135427474975586e-01 -4.280272424221038818e-01 -3.305512070655822754e-01 1.000000000000000000e+00
-4.827112257480621338e-01 -4.332093894481658936e-01 -3.654909133911132812e-01 1.000000000000000000e+00
-3.847564160823822021e-01 -4.013049006462097168e-01 -3.665542006492614746e-01 1.000000000000000000e+00
-4.689725041389465332e-01 -3.680860400199890137e-01 -3.517997860908508301e-01 1.000000000000000000e+00
-5.511999726295471191e-01 -3.543414175510406494e-01 -3.135026395320892334e-01 1.000000000000000000e+00
-1.849381625652313232e-02 -4.366762638092041016e-01 -4.970929324626922607e-01 1.000000000000000000e+00
5.272255837917327881e-02 -4.886823892593383789e-01 -5.546577572822570801e-01 1.000000000000000000e+00
1.436806619167327881e-01 -5.034011602401733398e-01 -5.808472633361816406e-01 1.000000000000000000e+00
2.662349343299865723e-01 -4.739477634429931641e-01 -5.224063396453857422e-01 1.000000000000000000e+00
1.506137847900390625e-01 -4.227741956710815430e-01 -5.602408647537231445e-01 1.000000000000000000e+00
6.226269155740737915e-02 -4.184361100196838379e-01 -5.382564663887023926e-01 1.000000000000000000e+00
-3.369312286376953125e-01 2.781450748443603516e-01 -2.740502059459686279e-01 1.000000000000000000e+00
-3.300966918468475342e-01 1.754684299230575562e-01 -4.307066202163696289e-01 1.000000000000000000e+00
-2.527276575565338135e-01 1.362115889787673950e-01 -5.398731231689453125e-01 1.000000000000000000e+00
-1.905257403850555420e-01 1.328012347221374512e-01 -5.704655051231384277e-01 1.000000000000000000e+00
-1.229103505611419678e-01 1.237257346510887146e-01 -5.844047069549560547e-01 1.000000000000000000e+00
9.130598977208137512e-03 1.451894342899322510e-01 -5.459147095680236816e-01 1.000000000000000000e+00
1.365993916988372803e-01 2.398861795663833618e-01 -4.258674681186676025e-01 1.000000000000000000e+00
6.929837167263031006e-02 3.781902790069580078e-01 -4.551118314266204834e-01 1.000000000000000000e+00
-4.059992358088493347e-02 4.372097551822662354e-01 -4.809942245483398438e-01 1.000000000000000000e+00
-1.150884702801704407e-01 4.543020427227020264e-01 -4.651758372783660889e-01 1.000000000000000000e+00
-1.886426061391830444e-01 4.473042488098144531e-01 -4.365343749523162842e-01 1.000000000000000000e+00
-2.800559103488922119e-01 4.032774567604064941e-01 -3.520777523517608643e-01 1.000000000000000000e+00
-3.287105858325958252e-01 2.814924716949462891e-01 -2.686320543289184570e-01 1.000000000000000000e+00
-2.176216691732406616e-01 1.822644621133804321e-01 -4.623278081417083740e-01 1.000000000000000000e+00
-1.600234061479568481e-01 1.709575951099395752e-01 -4.897537827491760254e-01 1.000000000000000000e+00
-9.619709849357604980e-02 1.713272035121917725e-01 -5.038882493972778320e-01 1.000000000000000000e+00
1.343827247619628906e-01 2.388619035482406616e-01 -4.250963628292083740e-01 1.000000000000000000e+00
-3.898128494620323181e-02 3.675104081630706787e-01 -4.367812275886535645e-01 1.000000000000000000e+00
-1.062529161572456360e-01 3.769028186798095703e-01 -4.230680167675018311e-01 1.000000000000000000e+00
-1.729806512594223022e-01 3.760468661785125732e-01 -3.964327871799468994e-01 1.000000000000000000e+00
