-5.939282774925231934e-01 -5.535462498664855957e-01
-6.634079813957214355e-01 -3.853774368762969971e-01
-7.029793262481689453e-01 -2.109626978635787964e-01
-7.203509807586669922e-01 -6.167320534586906433e-02
-7.320001125335693359e-01 1.015098243951797485e-01
-7.151607871055603027e-01 2.720632255077362061e-01
-6.437690258026123047e-01 4.479052722454071045e-01
-5.263675451278686523e-01 6.180070042610168457e-01
-3.868494331836700439e-01 7.040920257568359375e-01
-2.048820108175277710e-01 7.270234227180480957e-01
1.012155320495367050e-02 7.077121734619140625e-01
1.987300217151641846e-01 6.412870287895202637e-01
3.632282912731170654e-01 5.277336239814758301e-01
5.076415538787841797e-01 3.774902522563934326e-01
6.114356517791748047e-01 2.163732349872589111e-01
7.002622485160827637e-01 4.153776168823242188e-02
7.825065255165100098e-01 -1.298369169235229492e-01
-5.387492179870605469e-01 -6.261357069015502930e-01
-4.444612860679626465e-01 -7.299829721450805664e-01
-3.309572339057922363e-01 -6.965250968933105469e-01
-2.108520120382308960e-01 -6.145644187927246094e-01
-1.093107238411903381e-01 -5.234442353248596191e-01
7.249380648136138916e-02 -4.576201438903808594e-01
2.127138823270797729e-01 -4.587154388427734375e-01
3.771791458129882812e-01 -4.307444691658020020e-01
5.328581929206848145e-01 -3.659788966178894043e-01
6.005130410194396973e-01 -2.048978656530380249e-01
-7.141545414924621582e-02 -3.460016250610351562e-01
-1.280807703733444214e-01 -2.194506078958511353e-01
-1.782855987548828125e-01 -1.204027086496353149e-01
-2.241838574409484863e-01 -1.887340284883975983e-02
-3.355201780796051025e-01 1.461450103670358658e-02
-2.880620956420898438e-01 6.237444281578063965e-02
-2.355637252330780029e-01 1.036471277475357056e-01
-1.637943238019943237e-01 1.097650006413459778e-01
-8.856710046529769897e-02 1.100163385272026062e-01
-4.661393761634826660e-01 -4.878391921520233154e-01
-3.916598260402679443e-01 -4.842535853385925293e-01
-3.074516952037811279e-01 -4.482138752937316895e-01
-2.312305271625518799e-01 -3.808867633342742920e-01
-3.206537663936614990e-01 -3.855718076229095459e-01
-4.080477356910705566e-01 -4.143465459346771240e-01
1.179612576961517334e-01 -2.455942928791046143e-01
2.071330696344375610e-01 -2.529590725898742676e-01
2.982662320137023926e-01 -2.254746556282043457e-01
3.930863738059997559e-01 -1.637430489063262939e-01
2.730423808097839355e-01 -1.552295535802841187e-01
1.847543567419052124e-01 -1.917340010404586792e-01
-4.861239194869995117e-01 1.763833165168762207e-01
-4.265656769275665283e-01 1.706016063690185547e-01
-3.347107768058776855e-01 2.020526230335235596e-01
-2.754809558391571045e-01 2.328543812036514282e-01
-2.080332338809967041e-01 2.503613233566284180e-01
-9.732276201248168945e-02 2.956688404083251953e-01
-8.067073300480842590e-03 3.474096059799194336e-01
-1.229820549488067627e-01 4.005153477191925049e-01
-2.483814060688018799e-01 4.029333591461181641e-01
-3.220821321010589600e-01 3.858448863029479980e-01
-3.874701261520385742e-01 3.543394505977630615e-01
-4.630199372768402100e-01 2.821027934551239014e-01
-4.819272756576538086e-01 1.800428330898284912e-01
-3.353462517261505127e-01 2.434687167406082153e-01
-2.725260853767395020e-01 2.664711475372314453e-01
-2.086427509784698486e-01 2.917631864547729492e-01
-9.705552831292152405e-03 3.466199636459350586e-01
-2.210783660411834717e-01 3.345861732959747314e-01
-2.926703393459320068e-01 3.151384592056274414e-01
-3.582636117935180664e-01 2.875942885875701904e-01
