-5.661858916282653809e-01 -6.310294866561889648e-01 1.594918817281723022e-01 1.000000000000000000e+00
-6.025236248970031738e-01 -4.426275789737701416e-01 2.122203111648559570e-01 0.000000000000000000e+00
-6.364799737930297852e-01 -2.260671705007553101e-01 2.582829594612121582e-01 0.000000000000000000e+00
-6.651418805122375488e-01 -2.671375125646591187e-02 2.182602137327194214e-01 0.000000000000000000e+00
-6.866294145584106445e-01 1.678532510995864868e-01 1.045825779438018799e-01 0.000000000000000000e+00
-6.857797503471374512e-01 3.426097631454467773e-01 -7.573738694190979004e-02 0.000000000000000000e+00
-6.159144639968872070e-01 4.952676892280578613e-01 -2.184768766164779663e-01 1.000000000000000000e+00
-5.167203545570373535e-01 6.253517866134643555e-01 -3.899167478084564209e-01 1.000000000000000000e+00
-3.643069863319396973e-01 7.151325345039367676e-01 -4.398800432682037354e-01 1.000000000000000000e+00
-2.042870372533798218e-01 7.284505963325500488e-01 -4.561523199081420898e-01 1.000000000000000000e+00
3.555419854819774628e-03 7.104073762893676758e-01 -3.536550402641296387e-01 1.000000000000000000e+00
1.878552138805389404e-01 6.483091115951538086e-01 -2.673133313655853271e-01 1.000000000000000000e+00
3.559060096740722656e-01 5.381324887275695801e-01 -1.237979009747505188e-01 1.000000000000000000e+00
5.003861784934997559e-01 3.929035365581512451e-01 -3.655284270644187927e-02 1.000000000000000000e+00
6.159825921058654785e-01 2.347214668989181519e-01 -1.893401890993118286e-02 1.000000000000000000e+00
7.089644074440002441e-01 4.398453608155250549e-02 -8.393383771181106567e-02 1.000000000000000000e+00
7.938371300697326660e-01 -1.260997205972671509e-01 -1.412784159183502197e-01 1.000000000000000000e+00
-5.387492179870605469e-01 -6.261357069015502930e-01 -3.333421349525451660e-01 1.000000000000000000e+00
-4.444612860679626465e-01 -7.299829721450805664e-01 -5.346682071685791016e-01 1.000000000000000000e+00
-3.309572339057922363e-01 -6.965250968933105469e-01 -6.969726085662841797e-01 1.000000000000000000e+00
-2.108520120382308960e-01 -6.145644187927246094e-01 -7.869362235069274902e-01 1.000000000000000000e+00
-1.093107238411903381e-01 -5.234442353248596191e-01 -8.202758431434631348e-01 1.000000000000000000e+00
7.249380648136138916e-02 -4.576201438903808594e-01 -8.616471886634826660e-01 1.000000000000000000e+00
2.127138823270797729e-01 -4.587154388427734375e-01 -8.818258047103881836e-01 1.000000000000000000e+00
3.771791458129882812e-01 -4.307444691658020020e-01 -8.522898554801940918e-01 1.000000000000000000e+00
5.328581929206848145e-01 -3.659788966178894043e-01 -7.438724040985107422e-01 1.000000000000000000e+00
6.005130410194396973e-01 -2.048978656530380249e-01 -5.786241292953491211e-01 1.000000000000000000e+00
-7.141545414924621582e-02 -3.460016250610351562e-01 -8.281475901603698730e-01 1.000000000000000000e+00
-1.280807703733444214e-01 -2.194506078958511353e-01 -8.799653053283691406e-01 1.000000000000000000e+00
-1.782855987548828125e-01 -1.204027086496353149e-01 -9.358817934989929199e-01 1.000000000000000000e+00
-2.241838574409484863e-01 -1.887340284883975983e-02 -9.746451377868652344e-01 1.000000000000000000e+00
-3.355201780796051025e-01 1.461450103670358658e-02 -7.264248728752136230e-01 1.000000000000000000e+00
-2.880620956420898438e-01 6.237444281578063965e-02 -7.630444169044494629e-01 1.000000000000000000e+00
-2.355637252330780029e-01 1.036471277475357056e-01 -7.890266776084899902e-01 1.000000000000000000e+00
-1.637943238019943237e-01 1.097650006413459778e-01 -7.909089922904968262e-01 1.000000000000000000e+00
-8.856710046529769897e-02 1.100163385272026062e-01 -7.814714908599853516e-01 1.000000000000000000e+00
-4.661393761634826660e-01 -4.878391921520233154e-01 -5.230019092559814453e-01 1.000000000000000000e+00
-3.916598260402679443e-01 -4.842535853385925293e-01 -6.401953101158142090e-01 1.000000000000000000e+00
-3.074516952037811279e-01 -4.482138752937316895e-01 -6.632717847824096680e-01 1.000000000000000000e+00
-2.312305271625518799e-01 -3.808867633342742920e-01 -6.441385149955749512e-01 1.000000000000000000e+00
-3.206537663936614990e-01 -3.855718076229095459e-01 -6.371198296546936035e-01 1.000000000000000000e+00
-4.080477356910705566e-01 -4.143465459346771240e-01 -6.088333129882812500e-01 1.000000000000000000e+00
1.179612576961517334e-01 -2.455942928791046143e-01 -7.259432673454284668e-01 1.000000000000000000e+00
2.071330696344375610e-01 -2.529590725898742676e-01 -7.811376452445983887e-01 1.000000000000000000e+00
2.982662320137023926e-01 -2.254746556282043457e-01 -7.947301268577575684e-01 1.000000000000000000e+00
3.930863738059997559e-01 -1.637430489063262939e-01 -7.127578258514404297e-01 1.000000000000000000e+00
2.730423808097839355e-01 -1.552295535802841187e-01 -7.603886127471923828e-01 1.000000000000000000e+00
1.847543567419052124e-01 -1.917340010404586792e-01 -7.511733174324035645e-01 1.000000000000000000e+00
-4.861239194869995117e-01 1.763833165168762207e-01 -4.995084404945373535e-01 1.000000000000000000e+00
-4.265656769275665283e-01 1.706016063690185547e-01 -6.407167315483093262e-01 1.000000000000000000e+00
-3.347107768058776855e-01 2.020526230335235596e-01 -7.329959273338317871e-01 1.000000000000000000e+00
-2.754809558391571045e-01 2.328543812036514282e-01 -7.544972896575927734e-01 1.000000000000000000e+00
-2.080332338809967041e-01 2.503613233566284180e-01 -7.615591883659362793e-01 1.000000000000000000e+00
-9.732276201248168945e-02 2.956688404083251953e-01 -7.137176394462585449e-01 1.000000000000000000e+00
-8.067073300480842590e-03 3.474096059799194336e-01 -6.061460971832275391e-01 1.000000000000000000e+00
-1.229820549488067627e-01 4.005153477191925049e-01 -6.592361330986022949e-01 1.000000000000000000e+00
-2.483814060688018799e-01 4.029333591461181641e-01 -6.997539401054382324e-01 1.000000000000000000e+00
-3.220821321010589600e-01 3.858448863029479980e-01 -6.891519427299499512e-01 1.000000000000000000e+00
-3.874701261520385742e-01 3.543394505977630615e-01 -6.654096245765686035e-01 1.000000000000000000e+00
-4.630199372768402100e-01 2.821027934551239014e-01 -5.811691284179687500e-01 1.000000000000000000e+00
-4.819272756576538086e-01 1.800428330898284912e-01 -4.976773262023925781e-01 1.000000000000000000e+00
-3.353462517261505127e-01 2.434687167406082153e-01 -6.582261323928833008e-01 0.000000000000000000e+00
-2.725260853767395020e-01 2.664711475372314453e-01 -6.770979166030883789e-01 0.000000000000000000e+00
-2.086427509784698486e-01 2.917631864547729492e-01 -6.863434910774230957e-01 0.000000000000000000e+00
-9.705552831292152405e-03 3.466199636459350586e-01 -6.064062118530273438e-01 1.000000000000000000e+00
-2.210783660411834717e-01 3.345861732959747314e-01 -6.724903583526611328e-01 1.000000000000000000e+00
-2.926703393459320068e-01 3.151384592056274414e-01 -6.683748364448547363e-01 1.000000000000000000e+00
-3.582636117935180664e-01 2.875942885875701904e-01 -6.398816108703613281e-01 1.000000000000000000e+00
