-7.106577754020690918e-01 -1.587032228708267212e-01
-6.742327213287353516e-01 1.644132286310195923e-02
-5.934520363807678223e-01 1.772880703210830688e-01
-5.059740543365478516e-01 3.176330029964447021e-01
-4.213232994079589844e-01 4.548060894012451172e-01
-3.109428286552429199e-01 5.815346240997314453e-01
-1.751811653375625610e-01 6.772009730339050293e-01
-7.434471044689416885e-03 7.472872138023376465e-01
1.490512043237686157e-01 7.369504570960998535e-01
3.178306818008422852e-01 6.584079265594482422e-01
4.818003773689270020e-01 5.332032442092895508e-01
6.067326068878173828e-01 3.837497234344482422e-01
7.015014290809631348e-01 1.984029263257980347e-01
7.523615956306457520e-01 -4.942279774695634842e-03
7.608919143676757812e-01 -2.044020593166351318e-01
7.202785611152648926e-01 -4.196272194385528564e-01
6.900864243507385254e-01 -6.145108938217163086e-01
-7.380363941192626953e-01 -2.622357010841369629e-01
-7.515610456466674805e-01 -4.093745052814483643e-01
-6.615700125694274902e-01 -4.504517614841461182e-01
-5.267704725265502930e-01 -4.535170495510101318e-01
-3.964077830314636230e-01 -4.385063946247100830e-01
-2.098998129367828369e-01 -4.922233819961547852e-01
-9.733388572931289673e-02 -5.739866495132446289e-01
6.081066280603408813e-02 -6.491766571998596191e-01
2.424997389316558838e-01 -6.850438714027404785e-01
4.177925884723663330e-01 -5.817479491233825684e-01
-2.621706128120422363e-01 -3.120605647563934326e-01
-2.413164675235748291e-01 -1.755299568176269531e-01
-2.341831922531127930e-01 -7.239630073308944702e-02
-2.203761190176010132e-01 3.234870359301567078e-02
-2.445878833532333374e-01 1.458469778299331665e-01
-1.892982125282287598e-01 1.571089625358581543e-01
-1.329417228698730469e-01 1.646983027458190918e-01
-7.655862718820571899e-02 1.276707798242568970e-01
-1.835912838578224182e-02 8.620237559080123901e-02
-6.275646090507507324e-01 -1.694587022066116333e-01
-5.696035027503967285e-01 -1.843585968017578125e-01
-4.908408522605895996e-01 -2.091181129217147827e-01
-3.957813978195190430e-01 -2.267266958951950073e-01
-4.728819429874420166e-01 -1.824219971895217896e-01
-5.572400093078613281e-01 -1.526876986026763916e-01
-2.098770067095756531e-02 -3.256843090057373047e-01
5.385892093181610107e-02 -3.555897772312164307e-01
1.381237804889678955e-01 -3.759159743785858154e-01
2.543907165527343750e-01 -4.082361161708831787e-01
1.545750200748443604e-01 -3.439381420612335205e-01
6.057367473840713501e-02 -3.248083591461181641e-01
-2.156046777963638306e-01 4.085735380649566650e-01
-2.028920352458953857e-01 3.689846694469451904e-01
-1.384925544261932373e-01 3.344216942787170410e-01
-8.441755920648574829e-02 3.284378945827484131e-01
-2.845184691250324249e-02 3.042536675930023193e-01
8.293759822845458984e-02 2.898844778537750244e-01
1.973942071199417114e-01 2.893179655075073242e-01
1.489098072052001953e-01 3.588004708290100098e-01
5.756352096796035767e-02 4.162968397140502930e-01
-2.907968126237392426e-03 4.415361285209655762e-01
-6.728148460388183594e-02 4.514135122299194336e-01
-1.514872163534164429e-01 4.449714124202728271e-01
-2.090715765953063965e-01 4.063865244388580322e-01
-1.035257726907730103e-01 3.831560313701629639e-01
-4.999004304409027100e-02 3.706313371658325195e-01
6.334750447422266006e-03 3.530493080615997314e-01
1.950207948684692383e-01 2.898110747337341309e-01
3.858859837055206299e-02 3.389200568199157715e-01
-2.243987098336219788e-02 3.568078875541687012e-01
-8.320395648479461670e-02 3.748017549514770508e-01
