-6.927127838134765625e-01 -2.387422323226928711e-01 3.747158944606781006e-01 0.000000000000000000e+00
-6.016663908958435059e-01 -6.009152159094810486e-02 4.110983014106750488e-01 0.000000000000000000e+00
-4.984377324581146240e-01 1.408527642488479614e-01 4.374131262302398682e-01 0.000000000000000000e+00
-4.067861437797546387e-01 3.195775151252746582e-01 3.756091594696044922e-01 0.000000000000000000e+00
-3.245849907398223877e-01 4.899162054061889648e-01 2.386407405138015747e-01 0.000000000000000000e+00
-2.447892427444458008e-01 6.285174489021301270e-01 3.266415745019912720e-02 0.000000000000000000e+00
-1.225143522024154663e-01 7.056363224983215332e-01 -1.381563395261764526e-01 1.000000000000000000e+00
7.478850428014993668e-03 7.484469413757324219e-01 -3.331187069416046143e-01 1.000000000000000000e+00
1.799118518829345703e-01 7.348334789276123047e-01 -4.005766808986663818e-01 1.000000000000000000e+00
3.178306818008422852e-01 6.584079265594482422e-01 -4.308213591575622559e-01 1.000000000000000000e+00
4.818003773689270020e-01 5.332032442092895508e-01 -3.352348506450653076e-01 1.000000000000000000e+00
6.067326068878173828e-01 3.837497234344482422e-01 -2.535547018051147461e-01 1.000000000000000000e+00
7.015014290809631348e-01 1.984029263257980347e-01 -1.124444976449012756e-01 1.000000000000000000e+00
7.523615956306457520e-01 -4.942279774695634842e-03 -2.585573121905326843e-02 1.000000000000000000e+00
7.608919143676757812e-01 -2.044020593166351318e-01 -8.467334322631359100e-03 1.000000000000000000e+00
7.202785611152648926e-01 -4.196272194385528564e-01 -6.707321107387542725e-02 1.000000000000000000e+00
6.900864243507385254e-01 -6.145108938217163086e-01 -1.209754571318626404e-01 1.000000000000000000e+00
-7.380363941192626953e-01 -2.622357010841369629e-01 -1.281929612159729004e-01 1.000000000000000000e+00
-7.515610456466674805e-01 -4.093745052814483643e-01 -3.340395689010620117e-01 1.000000000000000000e+00
-6.615700125694274902e-01 -4.504517614841461182e-01 -5.135630965232849121e-01 1.000000000000000000e+00
-5.267704725265502930e-01 -4.535170495510101318e-01 -6.261531114578247070e-01 1.000000000000000000e+00
-3.964077830314636230e-01 -4.385063946247100830e-01 -6.806423664093017578e-01 1.000000000000000000e+00
-2.098998129367828369e-01 -4.922233819961547852e-01 -7.482944726943969727e-01 1.000000000000000000e+00
-9.733388572931289673e-02 -5.739866495132446289e-01 -7.799305319786071777e-01 1.000000000000000000e+00
6.081066280603408813e-02 -6.491766571998596191e-01 -7.712625861167907715e-01 1.000000000000000000e+00
2.424997389316558838e-01 -6.850438714027404785e-01 -6.843671798706054688e-01 1.000000000000000000e+00
4.177925884723663330e-01 -5.817479491233825684e-01 -5.368717312812805176e-01 1.000000000000000000e+00
-2.621706128120422363e-01 -3.120605647563934326e-01 -7.118353247642517090e-01 1.000000000000000000e+00
-2.413164675235748291e-01 -1.755299568176269531e-01 -7.656318545341491699e-01 1.000000000000000000e+00
-2.341831922531127930e-01 -7.239630073308944702e-02 -8.230569958686828613e-01 1.000000000000000000e+00
-2.203761190176010132e-01 3.234870359301567078e-02 -8.632916212081909180e-01 1.000000000000000000e+00
-2.445878833532333374e-01 1.458469778299331665e-01 -6.253809332847595215e-01 1.000000000000000000e+00
-1.892982125282287598e-01 1.571089625358581543e-01 -6.703727245330810547e-01 1.000000000000000000e+00
-1.329417228698730469e-01 1.646983027458190918e-01 -7.075178623199462891e-01 1.000000000000000000e+00
-7.655862718820571899e-02 1.276707798242568970e-01 -7.126375436782836914e-01 1.000000000000000000e+00
-1.835912838578224182e-02 8.620237559080123901e-02 -7.091276049613952637e-01 1.000000000000000000e+00
-6.275646090507507324e-01 -1.694587022066116333e-01 -3.496078550815582275e-01 1.000000000000000000e+00
-5.696035027503967285e-01 -1.843585968017578125e-01 -4.719076454639434814e-01 1.000000000000000000e+00
-4.908408522605895996e-01 -2.091181129217147827e-01 -5.037435889244079590e-01 1.000000000000000000e+00
-3.957813978195190430e-01 -2.267266958951950073e-01 -5.069662332534790039e-01 1.000000000000000000e+00
-4.728819429874420166e-01 -1.824219971895217896e-01 -4.904476404190063477e-01 1.000000000000000000e+00
-5.572400093078613281e-01 -1.526876986026763916e-01 -4.489401578903198242e-01 1.000000000000000000e+00
-2.098770067095756531e-02 -3.256843090057373047e-01 -6.448758840560913086e-01 1.000000000000000000e+00
5.385892093181610107e-02 -3.555897772312164307e-01 -7.028563618659973145e-01 1.000000000000000000e+00
1.381237804889678955e-01 -3.759159743785858154e-01 -7.275483608245849609e-01 1.000000000000000000e+00
2.543907165527343750e-01 -4.082361161708831787e-01 -6.681194901466369629e-01 1.000000000000000000e+00
1.545750200748443604e-01 -3.439381420612335205e-01 -7.054380774497985840e-01 1.000000000000000000e+00
6.057367473840713501e-02 -3.248083591461181641e-01 -6.830752491950988770e-01 1.000000000000000000e+00
-2.156046777963638306e-01 4.085735380649566650e-01 -4.928417205810546875e-01 1.000000000000000000e+00
-2.028920352458953857e-01 3.689846694469451904e-01 -5.987316370010375977e-01 1.000000000000000000e+00
-1.384925544261932373e-01 3.344216942787170410e-01 -6.805714368820190430e-01 1.000000000000000000e+00
-8.441755920648574829e-02 3.284378945827484131e-01 -7.070645093917846680e-01 1.000000000000000000e+00
-2.845184691250324249e-02 3.042536675930023193e-01 -7.199973464012145996e-01 1.000000000000000000e+00
8.293759822845458984e-02 2.898844778537750244e-01 -6.972457766532897949e-01 1.000000000000000000e+00
1.973942071199417114e-01 2.893179655075073242e-01 -6.286119818687438965e-01 1.000000000000000000e+00
1.489098072052001953e-01 3.588004708290100098e-01 -6.670379638671875000e-01 1.000000000000000000e+00
5.756352096796035767e-02 4.162968397140502930e-01 -6.941510438919067383e-01 1.000000000000000000e+00
-2.907968126237392426e-03 4.415361285209655762e-01 -6.774695515632629395e-01 1.000000000000000000e+00
-6.728148460388183594e-02 4.514135122299194336e-01 -6.509444713592529297e-01 1.000000000000000000e+00
-1.514872163534164429e-01 4.449714124202728271e-01 -5.748444199562072754e-01 1.000000000000000000e+00
-2.090715765953063965e-01 4.063865244388580322e-01 -4.922927021980285645e-01 1.000000000000000000e+00
-1.035257726907730103e-01 3.831560313701629639e-01 -6.214029788970947266e-01 0.000000000000000000e+00
-4.999004304409027100e-02 3.706313371658325195e-01 -6.461112499237060547e-01 1.000000000000000000e+00
6.334750447422266006e-03 3.530493080615997314e-01 -6.593170762062072754e-01 0.000000000000000000e+00
1.950207948684692383e-01 2.898110747337341309e-01 -6.281698942184448242e-01 1.000000000000000000e+00
3.858859837055206299e-02 3.389200568199157715e-01 -6.796959638595581055e-01 1.000000000000000000e+00
-2.243987098336219788e-02 3.568078875541687012e-01 -6.652150750160217285e-01 1.000000000000000000e+00
-8.320395648479461670e-02 3.748017549514770508e-01 -6.409115195274353027e-01 1.000000000000000000e+00
