-7.195804119110107422e-01 -1.686021685600280762e-01
-6.867324709892272949e-01 4.971416667103767395e-03
-6.095886230468750000e-01 1.651685386896133423e-01
-5.254272222518920898e-01 3.069448173046112061e-01
-4.442837238311767578e-01 4.460423290729522705e-01
-3.372721374034881592e-01 5.746175646781921387e-01
-2.032319754362106323e-01 6.717098951339721680e-01
-3.730813786387443542e-02 7.422354221343994141e-01
1.193628907203674316e-01 7.335694432258605957e-01
2.912728786468505859e-01 6.587095260620117188e-01
4.619588553905487061e-01 5.376296639442443848e-01
5.921885371208190918e-01 3.910270631313323975e-01
6.906972527503967285e-01 2.071332186460494995e-01
7.452898621559143066e-01 4.268059972673654556e-03
7.568286657333374023e-01 -1.954288035631179810e-01
7.183551192283630371e-01 -4.117641150951385498e-01
6.888232827186584473e-01 -6.071926355361938477e-01
-7.453730106353759766e-01 -2.717266976833343506e-01
-7.584420442581176758e-01 -4.186563491821289062e-01
-6.688346862792968750e-01 -4.591547548770904541e-01
-5.342005491256713867e-01 -4.605686962604522705e-01
-4.040973484516143799e-01 -4.442247152328491211e-01
-2.173592448234558105e-01 -4.959032237529754639e-01
-1.036583334207534790e-01 -5.765683650970458984e-01
5.572889372706413269e-02 -6.498397588729858398e-01
2.384556978940963745e-01 -6.829677820205688477e-01
4.134505093097686768e-01 -5.777749419212341309e-01
-2.724685668945312500e-01 -3.176400661468505859e-01
-2.541487216949462891e-01 -1.815738976001739502e-01
-2.490271925926208496e-01 -7.866236567497253418e-02
-2.369203716516494751e-01 2.625081315636634827e-02
-2.601298093795776367e-01 1.384063512086868286e-01
-2.054507434368133545e-01 1.515160501003265381e-01
-1.492576301097869873e-01 1.603637933731079102e-01
-9.258083999156951904e-02 1.234337911009788513e-01
-3.425751253962516785e-02 8.169896155595779419e-02
-6.374034881591796875e-01 -1.795345097780227661e-01
-5.799462199211120605e-01 -1.939249783754348755e-01
-5.008347034454345703e-01 -2.179212421178817749e-01
-4.052082896232604980e-01 -2.346715331077575684e-01
-4.830736517906188965e-01 -1.909153014421463013e-01
-5.678970813751220703e-01 -1.621826887130737305e-01
-3.016868233680725098e-02 -3.290795683860778809e-01
4.439410567283630371e-02 -3.589821159839630127e-01
1.291792392730712891e-01 -3.785643875598907471e-01
2.465521991252899170e-01 -4.085471630096435547e-01
1.455185264348983765e-01 -3.452401161193847656e-01
5.124253407120704651e-02 -3.269748985767364502e-01
-2.399169802665710449e-01 3.970551192760467529e-01
-2.228422611951828003e-01 3.620030581951141357e-01
-1.563060283660888672e-01 3.303333222866058350e-01
-1.010964736342430115e-01 3.250246047973632812e-01
-4.380293190479278564e-02 3.009855449199676514e-01
6.987571716308593750e-02 2.853069007396697998e-01
1.864967048168182373e-01 2.814826965332031250e-01
1.329122334718704224e-01 3.531011343002319336e-01
3.748045116662979126e-02 4.104993939399719238e-01
-2.485685236752033234e-02 4.344063401222229004e-01
-9.001164138317108154e-02 4.436527490615844727e-01
-1.759351789951324463e-01 4.355600178241729736e-01
-2.334254980087280273e-01 3.952459096908569336e-01
-1.217190027236938477e-01 3.786356747150421143e-01
-6.642094999551773071e-02 3.662483096122741699e-01
-8.424941450357437134e-03 3.491770029067993164e-01
1.841460019350051880e-01 2.820367813110351562e-01
2.132028155028820038e-02 3.332104384899139404e-01
-4.198566824197769165e-02 3.506108522415161133e-01
-1.043935716152191162e-01 3.675549328327178955e-01
