-6.973006725311279297e-01 -2.475248873233795166e-01 3.840962052345275879e-01 0.000000000000000000e+00
-6.089234352111816406e-01 -6.740389764308929443e-02 4.203523397445678711e-01 0.000000000000000000e+00
-5.081986784934997559e-01 1.348295509815216064e-01 4.461331665515899658e-01 0.000000000000000000e+00
-4.207262694835662842e-01 3.146845102310180664e-01 3.834468424320220947e-01 0.000000000000000000e+00
-3.428764343261718750e-01 4.856866002082824707e-01 2.444420903921127319e-01 0.000000000000000000e+00
-2.687502503395080566e-01 6.244061589241027832e-01 3.584816306829452515e-02 0.000000000000000000e+00
-1.497938483953475952e-01 7.010776996612548828e-01 -1.382372826337814331e-01 1.000000000000000000e+00
-2.181380242109298706e-02 7.436961531639099121e-01 -3.366425335407257080e-01 1.000000000000000000e+00
1.506820321083068848e-01 7.321212291717529297e-01 -4.055317342281341553e-01 1.000000000000000000e+00
2.912728786468505859e-01 6.587095260620117188e-01 -4.359633624553680420e-01 1.000000000000000000e+00
4.619588553905487061e-01 5.376296639442443848e-01 -3.399115502834320068e-01 1.000000000000000000e+00
5.921885371208190918e-01 3.910270631313323975e-01 -2.571397721767425537e-01 1.000000000000000000e+00
6.906972527503967285e-01 2.071332186460494995e-01 -1.142991334199905396e-01 1.000000000000000000e+00
7.452898621559143066e-01 4.268059972673654556e-03 -2.642602473497390747e-02 1.000000000000000000e+00
7.568286657333374023e-01 -1.954288035631179810e-01 -7.976221852004528046e-03 1.000000000000000000e+00
7.183551192283630371e-01 -4.117641150951385498e-01 -6.653415411710739136e-02 1.000000000000000000e+00
6.888232827186584473e-01 -6.071926355361938477e-01 -1.198551654815673828e-01 1.000000000000000000e+00
-7.453730106353759766e-01 -2.717266976833343506e-01 -1.197488158941268921e-01 1.000000000000000000e+00
-7.584420442581176758e-01 -4.186563491821289062e-01 -3.257880508899688721e-01 1.000000000000000000e+00
-6.688346862792968750e-01 -4.591547548770904541e-01 -5.059189200401306152e-01 1.000000000000000000e+00
-5.342005491256713867e-01 -4.605686962604522705e-01 -6.194242835044860840e-01 1.000000000000000000e+00
-4.040973484516143799e-01 -4.442247152328491211e-01 -6.750257015228271484e-01 1.000000000000000000e+00
-2.173592448234558105e-01 -4.959032237529754639e-01 -7.439045310020446777e-01 1.000000000000000000e+00
-1.036583334207534790e-01 -5.765683650970458984e-01 -7.760653495788574219e-01 1.000000000000000000e+00
5.572889372706413269e-02 -6.498397588729858398e-01 -7.685041427612304688e-01 1.000000000000000000e+00
2.384556978940963745e-01 -6.829677820205688477e-01 -6.827953457832336426e-01 1.000000000000000000e+00
4.134505093097686768e-01 -5.777749419212341309e-01 -5.361154675483703613e-01 1.000000000000000000e+00
-2.724685668945312500e-01 -3.176400661468505859e-01 -7.083231806755065918e-01 1.000000000000000000e+00
-2.541487216949462891e-01 -1.815738976001739502e-01 -7.629930377006530762e-01 1.000000000000000000e+00
-2.490271925926208496e-01 -7.866236567497253418e-02 -8.210982680320739746e-01 1.000000000000000000e+00
-2.369203716516494751e-01 2.625081315636634827e-02 -8.620234131813049316e-01 1.000000000000000000e+00
-2.601298093795776367e-01 1.384063512086868286e-01 -6.210831999778747559e-01 1.000000000000000000e+00
-2.054507434368133545e-01 1.515160501003265381e-01 -6.670038700103759766e-01 1.000000000000000000e+00
-1.492576301097869873e-01 1.603637933731079102e-01 -7.043695449829101562e-01 1.000000000000000000e+00
-9.258083999156951904e-02 1.234337911009788513e-01 -7.101305723190307617e-01 1.000000000000000000e+00
-3.425751253962516785e-02 8.169896155595779419e-02 -7.060943245887756348e-01 1.000000000000000000e+00
-6.374034881591796875e-01 -1.795345097780227661e-01 -3.415148556232452393e-01 1.000000000000000000e+00
-5.799462199211120605e-01 -1.939249783754348755e-01 -4.642733037471771240e-01 1.000000000000000000e+00
-5.008347034454345703e-01 -2.179212421178817749e-01 -4.964919388294219971e-01 1.000000000000000000e+00
-4.052082896232604980e-01 -2.346715331077575684e-01 -5.001688003540039062e-01 1.000000000000000000e+00
-4.830736517906188965e-01 -1.909153014421463013e-01 -4.833478629589080811e-01 1.000000000000000000e+00
-5.678970813751220703e-01 -1.621826887130737305e-01 -4.413667023181915283e-01 1.000000000000000000e+00
-3.016868233680725098e-02 -3.290795683860778809e-01 -6.404241323471069336e-01 1.000000000000000000e+00
4.439410567283630371e-02 -3.589821159839630127e-01 -6.993955373764038086e-01 1.000000000000000000e+00
1.291792392730712891e-01 -3.785643875598907471e-01 -7.248564958572387695e-01 1.000000000000000000e+00
2.465521991252899170e-01 -4.085471630096435547e-01 -6.658081412315368652e-01 1.000000000000000000e+00
1.455185264348983765e-01 -3.452401161193847656e-01 -7.023078799247741699e-01 1.000000000000000000e+00
5.124253407120704651e-02 -3.269748985767364502e-01 -6.791902184486389160e-01 1.000000000000000000e+00
-2.399169802665710449e-01 3.970551192760467529e-01 -4.796452224254608154e-01 1.000000000000000000e+00
-2.228422611951828003e-01 3.620030581951141357e-01 -5.883536338806152344e-01 1.000000000000000000e+00
-1.563060283660888672e-01 3.303333222866058350e-01 -6.731016635894775391e-01 1.000000000000000000e+00
-1.010964736342430115e-01 3.250246047973632812e-01 -7.005201578140258789e-01 1.000000000000000000e+00
-4.380293190479278564e-02 3.009855449199676514e-01 -7.144274115562438965e-01 1.000000000000000000e+00
6.987571716308593750e-02 2.853069007396697998e-01 -6.911482214927673340e-01 1.000000000000000000e+00
1.864967048168182373e-01 2.814826965332031250e-01 -6.212965846061706543e-01 1.000000000000000000e+00
1.329122334718704224e-01 3.531011343002319336e-01 -6.610248088836669922e-01 1.000000000000000000e+00
3.748045116662979126e-02 4.104993939399719238e-01 -6.888216733932495117e-01 1.000000000000000000e+00
-2.485685236752033234e-02 4.344063401222229004e-01 -6.720558404922485352e-01 1.000000000000000000e+00
-9.001164138317108154e-02 4.436527490615844727e-01 -6.445409059524536133e-01 1.000000000000000000e+00
-1.759351789951324463e-01 4.355600178241729736e-01 -5.652794837951660156e-01 1.000000000000000000e+00
-2.334254980087280273e-01 3.952459096908569336e-01 -4.794495999813079834e-01 1.000000000000000000e+00
-1.217190027236938477e-01 3.786356747150421143e-01 -6.123178601264953613e-01 0.000000000000000000e+00
-6.642094999551773071e-02 3.662483096122741699e-01 -6.378567218780517578e-01 1.000000000000000000e+00
-8.424941450357437134e-03 3.491770029067993164e-01 -6.522843241691589355e-01 0.000000000000000000e+00
1.841460019350051880e-01 2.820367813110351562e-01 -6.209794878959655762e-01 1.000000000000000000e+00
2.132028155028820038e-02 3.332104384899139404e-01 -6.731942296028137207e-01 1.000000000000000000e+00
-4.198566824197769165e-02 3.506108522415161133e-01 -6.594150066375732422e-01 1.000000000000000000e+00
-1.043935716152191162e-01 3.675549328327178955e-01 -6.328381896018981934e-01 1.000000000000000000e+00
