-5.589294433593750000e-01 -5.908274054527282715e-01
-6.366376876831054688e-01 -4.072957336902618408e-01
-6.853151917457580566e-01 -2.322106808423995972e-01
-7.200633287429809570e-01 -9.055788815021514893e-02
-7.460665106773376465e-01 7.386590540409088135e-02
-7.388423681259155273e-01 2.466299980878829956e-01
-6.813369393348693848e-01 4.307941198348999023e-01
-5.761951804161071777e-01 6.132914423942565918e-01
-4.418325722217559814e-01 7.166225314140319824e-01
-2.625508308410644531e-01 7.547715306282043457e-01
-3.921859711408615112e-02 7.430836558341979980e-01
1.614076048135757446e-01 6.860710978507995605e-01
3.286829292774200439e-01 5.802091360092163086e-01
4.839301705360412598e-01 4.333035349845886230e-01
5.964359045028686523e-01 2.824905514717102051e-01
7.024363875389099121e-01 1.150034591555595398e-01
7.974761724472045898e-01 -4.682536423206329346e-02
-4.924279451370239258e-01 -6.294716000556945801e-01
-3.849883675575256348e-01 -7.132649421691894531e-01
-2.675717473030090332e-01 -6.596686840057373047e-01
-1.491491645574569702e-01 -5.636754631996154785e-01
-5.283979326486587524e-02 -4.643327891826629639e-01
1.249082088470458984e-01 -3.844923079013824463e-01
2.642849981784820557e-01 -3.725205063819885254e-01
4.269177019596099854e-01 -3.325571417808532715e-01
5.771822333335876465e-01 -2.638291716575622559e-01
6.316407918930053711e-01 -1.086229160428047180e-01
-3.018963895738124847e-02 -2.820397615432739258e-01
-9.591322392225265503e-02 -1.531045436859130859e-01
-1.532065123319625854e-01 -4.975928366184234619e-02
-2.077685892581939697e-01 5.582462251186370850e-02
-3.218711912631988525e-01 5.241892114281654358e-02
-2.787922322750091553e-01 1.103073209524154663e-01
-2.283050417900085449e-01 1.580266505479812622e-01
-1.553326249122619629e-01 1.681670546531677246e-01
-7.672987133264541626e-02 1.694307923316955566e-01
-4.291659891605377197e-01 -4.502473473548889160e-01
-3.614923655986785889e-01 -4.070147275924682617e-01
-2.811857163906097412e-01 -3.717281222343444824e-01
-1.956026554107666016e-01 -3.244714140892028809e-01
-2.871434688568115234e-01 -3.397613763809204102e-01
-3.747587502002716064e-01 -3.756387829780578613e-01
1.433118730783462524e-01 -1.636308878660202026e-01
2.253718078136444092e-01 -1.265447288751602173e-01
3.051687777042388916e-01 -8.716436475515365601e-02
4.090190231800079346e-01 -5.573455616831779480e-02
2.966263294219970703e-01 -6.013416126370429993e-02
2.109181284904479980e-01 -1.057187393307685852e-01
-4.956466853618621826e-01 1.776081323623657227e-01
-4.288458526134490967e-01 1.864388585090637207e-01
-3.325631022453308105e-01 2.351782917976379395e-01
-2.726592421531677246e-01 2.743144333362579346e-01
-2.023890018463134766e-01 2.961195111274719238e-01
-9.127058088779449463e-02 3.443936109542846680e-01
-1.349708065390586853e-02 3.955910503864288330e-01
-1.383878290653228760e-01 4.454067051410675049e-01
-2.679007649421691895e-01 4.400130212306976318e-01
-3.432525396347045898e-01 4.154654741287231445e-01
-4.088869988918304443e-01 3.757880628108978271e-01
-4.835376739501953125e-01 2.903716266155242920e-01
-4.914125502109527588e-01 1.809774041175842285e-01
-3.358068466186523438e-01 2.671707272529602051e-01
-2.708157896995544434e-01 2.976396679878234863e-01
-2.058129012584686279e-01 3.286100029945373535e-01
-1.502202264964580536e-02 3.946420848369598389e-01
-2.329322099685668945e-01 3.683898448944091797e-01
-3.054807782173156738e-01 3.414259552955627441e-01
-3.735207319259643555e-01 3.058997094631195068e-01
