-5.305489897727966309e-01 -6.766354441642761230e-01 2.921286784112453461e-02 1.000000000000000000e+00
-5.830214023590087891e-01 -4.930517375469207764e-01 9.718248993158340454e-02 1.000000000000000000e+00
-6.341046690940856934e-01 -2.808499038219451904e-01 1.609824448823928833e-01 0.000000000000000000e+00
-6.769787669181823730e-01 -8.015795797109603882e-02 1.354119777679443359e-01 0.000000000000000000e+00
-7.088652253150939941e-01 1.214943602681159973e-01 3.226391226053237915e-02 0.000000000000000000e+00
-7.177663445472717285e-01 3.085947930812835693e-01 -1.391756087541580200e-01 0.000000000000000000e+00
-6.587658524513244629e-01 4.724851548671722412e-01 -2.770854532718658447e-01 1.000000000000000000e+00
-5.678990483283996582e-01 6.195614933967590332e-01 -4.454277753829956055e-01 1.000000000000000000e+00
-4.226637780666351318e-01 7.256652116775512695e-01 -4.878521263599395752e-01 1.000000000000000000e+00
-2.627824544906616211e-01 7.550841569900512695e-01 -4.988550543785095215e-01 1.000000000000000000e+00
-4.992977529764175415e-02 7.467229962348937988e-01 -3.849977254867553711e-01 1.000000000000000000e+00
1.415823251008987427e-01 6.955424547195434570e-01 -2.919463217258453369e-01 1.000000000000000000e+00
3.186756372451782227e-01 5.886935591697692871e-01 -1.497164517641067505e-01 1.000000000000000000e+00
4.752852022647857666e-01 4.488553404808044434e-01 -6.776684522628784180e-02 1.000000000000000000e+00
6.051525473594665527e-01 2.983947396278381348e-01 -5.984334275126457214e-02 1.000000000000000000e+00
7.151528596878051758e-01 1.165017709136009216e-01 -1.382425874471664429e-01 1.000000000000000000e+00
8.149295449256896973e-01 -4.609636217355728149e-02 -2.074360996484756470e-01 1.000000000000000000e+00
-4.924279451370239258e-01 -6.294716000556945801e-01 -4.711168408393859863e-01 1.000000000000000000e+00
-3.849883675575256348e-01 -7.132649421691894531e-01 -6.811780929565429688e-01 1.000000000000000000e+00
-2.675717473030090332e-01 -6.596686840057373047e-01 -8.391246795654296875e-01 1.000000000000000000e+00
-1.491491645574569702e-01 -5.636754631996154785e-01 -9.205061197280883789e-01 1.000000000000000000e+00
-5.283979326486587524e-02 -4.643327891826629639e-01 -9.461811184883117676e-01 1.000000000000000000e+00
1.249082088470458984e-01 -3.844923079013824463e-01 -9.781488776206970215e-01 1.000000000000000000e+00
2.642849981784820557e-01 -3.725205063819885254e-01 -9.934456348419189453e-01 1.000000000000000000e+00
4.269177019596099854e-01 -3.325571417808532715e-01 -9.601329565048217773e-01 1.000000000000000000e+00
5.771822333335876465e-01 -2.638291716575622559e-01 -8.423926234245300293e-01 1.000000000000000000e+00
6.316407918930053711e-01 -1.086229160428047180e-01 -6.611099243164062500e-01 1.000000000000000000e+00
-3.018963895738124847e-02 -2.820397615432739258e-01 -9.488700032234191895e-01 1.000000000000000000e+00
-9.591322392225265503e-02 -1.531045436859130859e-01 -9.993718862533569336e-01 1.000000000000000000e+00
-1.532065123319625854e-01 -4.975928366184234619e-02 -1.049477219581604004e+00 1.000000000000000000e+00
-2.077685892581939697e-01 5.582462251186370850e-02 -1.083889842033386230e+00 1.000000000000000000e+00
-3.218711912631988525e-01 5.241892114281654358e-02 -8.225389719009399414e-01 1.000000000000000000e+00
-2.787922322750091553e-01 1.103073209524154663e-01 -8.564147353172302246e-01 1.000000000000000000e+00
-2.283050417900085449e-01 1.580266505479812622e-01 -8.781875371932983398e-01 1.000000000000000000e+00
-1.553326249122619629e-01 1.681670546531677246e-01 -8.784528374671936035e-01 1.000000000000000000e+00
-7.672987133264541626e-02 1.694307923316955566e-01 -8.656011223793029785e-01 1.000000000000000000e+00
-4.291659891605377197e-01 -4.502473473548889160e-01 -6.555590629577636719e-01 1.000000000000000000e+00
-3.614923655986785889e-01 -4.070147275924682617e-01 -7.656787633895874023e-01 1.000000000000000000e+00
-2.811857163906097412e-01 -3.717281222343444824e-01 -7.816603779792785645e-01 1.000000000000000000e+00
-1.956026554107666016e-01 -3.244714140892028809e-01 -7.633011341094970703e-01 1.000000000000000000e+00
-2.871434688568115234e-01 -3.397613763809204102e-01 -7.623327970504760742e-01 1.000000000000000000e+00
-3.747587502002716064e-01 -3.756387829780578613e-01 -7.379349470138549805e-01 1.000000000000000000e+00
1.433118730783462524e-01 -1.636308878660202026e-01 -8.262674808502197266e-01 1.000000000000000000e+00
2.253718078136444092e-01 -1.265447288751602173e-01 -8.714988231658935547e-01 1.000000000000000000e+00
3.051687777042388916e-01 -8.716436475515365601e-02 -8.808132410049438477e-01 1.000000000000000000e+00
4.090190231800079346e-01 -5.573455616831779480e-02 -8.009008169174194336e-01 1.000000000000000000e+00
2.966263294219970703e-01 -6.013416126370429993e-02 -8.556946516036987305e-01 1.000000000000000000e+00
2.109181284904479980e-01 -1.057187393307685852e-01 -8.505988717079162598e-01 1.000000000000000000e+00
-4.956466853618621826e-01 1.776081323623657227e-01 -5.801011323928833008e-01 1.000000000000000000e+00
-4.288458526134490967e-01 1.864388585090637207e-01 -7.198991775512695312e-01 1.000000000000000000e+00
-3.325631022453308105e-01 2.351782917976379395e-01 -8.094888925552368164e-01 1.000000000000000000e+00
-2.726592421531677246e-01 2.743144333362579346e-01 -8.272480368614196777e-01 1.000000000000000000e+00
-2.023890018463134766e-01 2.961195111274719238e-01 -8.326030373573303223e-01 1.000000000000000000e+00
-9.127058088779449463e-02 3.443936109542846680e-01 -7.783421277999877930e-01 1.000000000000000000e+00
-1.349708065390586853e-02 3.955910503864288330e-01 -6.655334830284118652e-01 1.000000000000000000e+00
-1.383878290653228760e-01 4.454067051410675049e-01 -7.200008034706115723e-01 1.000000000000000000e+00
-2.679007649421691895e-01 4.400130212306976318e-01 -7.663393616676330566e-01 1.000000000000000000e+00
-3.432525396347045898e-01 4.154654741287231445e-01 -7.572401165962219238e-01 1.000000000000000000e+00
-4.088869988918304443e-01 3.757880628108978271e-01 -7.368120551109313965e-01 1.000000000000000000e+00
-4.835376739501953125e-01 2.903716266155242920e-01 -6.571086645126342773e-01 1.000000000000000000e+00
-4.914125502109527588e-01 1.809774041175842285e-01 -5.778284668922424316e-01 1.000000000000000000e+00
-3.358068466186523438e-01 2.671707272529602051e-01 -7.276872992515563965e-01 0.000000000000000000e+00
-2.708157896995544434e-01 2.976396679878234863e-01 -7.427171468734741211e-01 0.000000000000000000e+00
-2.058129012584686279e-01 3.286100029945373535e-01 -7.515537142753601074e-01 0.000000000000000000e+00
-1.502202264964580536e-02 3.946420848369598389e-01 -6.658492088317871094e-01 1.000000000000000000e+00
-2.329322099685668945e-01 3.683898448944091797e-01 -7.389231324195861816e-01 1.000000000000000000e+00
-3.054807782173156738e-01 3.414259552955627441e-01 -7.388172149658203125e-01 1.000000000000000000e+00
-3.735207319259643555e-01 3.058997094631195068e-01 -7.119056582450866699e-01 1.000000000000000000e+00
