-7.292325496673583984e-01 -1.631807088851928711e-01
-6.978306770324707031e-01 1.331429276615381241e-02
-6.215609312057495117e-01 1.753930598497390747e-01
-5.390750765800476074e-01 3.150718212127685547e-01
-4.572878181934356689e-01 4.546465575695037842e-01
-3.526374697685241699e-01 5.844290256500244141e-01
-2.185199558734893799e-01 6.778811216354370117e-01
-5.193334817886352539e-02 7.443531155586242676e-01
1.042090207338333130e-01 7.337432503700256348e-01
2.762620747089385986e-01 6.578326821327209473e-01
4.473811686038970947e-01 5.418652892112731934e-01
5.793977975845336914e-01 4.006056487560272217e-01
6.801525354385375977e-01 2.207262963056564331e-01
7.350730299949645996e-01 1.842373795807361603e-02
7.492657303810119629e-01 -1.809500008821487427e-01
7.158203125000000000e-01 -3.964419364929199219e-01
6.911032795906066895e-01 -5.933634638786315918e-01
-7.537333965301513672e-01 -2.674467861652374268e-01
-7.627930045127868652e-01 -4.260959923267364502e-01
-6.720300316810607910e-01 -4.712968170642852783e-01
-5.347968935966491699e-01 -4.734618663787841797e-01
-4.016467332839965820e-01 -4.541022181510925293e-01
-2.098353952169418335e-01 -5.056233406066894531e-01
-9.371756017208099365e-02 -5.907948613166809082e-01
6.775929033756256104e-02 -6.654725670814514160e-01
2.501519024372100830e-01 -6.928437948226928711e-01
4.223302900791168213e-01 -5.745532512664794922e-01
-2.663854360580444336e-01 -3.205673396587371826e-01
-2.486314028501510620e-01 -1.813029497861862183e-01
-2.434205114841461182e-01 -7.607899606227874756e-02
-2.315210551023483276e-01 3.119315952062606812e-02
-2.553673684597015381e-01 1.516062766313552856e-01
-2.026659995317459106e-01 1.622593998908996582e-01
-1.474830806255340576e-01 1.708968132734298706e-01
-9.074404835700988770e-02 1.354375034570693970e-01
-3.413393720984458923e-02 9.724378585815429688e-02
-6.466323733329772949e-01 -1.938379108905792236e-01
-5.976788401603698730e-01 -2.387735098600387573e-01
-5.102012157440185547e-01 -2.582134306430816650e-01
-4.075044691562652588e-01 -2.441192418336868286e-01
-4.819166958332061768e-01 -1.968020051717758179e-01
-5.687312483787536621e-01 -1.690980345010757446e-01
-2.725291438400745392e-02 -3.380980789661407471e-01
3.455301746726036072e-02 -4.025999307632446289e-01
1.265651583671569824e-01 -4.318493008613586426e-01
2.534121572971343994e-01 -4.246040880680084229e-01
1.509874016046524048e-01 -3.503709137439727783e-01
5.499652028083801270e-02 -3.303306102752685547e-01
-2.460590451955795288e-01 4.139903485774993896e-01
-2.251440584659576416e-01 3.765344917774200439e-01
-1.604562103748321533e-01 3.409830629825592041e-01
-1.064602807164192200e-01 3.348288834095001221e-01
-4.997568950057029724e-02 3.133277893066406250e-01
5.878647044301033020e-02 3.050149381160736084e-01
1.664856225252151489e-01 3.037740886211395264e-01
1.102875173091888428e-01 3.664424419403076172e-01
1.744243502616882324e-02 4.235299825668334961e-01
-4.279283806681632996e-02 4.465294778347015381e-01
-1.053575500845909119e-01 4.560734331607818604e-01
-1.878595650196075439e-01 4.461415410041809082e-01
-2.398816198110580444e-01 4.125023782253265381e-01
-1.266558319330215454e-01 3.951327204704284668e-01
-7.352185994386672974e-02 3.830518722534179688e-01
-1.733882538974285126e-02 3.679018020629882812e-01
1.641730070114135742e-01 3.044540286064147949e-01
2.439731179038062692e-04 3.500726222991943359e-01
-6.102431192994117737e-02 3.682197034358978271e-01
-1.195208951830863953e-01 3.831786215305328369e-01
