-7.121334671974182129e-01 -2.290295064449310303e-01 3.947166204452514648e-01 0.000000000000000000e+00
-6.244044303894042969e-01 -4.814076796174049377e-02 4.274141490459442139e-01 0.000000000000000000e+00
-5.238466262817382812e-01 1.544220447540283203e-01 4.495877027511596680e-01 0.000000000000000000e+00
-4.357100725173950195e-01 3.331686556339263916e-01 3.839240670204162598e-01 0.000000000000000000e+00
-3.578885495662689209e-01 5.026170015335083008e-01 2.429007887840270996e-01 0.000000000000000000e+00
-2.841188609600067139e-01 6.370831131935119629e-01 3.202208131551742554e-02 0.000000000000000000e+00
-1.638441681861877441e-01 7.076011896133422852e-01 -1.398954689502716064e-01 1.000000000000000000e+00
-3.589852154254913330e-02 7.472981214523315430e-01 -3.346668481826782227e-01 1.000000000000000000e+00
1.363247483968734741e-01 7.332847118377685547e-01 -4.025448262691497803e-01 1.000000000000000000e+00
2.761836349964141846e-01 6.580184102058410645e-01 -4.337618947029113770e-01 1.000000000000000000e+00
4.470846652984619141e-01 5.419964790344238281e-01 -3.389389812946319580e-01 1.000000000000000000e+00
5.792751908302307129e-01 4.011979401111602783e-01 -2.542891502380371094e-01 1.000000000000000000e+00
6.802445650100708008e-01 2.214118093252182007e-01 -1.033551543951034546e-01 1.000000000000000000e+00
7.351343035697937012e-01 1.955723017454147339e-02 -8.375716395676136017e-03 1.000000000000000000e+00
7.501853704452514648e-01 -1.797300875186920166e-01 1.576584577560424805e-02 1.000000000000000000e+00
7.163738012313842773e-01 -3.967072367668151855e-01 -3.851597011089324951e-02 1.000000000000000000e+00
6.916353106498718262e-01 -5.930020213127136230e-01 -8.750478923320770264e-02 1.000000000000000000e+00
-7.537333965301513672e-01 -2.674467861652374268e-01 -1.074045747518539429e-01 1.000000000000000000e+00
-7.627930045127868652e-01 -4.260959923267364502e-01 -3.086289465427398682e-01 1.000000000000000000e+00
-6.720300316810607910e-01 -4.712968170642852783e-01 -4.878683984279632568e-01 1.000000000000000000e+00
-5.347968935966491699e-01 -4.734618663787841797e-01 -6.006019711494445801e-01 1.000000000000000000e+00
-4.016467332839965820e-01 -4.541022181510925293e-01 -6.557997465133666992e-01 1.000000000000000000e+00
-2.098353952169418335e-01 -5.056233406066894531e-01 -7.223730087280273438e-01 1.000000000000000000e+00
-9.371756017208099365e-02 -5.907948613166809082e-01 -7.523052096366882324e-01 1.000000000000000000e+00
6.775929033756256104e-02 -6.654725670814514160e-01 -7.386698126792907715e-01 1.000000000000000000e+00
2.501519024372100830e-01 -6.928437948226928711e-01 -6.486871242523193359e-01 1.000000000000000000e+00
4.223302900791168213e-01 -5.745532512664794922e-01 -5.048813819885253906e-01 1.000000000000000000e+00
-2.663854360580444336e-01 -3.205673396587371826e-01 -6.884015798568725586e-01 1.000000000000000000e+00
-2.486314028501510620e-01 -1.813029497861862183e-01 -7.464519143104553223e-01 1.000000000000000000e+00
-2.434205114841461182e-01 -7.607899606227874756e-02 -8.058924674987792969e-01 1.000000000000000000e+00
-2.315210551023483276e-01 3.119315952062606812e-02 -8.484999537467956543e-01 1.000000000000000000e+00
-2.553673684597015381e-01 1.516062766313552856e-01 -6.117824316024780273e-01 1.000000000000000000e+00
-2.026659995317459106e-01 1.622593998908996582e-01 -6.563694477081298828e-01 1.000000000000000000e+00
-1.474830806255340576e-01 1.708968132734298706e-01 -6.937494277954101562e-01 1.000000000000000000e+00
-9.074404835700988770e-02 1.354375034570693970e-01 -6.965104937553405762e-01 1.000000000000000000e+00
-3.413393720984458923e-02 9.724378585815429688e-02 -6.901522278785705566e-01 1.000000000000000000e+00
-6.466323733329772949e-01 -1.938379108905792236e-01 -3.268485367298126221e-01 1.000000000000000000e+00
-5.976788401603698730e-01 -2.387735098600387573e-01 -4.527609348297119141e-01 1.000000000000000000e+00
-5.102012157440185547e-01 -2.582134306430816650e-01 -4.883859455585479736e-01 1.000000000000000000e+00
-4.075044691562652588e-01 -2.441192418336868286e-01 -4.847460389137268066e-01 1.000000000000000000e+00
-4.819166958332061768e-01 -1.968020051717758179e-01 -4.676140248775482178e-01 1.000000000000000000e+00
-5.687312483787536621e-01 -1.690980345010757446e-01 -4.265765845775604248e-01 1.000000000000000000e+00
-2.725291438400745392e-02 -3.380980789661407471e-01 -6.192633509635925293e-01 1.000000000000000000e+00
3.455301746726036072e-02 -4.025999307632446289e-01 -6.816309690475463867e-01 1.000000000000000000e+00
1.265651583671569824e-01 -4.318493008613586426e-01 -7.059540152549743652e-01 1.000000000000000000e+00
2.534121572971343994e-01 -4.246040880680084229e-01 -6.369500160217285156e-01 1.000000000000000000e+00
1.509874016046524048e-01 -3.503709137439727783e-01 -6.739200949668884277e-01 1.000000000000000000e+00
5.499652028083801270e-02 -3.303306102752685547e-01 -6.535853147506713867e-01 1.000000000000000000e+00
-2.460590451955795288e-01 4.139903485774993896e-01 -4.838216900825500488e-01 1.000000000000000000e+00
-2.251440584659576416e-01 3.765344917774200439e-01 -5.947133302688598633e-01 1.000000000000000000e+00
-1.604562103748321533e-01 3.409830629825592041e-01 -6.751222610473632812e-01 1.000000000000000000e+00
-1.064602807164192200e-01 3.348288834095001221e-01 -7.017675042152404785e-01 1.000000000000000000e+00
-4.997568950057029724e-02 3.133277893066406250e-01 -7.144076824188232422e-01 1.000000000000000000e+00
5.878647044301033020e-02 3.050149381160736084e-01 -6.919351816177368164e-01 1.000000000000000000e+00
1.664856225252151489e-01 3.037740886211395264e-01 -6.221029162406921387e-01 1.000000000000000000e+00
1.102875173091888428e-01 3.664424419403076172e-01 -6.600460410118103027e-01 1.000000000000000000e+00
1.744243502616882324e-02 4.235299825668334961e-01 -6.827910542488098145e-01 1.000000000000000000e+00
-4.279283806681632996e-02 4.465294778347015381e-01 -6.664162874221801758e-01 1.000000000000000000e+00
-1.053575500845909119e-01 4.560734331607818604e-01 -6.398380994796752930e-01 1.000000000000000000e+00
-1.878595650196075439e-01 4.461415410041809082e-01 -5.636029243469238281e-01 1.000000000000000000e+00
-2.398816198110580444e-01 4.125023782253265381e-01 -4.835475683212280273e-01 1.000000000000000000e+00
-1.266558319330215454e-01 3.951327204704284668e-01 -6.189062595367431641e-01 1.000000000000000000e+00
-7.352185994386672974e-02 3.830518722534179688e-01 -6.431810259819030762e-01 1.000000000000000000e+00
-1.733882538974285126e-02 3.679018020629882812e-01 -6.549631953239440918e-01 1.000000000000000000e+00
1.641730070114135742e-01 3.044540286064147949e-01 -6.215513944625854492e-01 1.000000000000000000e+00
2.439731179038062692e-04 3.500726222991943359e-01 -6.716577410697937012e-01 1.000000000000000000e+00
-6.102431192994117737e-02 3.682197034358978271e-01 -6.570984125137329102e-01 1.000000000000000000e+00
-1.195208951830863953e-01 3.831786215305328369e-01 -6.315720081329345703e-01 1.000000000000000000e+00
