-6.845871806144714355e-01 -4.731468260288238525e-01
-7.222358584403991699e-01 -3.126714527606964111e-01
-7.261196970939636230e-01 -1.320078969001770020e-01
-7.108575105667114258e-01 3.017510846257209778e-02
-6.795941591262817383e-01 1.874009817838668823e-01
-6.245063543319702148e-01 3.557420372962951660e-01
-5.440390110015869141e-01 5.258473157882690430e-01
-4.116926193237304688e-01 6.930945515632629395e-01
-2.640962004661560059e-01 7.602330446243286133e-01
-7.211169600486755371e-02 7.405673265457153320e-01
1.349074691534042358e-01 6.672161817550659180e-01
3.028664886951446533e-01 5.426381230354309082e-01
4.570448696613311768e-01 3.962772190570831299e-01
5.753515958786010742e-01 2.274391502141952515e-01
6.543408632278442383e-01 5.150525644421577454e-02
7.007238864898681641e-01 -1.563715040683746338e-01
7.449420690536499023e-01 -3.449083566665649414e-01
-6.626994013786315918e-01 -5.726761817932128906e-01
-6.165788173675537109e-01 -7.097907066345214844e-01
-5.125828385353088379e-01 -7.209295034408569336e-01
-3.864733874797821045e-01 -6.799138784408569336e-01
-2.712231278419494629e-01 -6.172618269920349121e-01
-8.852662146091461182e-02 -5.987891554832458496e-01
4.473015293478965759e-02 -6.324935555458068848e-01
2.105443179607391357e-01 -6.343345642089843750e-01
3.879027366638183594e-01 -5.918083786964416504e-01
5.010380744934082031e-01 -4.380414187908172607e-01
-1.997964829206466675e-01 -4.580382406711578369e-01
-2.319921404123306274e-01 -3.329195678234100342e-01
-2.648249268531799316e-01 -2.307574450969696045e-01
-2.904183864593505859e-01 -1.276101022958755493e-01
-3.715973496437072754e-01 -5.063871294260025024e-02
-3.168291449546813965e-01 -1.810103841125965118e-02
-2.582970261573791504e-01 4.859731066972017288e-03
-1.877260953187942505e-01 -1.916031120344996452e-03
-1.122968345880508423e-01 -1.719747111201286316e-02
-5.878645777702331543e-01 -4.800252914428710938e-01
-5.238837003707885742e-01 -5.085627436637878418e-01
-4.373415112495422363e-01 -4.938522577285766602e-01
-3.489793837070465088e-01 -4.408282041549682617e-01
-4.375417530536651611e-01 -4.251046180725097656e-01
-5.218777060508728027e-01 -4.302108287811279297e-01
1.388890016824007034e-02 -3.941574990749359131e-01
9.438372403383255005e-02 -4.297264814376831055e-01
1.871066987514495850e-01 -4.249001443386077881e-01
2.988960146903991699e-01 -3.721414804458618164e-01
1.772101521492004395e-01 -3.423730432987213135e-01
8.899560570716857910e-02 -3.572575449943542480e-01
-4.567083418369293213e-01 2.215842157602310181e-01
-4.191652536392211914e-01 1.438766419887542725e-01
-3.324818611145019531e-01 1.302481591701507568e-01
-2.706741094589233398e-01 1.418408453464508057e-01
-2.028405815362930298e-01 1.470080614089965820e-01
-8.068585395812988281e-02 1.893776059150695801e-01
2.019222453236579895e-02 2.877889573574066162e-01
-8.049400150775909424e-02 3.992403447628021240e-01
-2.013334929943084717e-01 4.331430494785308838e-01
-2.775208055973052979e-01 4.335181415081024170e-01
-3.475432991981506348e-01 4.116149544715881348e-01
-4.275179505348205566e-01 3.496778011322021484e-01
-4.505024850368499756e-01 2.260834127664566040e-01
-3.114403784275054932e-01 1.794732213020324707e-01
-2.515111565589904785e-01 1.828158348798751831e-01
-1.880861520767211914e-01 1.962234526872634888e-01
1.835139840841293335e-02 2.865938842296600342e-01
-1.863436847925186157e-01 3.643903136253356934e-01
-2.551893591880798340e-01 3.594795763492584229e-01
-3.204326629638671875e-01 3.442598879337310791e-01
