-6.518894433975219727e-01 -5.146940946578979492e-01 3.882345557212829590e-01 0.000000000000000000e+00
-6.393260955810546875e-01 -3.226357102394104004e-01 4.203421473503112793e-01 0.000000000000000000e+00
-6.233292818069458008e-01 -1.051813587546348572e-01 4.430440366268157959e-01 0.000000000000000000e+00
-6.142318248748779297e-01 8.439666777849197388e-02 3.878661990165710449e-01 0.000000000000000000e+00
-6.058450937271118164e-01 2.663283348083496094e-01 2.695069313049316406e-01 0.000000000000000000e+00
-5.851422548294067383e-01 4.290810227394104004e-01 9.418281912803649902e-02 0.000000000000000000e+00
-5.083006024360656738e-01 5.797235369682312012e-01 -3.544038906693458557e-02 1.000000000000000000e+00
-3.992336988449096680e-01 6.970105171203613281e-01 -1.882719397544860840e-01 1.000000000000000000e+00
-2.345556914806365967e-01 7.645807266235351562e-01 -2.448994070291519165e-01 1.000000000000000000e+00
-7.244171202182769775e-02 7.408427000045776367e-01 -2.791041433811187744e-01 1.000000000000000000e+00
1.340766698122024536e-01 6.674801111221313477e-01 -2.227593809366226196e-01 1.000000000000000000e+00
3.021333813667297363e-01 5.442458391189575195e-01 -1.712130606174468994e-01 1.000000000000000000e+00
4.566809535026550293e-01 3.983521163463592529e-01 -5.628404021263122559e-02 1.000000000000000000e+00
5.744419097900390625e-01 2.301162034273147583e-01 1.903421059250831604e-02 1.000000000000000000e+00
6.556229591369628906e-01 5.507327616214752197e-02 3.825645521283149719e-02 1.000000000000000000e+00
7.023706436157226562e-01 -1.565406620502471924e-01 -1.446921750903129578e-02 1.000000000000000000e+00
7.458992600440979004e-01 -3.435812890529632568e-01 -6.035448983311653137e-02 1.000000000000000000e+00
-6.626994013786315918e-01 -5.726761817932128906e-01 -9.329985082149505615e-02 1.000000000000000000e+00
-6.165788173675537109e-01 -7.097907066345214844e-01 -2.829208374023437500e-01 1.000000000000000000e+00
-5.125828385353088379e-01 -7.209295034408569336e-01 -4.536220431327819824e-01 1.000000000000000000e+00
-3.864733874797821045e-01 -6.799138784408569336e-01 -5.563823580741882324e-01 1.000000000000000000e+00
-2.712231278419494629e-01 -6.172618269920349121e-01 -6.062749028205871582e-01 1.000000000000000000e+00
-8.852662146091461182e-02 -5.987891554832458496e-01 -6.658988595008850098e-01 1.000000000000000000e+00
4.473015293478965759e-02 -6.324935555458068848e-01 -6.964859366416931152e-01 1.000000000000000000e+00
2.105443179607391357e-01 -6.343345642089843750e-01 -6.856641173362731934e-01 1.000000000000000000e+00
3.879027366638183594e-01 -5.918083786964416504e-01 -5.987989306449890137e-01 1.000000000000000000e+00
5.010380744934082031e-01 -4.380414187908172607e-01 -4.593210220336914062e-01 1.000000000000000000e+00
-1.997964829206466675e-01 -4.580382406711578369e-01 -6.394707560539245605e-01 1.000000000000000000e+00
-2.319921404123306274e-01 -3.329195678234100342e-01 -6.988217234611511230e-01 1.000000000000000000e+00
-2.648249268531799316e-01 -2.307574450969696045e-01 -7.610723972320556641e-01 1.000000000000000000e+00
-2.904183864593505859e-01 -1.276101022958755493e-01 -8.036962151527404785e-01 1.000000000000000000e+00
-3.715973496437072754e-01 -5.063871294260025024e-02 -5.630387663841247559e-01 1.000000000000000000e+00
-3.168291449546813965e-01 -1.810103841125965118e-02 -6.065315008163452148e-01 1.000000000000000000e+00
-2.582970261573791504e-01 4.859731066972017288e-03 -6.404398083686828613e-01 1.000000000000000000e+00
-1.877260953187942505e-01 -1.916031120344996452e-03 -6.480698585510253906e-01 1.000000000000000000e+00
-1.122968345880508423e-01 -1.719747111201286316e-02 -6.470336318016052246e-01 1.000000000000000000e+00
-5.878645777702331543e-01 -4.800252914428710938e-01 -3.007228672504425049e-01 1.000000000000000000e+00
-5.238837003707885742e-01 -5.085627436637878418e-01 -4.203377664089202881e-01 1.000000000000000000e+00
-4.373415112495422363e-01 -4.938522577285766602e-01 -4.534399807453155518e-01 1.000000000000000000e+00
-3.489793837070465088e-01 -4.408282041549682617e-01 -4.495821595191955566e-01 1.000000000000000000e+00
-4.375417530536651611e-01 -4.251046180725097656e-01 -4.360744655132293701e-01 1.000000000000000000e+00
-5.218777060508728027e-01 -4.302108287811279297e-01 -3.995405733585357666e-01 1.000000000000000000e+00
1.388890016824007034e-02 -3.941574990749359131e-01 -5.699669122695922852e-01 1.000000000000000000e+00
9.438372403383255005e-02 -4.297264814376831055e-01 -6.275176405906677246e-01 1.000000000000000000e+00
1.871066987514495850e-01 -4.249001443386077881e-01 -6.507567167282104492e-01 1.000000000000000000e+00
2.988960146903991699e-01 -3.721414804458618164e-01 -5.865479111671447754e-01 1.000000000000000000e+00
1.772101521492004395e-01 -3.423730432987213135e-01 -6.261519789695739746e-01 1.000000000000000000e+00
8.899560570716857910e-02 -3.572575449943542480e-01 -6.071355342864990234e-01 1.000000000000000000e+00
-4.567083418369293213e-01 2.215842157602310181e-01 -3.305143415927886963e-01 1.000000000000000000e+00
-4.191652536392211914e-01 1.438766419887542725e-01 -4.923713803291320801e-01 1.000000000000000000e+00
-3.324818611145019531e-01 1.302481591701507568e-01 -6.003808975219726562e-01 1.000000000000000000e+00
-2.706741094589233398e-01 1.418408453464508057e-01 -6.294536590576171875e-01 1.000000000000000000e+00
-2.028405815362930298e-01 1.470080614089965820e-01 -6.417239308357238770e-01 1.000000000000000000e+00
-8.068585395812988281e-02 1.893776059150695801e-01 -5.995398759841918945e-01 1.000000000000000000e+00
2.019222453236579895e-02 2.877889573574066162e-01 -4.763108491897583008e-01 1.000000000000000000e+00
-8.049400150775909424e-02 3.992403447628021240e-01 -5.056248903274536133e-01 1.000000000000000000e+00
-2.013334929943084717e-01 4.331430494785308838e-01 -5.320383906364440918e-01 1.000000000000000000e+00
-2.775208055973052979e-01 4.335181415081024170e-01 -5.161648988723754883e-01 1.000000000000000000e+00
-3.475432991981506348e-01 4.116149544715881348e-01 -4.883127808570861816e-01 1.000000000000000000e+00
-4.275179505348205566e-01 3.496778011322021484e-01 -4.046835601329803467e-01 1.000000000000000000e+00
-4.505024850368499756e-01 2.260834127664566040e-01 -3.258585035800933838e-01 1.000000000000000000e+00
-3.114403784275054932e-01 1.794732213020324707e-01 -5.220063328742980957e-01 1.000000000000000000e+00
-2.515111565589904785e-01 1.828158348798751831e-01 -5.488420128822326660e-01 1.000000000000000000e+00
-1.880861520767211914e-01 1.962234526872634888e-01 -5.610895752906799316e-01 0.000000000000000000e+00
1.835139840841293335e-02 2.865938842296600342e-01 -4.759757518768310547e-01 1.000000000000000000e+00
-1.863436847925186157e-01 3.643903136253356934e-01 -4.929628670215606689e-01 1.000000000000000000e+00
-2.551893591880798340e-01 3.594795763492584229e-01 -4.802060425281524658e-01 1.000000000000000000e+00
-3.204326629638671875e-01 3.442598879337310791e-01 -4.531046450138092041e-01 1.000000000000000000e+00
