-6.639963388442993164e-01 -6.640881299972534180e-01
-7.011325359344482422e-01 -4.859381616115570068e-01
-7.226613759994506836e-01 -2.862409651279449463e-01
-7.360489368438720703e-01 -9.033863991498947144e-02
-7.121284008026123047e-01 1.394792646169662476e-01
-6.461073756217956543e-01 3.418725132942199707e-01
-5.169334411621093750e-01 5.153708457946777344e-01
-3.534465730190277100e-01 6.716646552085876465e-01
-1.910118758678436279e-01 7.490470409393310547e-01
-1.923954114317893982e-02 7.450396418571472168e-01
1.823404878377914429e-01 6.560614109039306641e-01
3.455728888511657715e-01 5.439367890357971191e-01
4.604146182537078857e-01 4.131118953227996826e-01
5.432664155960083008e-01 2.740614414215087891e-01
6.116358041763305664e-01 1.600770950317382812e-01
6.888398528099060059e-01 1.944123068824410439e-03
7.449671626091003418e-01 -1.923861354589462280e-01
-5.016095638275146484e-01 -5.499110817909240723e-01
-3.551633656024932861e-01 -6.157916188240051270e-01
-1.930388063192367554e-01 -5.561636686325073242e-01
-4.200249537825584412e-02 -4.686007797718048096e-01
7.493010908365249634e-02 -3.870358467102050781e-01
2.701296210289001465e-01 -3.409184217453002930e-01
4.129862785339355469e-01 -3.582983016967773438e-01
5.695036053657531738e-01 -3.666810095310211182e-01
6.969374418258666992e-01 -3.585678637027740479e-01
7.282232046127319336e-01 -2.509616911411285400e-01
1.274929195642471313e-01 -2.155211865901947021e-01
9.761479496955871582e-02 -6.690616160631179810e-02
7.201498746871948242e-02 5.432027205824851990e-02
4.582710936665534973e-02 1.743522584438323975e-01
-1.294059455394744873e-01 1.543385386466979980e-01
-7.095719128847122192e-02 2.046111226081848145e-01
-1.022256352007389069e-02 2.435276508331298828e-01
6.054204702377319336e-02 2.373401075601577759e-01
1.302406936883926392e-01 2.203147560358047485e-01
-3.656397163867950439e-01 -3.591930270195007324e-01
-2.615358233451843262e-01 -3.208197951316833496e-01
-1.714311391115188599e-01 -2.973845601081848145e-01
-8.974879980087280273e-02 -2.631136775016784668e-01
-1.800008863210678101e-01 -2.582491338253021240e-01
-2.782629728317260742e-01 -2.798448204994201660e-01
2.891414165496826172e-01 -1.649513393640518188e-01
3.904332518577575684e-01 -1.534926444292068481e-01
4.820063710212707520e-01 -1.335555166006088257e-01
5.623382925987243652e-01 -1.268649548292160034e-01
4.624878168106079102e-01 -9.315036982297897339e-02
3.686065971851348877e-01 -1.189936324954032898e-01
-3.300882577896118164e-01 2.563091814517974854e-01
-2.343355417251586914e-01 2.845788598060607910e-01
-1.135010048747062683e-01 3.264232277870178223e-01
-4.536355286836624146e-02 3.546158075332641602e-01
2.686839550733566284e-02 3.615869283676147461e-01
1.270953863859176636e-01 3.747443854808807373e-01
1.865838021039962769e-01 3.787537515163421631e-01
9.532781690359115601e-02 4.509917199611663818e-01
-1.518053654581308365e-02 4.792550206184387207e-01
-9.177720546722412109e-02 4.694676101207733154e-01
-1.654670387506484985e-01 4.428714215755462646e-01
-2.721560895442962646e-01 3.643906712532043457e-01
-3.260418772697448730e-01 2.581217288970947266e-01
-1.327528208494186401e-01 3.474874794483184814e-01
-6.220675632357597351e-02 3.658710420131683350e-01
7.434309925884008408e-03 3.825939595699310303e-01
1.850304901599884033e-01 3.784048557281494141e-01
8.950440096668899059e-04 3.998904824256896973e-01
-7.302159070968627930e-02 3.894286453723907471e-01
-1.504067182540893555e-01 3.648058176040649414e-01
