-6.764933466911315918e-01 -6.804647445678710938e-01 -3.489970564842224121e-01 1.000000000000000000e+00
-7.103858590126037598e-01 -5.000075101852416992e-01 -2.546290159225463867e-01 1.000000000000000000e+00
-7.372695207595825195e-01 -2.912706136703491211e-01 -1.575571298599243164e-01 1.000000000000000000e+00
-7.347368001937866211e-01 -7.770477980375289917e-02 -1.478033959865570068e-01 0.000000000000000000e+00
-7.043547034263610840e-01 1.460410654544830322e-01 -2.114920765161514282e-01 1.000000000000000000e+00
-6.363226771354675293e-01 3.586379885673522949e-01 -3.424093723297119141e-01 1.000000000000000000e+00
-5.106093883514404297e-01 5.232181549072265625e-01 -4.309082031250000000e-01 1.000000000000000000e+00
-3.528987765312194824e-01 6.715149879455566406e-01 -5.464790463447570801e-01 1.000000000000000000e+00
-1.864007115364074707e-01 7.470959424972534180e-01 -5.318343639373779297e-01 1.000000000000000000e+00
-2.823967672884464264e-02 7.422525882720947266e-01 -4.984134733676910400e-01 1.000000000000000000e+00
1.385267972946166992e-01 6.722555160522460938e-01 -3.365819156169891357e-01 1.000000000000000000e+00
2.872183322906494141e-01 5.709001421928405762e-01 -2.100108563899993896e-01 0.000000000000000000e+00
3.992599844932556152e-01 4.038458466529846191e-01 -5.199391394853591919e-02 0.000000000000000000e+00
5.059735774993896484e-01 2.173559814691543579e-01 3.277183696627616882e-02 0.000000000000000000e+00
6.074730157852172852e-01 3.843715786933898926e-02 3.714715316891670227e-02 0.000000000000000000e+00
7.078224420547485352e-01 -1.482411324977874756e-01 -5.347294360399246216e-02 1.000000000000000000e+00
7.983348369598388672e-01 -3.163242042064666748e-01 -1.320990771055221558e-01 1.000000000000000000e+00
-5.016095638275146484e-01 -5.499110817909240723e-01 -8.152534365653991699e-01 1.000000000000000000e+00
-3.551633656024932861e-01 -6.157916188240051270e-01 -1.013295531272888184e+00 1.000000000000000000e+00
-1.930388063192367554e-01 -5.561636686325073242e-01 -1.128595352172851562e+00 1.000000000000000000e+00
-4.200249537825584412e-02 -4.686007797718048096e-01 -1.161125659942626953e+00 1.000000000000000000e+00
7.493010908365249634e-02 -3.870358467102050781e-01 -1.140794754028320312e+00 1.000000000000000000e+00
2.701296210289001465e-01 -3.409184217453002930e-01 -1.113478541374206543e+00 1.000000000000000000e+00
4.129862785339355469e-01 -3.582983016967773438e-01 -1.095541357994079590e+00 1.000000000000000000e+00
5.695036053657531738e-01 -3.666810095310211182e-01 -1.014688372611999512e+00 1.000000000000000000e+00
6.969374418258666992e-01 -3.585678637027740479e-01 -8.515582084655761719e-01 1.000000000000000000e+00
7.282232046127319336e-01 -2.509616911411285400e-01 -6.280223727226257324e-01 1.000000000000000000e+00
1.274929195642471313e-01 -2.155211865901947021e-01 -1.087688565254211426e+00 1.000000000000000000e+00
9.761479496955871582e-02 -6.690616160631179810e-02 -1.114699959754943848e+00 1.000000000000000000e+00
7.201498746871948242e-02 5.432027205824851990e-02 -1.149401068687438965e+00 1.000000000000000000e+00
4.582710936665534973e-02 1.743522584438323975e-01 -1.170527577400207520e+00 1.000000000000000000e+00
-1.294059455394744873e-01 1.543385386466979980e-01 -9.484572410583496094e-01 1.000000000000000000e+00
-7.095719128847122192e-02 2.046111226081848145e-01 -9.586801528930664062e-01 1.000000000000000000e+00
-1.022256352007389069e-02 2.435276508331298828e-01 -9.583031535148620605e-01 1.000000000000000000e+00
6.054204702377319336e-02 2.373401075601577759e-01 -9.403486847877502441e-01 1.000000000000000000e+00
1.302406936883926392e-01 2.203147560358047485e-01 -9.109959006309509277e-01 0.000000000000000000e+00
-3.656397163867950439e-01 -3.591930270195007324e-01 -9.410814642906188965e-01 1.000000000000000000e+00
-2.615358233451843262e-01 -3.208197951316833496e-01 -1.027996778488159180e+00 1.000000000000000000e+00
-1.714311391115188599e-01 -2.973845601081848145e-01 -1.016726374626159668e+00 1.000000000000000000e+00
-8.974879980087280273e-02 -2.631136775016784668e-01 -9.630360007286071777e-01 1.000000000000000000e+00
-1.800008863210678101e-01 -2.582491338253021240e-01 -9.838318228721618652e-01 1.000000000000000000e+00
-2.782629728317260742e-01 -2.798448204994201660e-01 -9.885281324386596680e-01 1.000000000000000000e+00
2.891414165496826172e-01 -1.649513393640518188e-01 -9.111657738685607910e-01 1.000000000000000000e+00
3.904332518577575684e-01 -1.534926444292068481e-01 -9.367714524269104004e-01 1.000000000000000000e+00
4.820063710212707520e-01 -1.335555166006088257e-01 -9.191720485687255859e-01 1.000000000000000000e+00
5.623382925987243652e-01 -1.268649548292160034e-01 -8.041397333145141602e-01 1.000000000000000000e+00
4.624878168106079102e-01 -9.315036982297897339e-02 -8.798306584358215332e-01 1.000000000000000000e+00
3.686065971851348877e-01 -1.189936324954032898e-01 -9.046345949172973633e-01 1.000000000000000000e+00
-3.300882577896118164e-01 2.563091814517974854e-01 -7.464418411254882812e-01 1.000000000000000000e+00
-2.343355417251586914e-01 2.845788598060607910e-01 -8.553939461708068848e-01 1.000000000000000000e+00
-1.135010048747062683e-01 3.264232277870178223e-01 -9.056069254875183105e-01 1.000000000000000000e+00
-4.536355286836624146e-02 3.546158075332641602e-01 -9.007740616798400879e-01 1.000000000000000000e+00
2.686839550733566284e-02 3.615869283676147461e-01 -8.859409689903259277e-01 1.000000000000000000e+00
1.270953863859176636e-01 3.747443854808807373e-01 -8.027366399765014648e-01 1.000000000000000000e+00
1.865838021039962769e-01 3.787537515163421631e-01 -6.726484298706054688e-01 1.000000000000000000e+00
9.532781690359115601e-02 4.509917199611663818e-01 -7.466648817062377930e-01 1.000000000000000000e+00
-1.518053654581308365e-02 4.792550206184387207e-01 -8.223452568054199219e-01 1.000000000000000000e+00
-9.177720546722412109e-02 4.694676101207733154e-01 -8.365466594696044922e-01 1.000000000000000000e+00
-1.654670387506484985e-01 4.428714215755462646e-01 -8.402262330055236816e-01 1.000000000000000000e+00
-2.721560895442962646e-01 3.643906712532043457e-01 -7.981985211372375488e-01 1.000000000000000000e+00
-3.260418772697448730e-01 2.581217288970947266e-01 -7.436926364898681641e-01 1.000000000000000000e+00
-1.327528208494186401e-01 3.474874794483184814e-01 -8.256475925445556641e-01 0.000000000000000000e+00
-6.220675632357597351e-02 3.658710420131683350e-01 -8.184260129928588867e-01 0.000000000000000000e+00
7.434309925884008408e-03 3.825939595699310303e-01 -8.058084249496459961e-01 0.000000000000000000e+00
1.850304901599884033e-01 3.784048557281494141e-01 -6.734912991523742676e-01 1.000000000000000000e+00
8.950440096668899059e-04 3.998904824256896973e-01 -8.090808987617492676e-01 1.000000000000000000e+00
-7.302159070968627930e-02 3.894286453723907471e-01 -8.319648504257202148e-01 1.000000000000000000e+00
-1.504067182540893555e-01 3.648058176040649414e-01 -8.285055756568908691e-01 1.000000000000000000e+00
