-6.769363880157470703e-01 -1.982722878456115723e-01
-6.521553397178649902e-01 -3.595087677240371704e-02
-5.864173769950866699e-01 1.300344318151473999e-01
-5.016950368881225586e-01 2.741602659225463867e-01
-4.102597534656524658e-01 4.065169394016265869e-01
-2.936132550239562988e-01 5.434714555740356445e-01
-1.577481776475906372e-01 6.779101490974426270e-01
2.833718806505203247e-02 7.917825579643249512e-01
1.873487383127212524e-01 8.035023212432861328e-01
3.469233214855194092e-01 7.113341689109802246e-01
4.906116724014282227e-01 5.647068619728088379e-01
5.812976956367492676e-01 3.862560987472534180e-01
6.612132787704467773e-01 2.017361819744110107e-01
7.029147148132324219e-01 8.880747482180595398e-03
7.207047343254089355e-01 -1.800715476274490356e-01
6.941910386085510254e-01 -3.896948099136352539e-01
6.736242175102233887e-01 -5.782610774040222168e-01
-6.942283511161804199e-01 -3.006628155708312988e-01
-7.092897891998291016e-01 -4.572699964046478271e-01
-6.240721344947814941e-01 -5.137444138526916504e-01
-4.970072209835052490e-01 -5.224070549011230469e-01
-3.682319521903991699e-01 -5.006806850433349609e-01
-1.928602457046508789e-01 -5.523488521575927734e-01
-8.241566270589828491e-02 -6.383942961692810059e-01
7.042102515697479248e-02 -7.009899616241455078e-01
2.505468130111694336e-01 -7.195038795471191406e-01
4.078841209411621094e-01 -6.040534973144531250e-01
-2.434304952621459961e-01 -3.712895214557647705e-01
-2.288632243871688843e-01 -2.473318874835968018e-01
-2.231225073337554932e-01 -1.453956067562103271e-01
-2.104432433843612671e-01 -4.566762596368789673e-02
-2.469996213912963867e-01 5.969285964965820312e-02
-1.887431591749191284e-01 7.132901251316070557e-02
-1.310053467750549316e-01 7.083893567323684692e-02
-7.214981317520141602e-02 4.042858630418777466e-02
-1.334207132458686829e-02 -2.062596147879958153e-03
-6.043162941932678223e-01 -2.396740168333053589e-01
-5.583842396736145020e-01 -2.938503026962280273e-01
-4.753924012184143066e-01 -3.119054138660430908e-01
-3.758548498153686523e-01 -2.933095395565032959e-01
-4.519034624099731445e-01 -2.482621222734451294e-01
-5.289901494979858398e-01 -2.218903899192810059e-01
-2.379784174263477325e-02 -3.854483366012573242e-01
3.663875162601470947e-02 -4.513333737850189209e-01
1.224506050348281860e-01 -4.813461601734161377e-01
2.460207194089889526e-01 -4.682920873165130615e-01
1.428156197071075439e-01 -3.995681703090667725e-01
5.827403068542480469e-02 -3.811536133289337158e-01
-1.983780562877655029e-01 3.710229098796844482e-01
-2.158492654561996460e-01 2.634818851947784424e-01
-1.506854742765426636e-01 2.122623026371002197e-01
-9.326202422380447388e-02 1.992581039667129517e-01
-3.062946908175945282e-02 1.809316724538803101e-01
9.953184425830841064e-02 1.828931272029876709e-01
2.426306903362274170e-01 2.568339705467224121e-01
2.126550674438476562e-01 4.093839228153228760e-01
1.225099191069602966e-01 4.885191619396209717e-01
5.535926669836044312e-02 5.186108350753784180e-01
-1.633581519126892090e-02 5.230848789215087891e-01
-1.139888688921928406e-01 4.920130372047424316e-01
-1.891933977603912354e-01 3.740107119083404541e-01
-1.090112179517745972e-01 2.521506547927856445e-01
-5.764815956354141235e-02 2.331102639436721802e-01
2.345670247450470924e-03 2.236534953117370605e-01
2.402413040399551392e-01 2.562682628631591797e-01
1.103646159172058105e-01 4.200151562690734863e-01
4.912132769823074341e-02 4.408546984195709229e-01
-1.360857672989368439e-02 4.507464468479156494e-01
