-6.461150646209716797e-01 -2.243467867374420166e-01 4.698623716831207275e-01 0.000000000000000000e+00
-5.638359189033508301e-01 -5.421470850706100464e-02 4.885728955268859863e-01 0.000000000000000000e+00
-4.666258692741394043e-01 1.358378827571868896e-01 4.977230429649353027e-01 0.000000000000000000e+00
-3.851849436759948730e-01 3.010900616645812988e-01 4.347368180751800537e-01 0.000000000000000000e+00
-3.143458962440490723e-01 4.626728296279907227e-01 3.175341784954071045e-01 0.000000000000000000e+00
-2.356126010417938232e-01 6.007661223411560059e-01 1.499572992324829102e-01 0.000000000000000000e+00
-1.100426986813545227e-01 7.179028987884521484e-01 3.273438662290573120e-02 1.000000000000000000e+00
3.863301128149032593e-02 7.908802628517150879e-01 -1.046589240431785583e-01 1.000000000000000000e+00
2.132684290409088135e-01 7.956196665763854980e-01 -1.549740433692932129e-01 1.000000000000000000e+00
3.468253612518310547e-01 7.114933729171752930e-01 -1.894862353801727295e-01 1.000000000000000000e+00
4.903972148895263672e-01 5.649006962776184082e-01 -1.439392119646072388e-01 1.000000000000000000e+00
5.812616944313049316e-01 3.869447112083435059e-01 -1.022031828761100769e-01 1.000000000000000000e+00
6.612986326217651367e-01 2.025917321443557739e-01 3.463612869381904602e-03 1.000000000000000000e+00
7.029284238815307617e-01 9.920109063386917114e-03 7.580894976854324341e-02 1.000000000000000000e+00
7.215356826782226562e-01 -1.790296137332916260e-01 9.731031209230422974e-02 1.000000000000000000e+00
6.947185397148132324e-01 -3.899243175983428955e-01 5.337851122021675110e-02 1.000000000000000000e+00
6.740947961807250977e-01 -5.778577327728271484e-01 1.893119141459465027e-02 1.000000000000000000e+00
-6.942283511161804199e-01 -3.006628155708312988e-01 3.204046050086617470e-03 1.000000000000000000e+00
-7.092897891998291016e-01 -4.572699964046478271e-01 -1.717941612005233765e-01 1.000000000000000000e+00
-6.240721344947814941e-01 -5.137444138526916504e-01 -3.403835892677307129e-01 1.000000000000000000e+00
-4.970072209835052490e-01 -5.224070549011230469e-01 -4.458788931369781494e-01 1.000000000000000000e+00
-3.682319521903991699e-01 -5.006806850433349609e-01 -5.021913051605224609e-01 1.000000000000000000e+00
-1.928602457046508789e-01 -5.523488521575927734e-01 -5.629239678382873535e-01 1.000000000000000000e+00
-8.241566270589828491e-02 -6.383942961692810059e-01 -5.900343656539916992e-01 1.000000000000000000e+00
7.042102515697479248e-02 -7.009899616241455078e-01 -5.780063271522521973e-01 1.000000000000000000e+00
2.505468130111694336e-01 -7.195038795471191406e-01 -4.926964342594146729e-01 1.000000000000000000e+00
4.078841209411621094e-01 -6.040534973144531250e-01 -3.654477894306182861e-01 1.000000000000000000e+00
-2.434304952621459961e-01 -3.712895214557647705e-01 -5.406852364540100098e-01 1.000000000000000000e+00
-2.288632243871688843e-01 -2.473318874835968018e-01 -5.991299748420715332e-01 1.000000000000000000e+00
-2.231225073337554932e-01 -1.453956067562103271e-01 -6.608119606971740723e-01 1.000000000000000000e+00
-2.104432433843612671e-01 -4.566762596368789673e-02 -7.041739225387573242e-01 1.000000000000000000e+00
-2.469996213912963867e-01 5.969285964965820312e-02 -4.788136780261993408e-01 1.000000000000000000e+00
-1.887431591749191284e-01 7.132901251316070557e-02 -5.210431218147277832e-01 1.000000000000000000e+00
-1.310053467750549316e-01 7.083893567323684692e-02 -5.546891689300537109e-01 1.000000000000000000e+00
-7.214981317520141602e-02 4.042858630418777466e-02 -5.611805915832519531e-01 1.000000000000000000e+00
-1.334207132458686829e-02 -2.062596147879958153e-03 -5.597237348556518555e-01 1.000000000000000000e+00
-6.043162941932678223e-01 -2.396740168333053589e-01 -2.098700851202011108e-01 1.000000000000000000e+00
-5.583842396736145020e-01 -2.938503026962280273e-01 -3.271629214286804199e-01 1.000000000000000000e+00
-4.753924012184143066e-01 -3.119054138660430908e-01 -3.605500459671020508e-01 1.000000000000000000e+00
-3.758548498153686523e-01 -2.933095395565032959e-01 -3.610226809978485107e-01 1.000000000000000000e+00
-4.519034624099731445e-01 -2.482621222734451294e-01 -3.468986451625823975e-01 1.000000000000000000e+00
-5.289901494979858398e-01 -2.218903899192810059e-01 -3.105803430080413818e-01 1.000000000000000000e+00
-2.379784174263477325e-02 -3.854483366012573242e-01 -4.863102734088897705e-01 1.000000000000000000e+00
3.663875162601470947e-02 -4.513333737850189209e-01 -5.407740473747253418e-01 1.000000000000000000e+00
1.224506050348281860e-01 -4.813461601734161377e-01 -5.641812682151794434e-01 1.000000000000000000e+00
2.460207194089889526e-01 -4.682920873165130615e-01 -5.044163465499877930e-01 1.000000000000000000e+00
1.428156197071075439e-01 -3.995681703090667725e-01 -5.448788404464721680e-01 1.000000000000000000e+00
5.827403068542480469e-02 -3.811536133289337158e-01 -5.250975489616394043e-01 1.000000000000000000e+00
-1.983780562877655029e-01 3.710229098796844482e-01 -2.614334523677825928e-01 1.000000000000000000e+00
-2.158492654561996460e-01 2.634818851947784424e-01 -4.164040982723236084e-01 1.000000000000000000e+00
-1.506854742765426636e-01 2.122623026371002197e-01 -5.225831270217895508e-01 1.000000000000000000e+00
-9.326202422380447388e-02 1.992581039667129517e-01 -5.519132614135742188e-01 1.000000000000000000e+00
-3.062946908175945282e-02 1.809316724538803101e-01 -5.636489391326904297e-01 1.000000000000000000e+00
9.953184425830841064e-02 1.828931272029876709e-01 -5.216302871704101562e-01 1.000000000000000000e+00
2.426306903362274170e-01 2.568339705467224121e-01 -3.984574377536773682e-01 1.000000000000000000e+00
2.126550674438476562e-01 4.093839228153228760e-01 -4.241052269935607910e-01 1.000000000000000000e+00
1.225099191069602966e-01 4.885191619396209717e-01 -4.502427875995635986e-01 1.000000000000000000e+00
5.535926669836044312e-02 5.186108350753784180e-01 -4.366123676300048828e-01 1.000000000000000000e+00
-1.633581519126892090e-02 5.230848789215087891e-01 -4.097636044025421143e-01 1.000000000000000000e+00
-1.139888688921928406e-01 4.920130372047424316e-01 -3.317549824714660645e-01 1.000000000000000000e+00
-1.891933977603912354e-01 3.740107119083404541e-01 -2.552703022956848145e-01 1.000000000000000000e+00
-1.090112179517745972e-01 2.521506547927856445e-01 -4.449057281017303467e-01 1.000000000000000000e+00
-5.764815956354141235e-02 2.331102639436721802e-01 -4.715436995029449463e-01 1.000000000000000000e+00
2.345670247450470924e-03 2.236534953117370605e-01 -4.821158647537231445e-01 0.000000000000000000e+00
2.402413040399551392e-01 2.562682628631591797e-01 -3.976958394050598145e-01 1.000000000000000000e+00
1.103646159172058105e-01 4.200151562690734863e-01 -4.059138894081115723e-01 1.000000000000000000e+00
4.912132769823074341e-02 4.408546984195709229e-01 -3.934343755245208740e-01 1.000000000000000000e+00
-1.360857672989368439e-02 4.507464468479156494e-01 -3.698376417160034180e-01 1.000000000000000000e+00
