-7.124277353286743164e-01 -1.766701340675354004e-01
-6.850338578224182129e-01 -1.431000791490077972e-02
-6.145420074462890625e-01 1.509773880243301392e-01
-5.372055768966674805e-01 2.978889346122741699e-01
-4.486799240112304688e-01 4.331848323345184326e-01
-3.320456743240356445e-01 5.646032691001892090e-01
-1.885570883750915527e-01 6.782456636428833008e-01
1.955435611307621002e-03 7.631411552429199219e-01
1.644249260425567627e-01 7.650214433670043945e-01
3.317106962203979492e-01 6.813599467277526855e-01
4.940986931324005127e-01 5.464866161346435547e-01
6.052299141883850098e-01 3.779086768627166748e-01
6.884453892707824707e-01 1.937378197908401489e-01
7.330181598663330078e-01 -3.711254335939884186e-03
7.357844114303588867e-01 -1.991890072822570801e-01
7.011109590530395508e-01 -4.090643227100372314e-01
6.734942197799682617e-01 -6.053335070610046387e-01
-7.284244298934936523e-01 -2.767205536365509033e-01
-7.310808300971984863e-01 -4.242321550846099854e-01
-6.336094141006469727e-01 -4.734720289707183838e-01
-4.980041682720184326e-01 -4.815742969512939453e-01
-3.665299117565155029e-01 -4.666782617568969727e-01
-1.867131143808364868e-01 -5.216588377952575684e-01
-7.514068484306335449e-02 -6.041070222854614258e-01
7.848621904850006104e-02 -6.717441082000732422e-01
2.572128772735595703e-01 -7.026705741882324219e-01
4.215288162231445312e-01 -6.025724411010742188e-01
-2.378433048725128174e-01 -3.453261256217956543e-01
-2.167495787143707275e-01 -2.207132130861282349e-01
-2.077463269233703613e-01 -1.226612553000450134e-01
-1.923027634620666504e-01 -2.507456764578819275e-02
-2.460767626762390137e-01 7.740787416696548462e-02
-1.803294569253921509e-01 8.926200866699218750e-02
-1.164366379380226135e-01 8.899620175361633301e-02
-5.419475957751274109e-02 5.378947407007217407e-02
9.676764719188213348e-03 7.004062179476022720e-03
-6.147572398185729980e-01 -1.971466988325119019e-01
-5.525250434875488281e-01 -2.176456004381179810e-01
-4.741768538951873779e-01 -2.417077124118804932e-01
-3.793463110923767090e-01 -2.581276893615722656e-01
-4.596860706806182861e-01 -2.159005999565124512e-01
-5.414680242538452148e-01 -1.866543740034103394e-01
-9.584671817719936371e-03 -3.584618866443634033e-01
6.718895584344863892e-02 -3.888715505599975586e-01
1.492729634046554565e-01 -4.105210304260253906e-01
2.622922062873840332e-01 -4.408070445060729980e-01
1.628289818763732910e-01 -3.806633353233337402e-01
7.383183389902114868e-02 -3.616711497306823730e-01
-2.226873338222503662e-01 3.473533689975738525e-01
-2.162781059741973877e-01 2.716791629791259766e-01
-1.364078521728515625e-01 2.300450205802917480e-01
-7.316418737173080444e-02 2.187213152647018433e-01
-7.802870124578475952e-03 1.937908530235290527e-01
1.224847435951232910e-01 1.783346831798553467e-01
2.557204067707061768e-01 2.181663364171981812e-01
2.100492119789123535e-01 3.489714860916137695e-01
1.105542182922363281e-01 4.210032224655151367e-01
3.931767120957374573e-02 4.501204192638397217e-01
-3.569499403238296509e-02 4.579541087150573730e-01
-1.391123980283737183e-01 4.399876296520233154e-01
-2.147105932235717773e-01 3.482793867588043213e-01
-1.018309444189071655e-01 2.667976617813110352e-01
-4.193874821066856384e-02 2.473066151142120361e-01
2.274504862725734711e-02 2.319921702146530151e-01
2.533120214939117432e-01 2.179237604141235352e-01
9.714668244123458862e-02 3.475809693336486816e-01
2.917768061161041260e-02 3.682872056961059570e-01
-4.079252108931541443e-02 3.830068707466125488e-01
