-7.016996741294860840e-01 -2.247040569782257080e-01 3.953337371349334717e-01 0.000000000000000000e+00
-6.158196926116943359e-01 -4.936231672763824463e-02 4.238713979721069336e-01 0.000000000000000000e+00
-5.186749100685119629e-01 1.484531611204147339e-01 4.427901208400726318e-01 0.000000000000000000e+00
-4.348400235176086426e-01 3.224014937877655029e-01 3.826904594898223877e-01 0.000000000000000000e+00
-3.540619015693664551e-01 4.846225976943969727e-01 2.548955380916595459e-01 0.000000000000000000e+00
-2.687596380710601807e-01 6.182596087455749512e-01 6.840372830629348755e-02 0.000000000000000000e+00
-1.357553750276565552e-01 7.129431366920471191e-01 -7.387848198413848877e-02 1.000000000000000000e+00
1.366010028868913651e-02 7.641083002090454102e-01 -2.402037680149078369e-01 1.000000000000000000e+00
1.907716244459152222e-01 7.617237567901611328e-01 -2.918976545333862305e-01 1.000000000000000000e+00
3.313683867454528809e-01 6.820532679557800293e-01 -3.129509687423706055e-01 1.000000000000000000e+00
4.929650425910949707e-01 5.475191473960876465e-01 -2.317063510417938232e-01 1.000000000000000000e+00
6.047251820564270020e-01 3.812163174152374268e-01 -1.637176871299743652e-01 1.000000000000000000e+00
6.888183355331420898e-01 1.979042142629623413e-01 -3.583344072103500366e-02 1.000000000000000000e+00
7.335314154624938965e-01 1.465394860133528709e-03 4.770201817154884338e-02 1.000000000000000000e+00
7.395801544189453125e-01 -1.941118687391281128e-01 7.158520817756652832e-02 1.000000000000000000e+00
7.035574913024902344e-01 -4.103914201259613037e-01 2.216815017163753510e-02 1.000000000000000000e+00
6.762439608573913574e-01 -6.038030982017517090e-01 -2.069868333637714386e-02 1.000000000000000000e+00
-7.284244298934936523e-01 -2.767205536365509033e-01 -9.556400030851364136e-02 1.000000000000000000e+00
-7.310808300971984863e-01 -4.242321550846099854e-01 -2.851711511611938477e-01 1.000000000000000000e+00
-6.336094141006469727e-01 -4.734720289707183838e-01 -4.545813202857971191e-01 1.000000000000000000e+00
-4.980041682720184326e-01 -4.815742969512939453e-01 -5.573036670684814453e-01 1.000000000000000000e+00
-3.665299117565155029e-01 -4.666782617568969727e-01 -6.063518524169921875e-01 1.000000000000000000e+00
-1.867131143808364868e-01 -5.216588377952575684e-01 -6.613910198211669922e-01 1.000000000000000000e+00
-7.514068484306335449e-02 -6.041070222854614258e-01 -6.859620213508605957e-01 1.000000000000000000e+00
7.848621904850006104e-02 -6.717441082000732422e-01 -6.709201931953430176e-01 1.000000000000000000e+00
2.572128772735595703e-01 -7.026705741882324219e-01 -5.794475674629211426e-01 1.000000000000000000e+00
4.215288162231445312e-01 -6.025724411010742188e-01 -4.374933838844299316e-01 1.000000000000000000e+00
-2.378433048725128174e-01 -3.453261256217956543e-01 -6.355065107345581055e-01 1.000000000000000000e+00
-2.167495787143707275e-01 -2.207132130861282349e-01 -6.901936531066894531e-01 1.000000000000000000e+00
-2.077463269233703613e-01 -1.226612553000450134e-01 -7.515555024147033691e-01 1.000000000000000000e+00
-1.923027634620666504e-01 -2.507456764578819275e-02 -7.938627600669860840e-01 1.000000000000000000e+00
-2.460767626762390137e-01 7.740787416696548462e-02 -5.633936524391174316e-01 1.000000000000000000e+00
-1.803294569253921509e-01 8.926200866699218750e-02 -6.055106520652770996e-01 1.000000000000000000e+00
-1.164366379380226135e-01 8.899620175361633301e-02 -6.372904181480407715e-01 1.000000000000000000e+00
-5.419475957751274109e-02 5.378947407007217407e-02 -6.440891623497009277e-01 1.000000000000000000e+00
9.676764719188213348e-03 7.004062179476022720e-03 -6.419819593429565430e-01 1.000000000000000000e+00
-6.147572398185729980e-01 -1.971466988325119019e-01 -3.139460980892181396e-01 1.000000000000000000e+00
-5.525250434875488281e-01 -2.176456004381179810e-01 -4.310370385646820068e-01 1.000000000000000000e+00
-4.741768538951873779e-01 -2.417077124118804932e-01 -4.575575590133666992e-01 1.000000000000000000e+00
-3.793463110923767090e-01 -2.581276893615722656e-01 -4.566206634044647217e-01 1.000000000000000000e+00
-4.596860706806182861e-01 -2.159005999565124512e-01 -4.463376998901367188e-01 1.000000000000000000e+00
-5.414680242538452148e-01 -1.866543740034103394e-01 -4.118639230728149414e-01 1.000000000000000000e+00
-9.584671817719936371e-03 -3.584618866443634033e-01 -5.724723339080810547e-01 1.000000000000000000e+00
6.718895584344863892e-02 -3.888715505599975586e-01 -6.243552565574645996e-01 1.000000000000000000e+00
1.492729634046554565e-01 -4.105210304260253906e-01 -6.450430154800415039e-01 1.000000000000000000e+00
2.622922062873840332e-01 -4.408070445060729980e-01 -5.831477046012878418e-01 1.000000000000000000e+00
1.628289818763732910e-01 -3.806633353233337402e-01 -6.286724805831909180e-01 1.000000000000000000e+00
7.383183389902114868e-02 -3.616711497306823730e-01 -6.101411581039428711e-01 1.000000000000000000e+00
-2.226873338222503662e-01 3.473533689975738525e-01 -3.633266985416412354e-01 1.000000000000000000e+00
-2.162781059741973877e-01 2.716791629791259766e-01 -4.996784627437591553e-01 1.000000000000000000e+00
-1.364078521728515625e-01 2.300450205802917480e-01 -6.001586914062500000e-01 1.000000000000000000e+00
-7.316418737173080444e-02 2.187213152647018433e-01 -6.273394227027893066e-01 1.000000000000000000e+00
-7.802870124578475952e-03 1.937908530235290527e-01 -6.382724642753601074e-01 1.000000000000000000e+00
1.224847435951232910e-01 1.783346831798553467e-01 -5.970311760902404785e-01 1.000000000000000000e+00
2.557204067707061768e-01 2.181663364171981812e-01 -4.875373840332031250e-01 1.000000000000000000e+00
2.100492119789123535e-01 3.489714860916137695e-01 -5.309006571769714355e-01 1.000000000000000000e+00
1.105542182922363281e-01 4.210032224655151367e-01 -5.717831254005432129e-01 1.000000000000000000e+00
3.931767120957374573e-02 4.501204192638397217e-01 -5.604327917098999023e-01 1.000000000000000000e+00
-3.569499403238296509e-02 4.579541087150573730e-01 -5.347833633422851562e-01 1.000000000000000000e+00
-1.391123980283737183e-01 4.399876296520233154e-01 -4.506410062313079834e-01 1.000000000000000000e+00
-2.147105932235717773e-01 3.482793867588043213e-01 -3.599458336830139160e-01 1.000000000000000000e+00
-1.018309444189071655e-01 2.667976617813110352e-01 -5.254799723625183105e-01 0.000000000000000000e+00
-4.193874821066856384e-02 2.473066151142120361e-01 -5.490775704383850098e-01 1.000000000000000000e+00
2.274504862725734711e-02 2.319921702146530151e-01 -5.626991987228393555e-01 0.000000000000000000e+00
2.533120214939117432e-01 2.179237604141235352e-01 -4.874682724475860596e-01 1.000000000000000000e+00
9.714668244123458862e-02 3.475809693336486816e-01 -5.315385460853576660e-01 1.000000000000000000e+00
2.917768061161041260e-02 3.682872056961059570e-01 -5.241187810897827148e-01 1.000000000000000000e+00
-4.079252108931541443e-02 3.830068707466125488e-01 -4.985402226448059082e-01 1.000000000000000000e+00
