-7.303157448768615723e-01 -4.083207249641418457e-01
-7.495597004890441895e-01 -2.400843352079391479e-01
-7.366884350776672363e-01 -7.085715234279632568e-02
-6.936771869659423828e-01 8.858126401901245117e-02
-6.411700844764709473e-01 2.412665635347366333e-01
-5.631292462348937988e-01 3.986023962497711182e-01
-4.584501087665557861e-01 5.444411039352416992e-01
-3.274204134941101074e-01 6.760601401329040527e-01
-1.787431538105010986e-01 7.155754566192626953e-01
1.166479196399450302e-02 6.855832934379577637e-01
2.209866791963577271e-01 6.036148071289062500e-01
3.942995369434356689e-01 4.879069030284881592e-01
5.468810796737670898e-01 3.315694034099578857e-01
6.537732481956481934e-01 1.432656943798065186e-01
7.229858636856079102e-01 -5.072513967752456665e-02
7.430289983749389648e-01 -2.732211351394653320e-01
7.654905319213867188e-01 -4.721986055374145508e-01
-7.299700379371643066e-01 -5.182663202285766602e-01
-7.101156115531921387e-01 -6.662595868110656738e-01
-6.189044713973999023e-01 -6.800725460052490234e-01
-4.912337660789489746e-01 -6.463522911071777344e-01
-3.679248690605163574e-01 -5.916898846626281738e-01
-1.731272786855697632e-01 -5.917668938636779785e-01
-3.992486000061035156e-02 -6.426360011100769043e-01
1.361222118139266968e-01 -6.727063059806823730e-01
3.287937343120574951e-01 -6.588019132614135742e-01
4.759276509284973145e-01 -5.098945498466491699e-01
-2.711618840694427490e-01 -4.267302751541137695e-01
-2.921628057956695557e-01 -2.867673635482788086e-01
-3.164603412151336670e-01 -1.766652017831802368e-01
-3.331777453422546387e-01 -6.501761823892593384e-02
-3.867975175380706787e-01 1.713505759835243225e-02
-3.319390714168548584e-01 4.549901187419891357e-02
-2.723760902881622314e-01 6.544756889343261719e-02
-2.017453312873840332e-01 4.685474187135696411e-02
-1.276152878999710083e-01 2.090125344693660736e-02
-6.523356437683105469e-01 -4.116145074367523193e-01
-6.000570058822631836e-01 -4.422959685325622559e-01
-5.106902718544006348e-01 -4.370208978652954102e-01
-4.116178154945373535e-01 -3.934515416622161865e-01
-4.977062940597534180e-01 -3.669305741786956787e-01
-5.870248675346374512e-01 -3.638626933097839355e-01
-3.265765309333801270e-02 -3.862863481044769287e-01
4.233012720942497253e-02 -4.267873764038085938e-01
1.369621604681015015e-01 -4.315001070499420166e-01
2.638338804244995117e-01 -3.998205959796905518e-01
1.418870985507965088e-01 -3.534269630908966064e-01
4.536612331867218018e-02 -3.585863709449768066e-01
-4.357428252696990967e-01 2.315407246351242065e-01
-4.091489017009735107e-01 2.008611112833023071e-01
-3.273259103298187256e-01 1.934407800436019897e-01
-2.648647129535675049e-01 2.014601826667785645e-01
-1.960674822330474854e-01 1.947874277830123901e-01
-6.773635745048522949e-02 2.058303505182266235e-01
5.194900557398796082e-02 2.400036156177520752e-01
-4.357170313596725464e-02 3.223152458667755127e-01
-1.672546565532684326e-01 3.587116599082946777e-01
-2.413854002952575684e-01 3.653046488761901855e-01
-3.108861148357391357e-01 3.551006913185119629e-01
-3.937351405620574951e-01 3.147090971469879150e-01
-4.297867715358734131e-01 2.326747477054595947e-01
-3.017540872097015381e-01 2.393732070922851562e-01
-2.388991117477416992e-01 2.390184998512268066e-01
-1.724312752485275269e-01 2.406670898199081421e-01
4.983633384108543396e-02 2.394492328166961670e-01
-1.582379341125488281e-01 2.817803025245666504e-01
-2.312799841165542603e-01 2.836529612541198730e-01
-2.983963787555694580e-01 2.788984477519989014e-01
