-6.668185591697692871e-01 -4.882904291152954102e-01 4.043312370777130127e-01 0.000000000000000000e+00
-6.285303235054016113e-01 -2.901693284511566162e-01 4.410957098007202148e-01 0.000000000000000000e+00
-5.806643366813659668e-01 -6.816399097442626953e-02 4.686461091041564941e-01 0.000000000000000000e+00
-5.475264787673950195e-01 1.316629201173782349e-01 4.083589613437652588e-01 0.000000000000000000e+00
-5.272421240806579590e-01 3.209891617298126221e-01 2.757377624511718750e-01 0.000000000000000000e+00
-5.014423131942749023e-01 4.767079949378967285e-01 7.388772070407867432e-02 0.000000000000000000e+00
-4.141561985015869141e-01 5.924870967864990234e-01 -9.421586990356445312e-02 1.000000000000000000e+00
-3.119859397411346436e-01 6.809089779853820801e-01 -2.944692671298980713e-01 1.000000000000000000e+00
-1.458586305379867554e-01 7.213408946990966797e-01 -3.712398707866668701e-01 1.000000000000000000e+00
1.166479196399450302e-02 6.855832934379577637e-01 -4.093810021877288818e-01 1.000000000000000000e+00
2.209866791963577271e-01 6.036148071289062500e-01 -3.277021050453186035e-01 1.000000000000000000e+00
3.942995369434356689e-01 4.879069030284881592e-01 -2.621607184410095215e-01 1.000000000000000000e+00
5.468810796737670898e-01 3.315694034099578857e-01 -1.332612186670303345e-01 1.000000000000000000e+00
6.537732481956481934e-01 1.432656943798065186e-01 -5.339105054736137390e-02 1.000000000000000000e+00
7.229858636856079102e-01 -5.072513967752456665e-02 -3.928316012024879456e-02 1.000000000000000000e+00
7.430289983749389648e-01 -2.732211351394653320e-01 -1.013409420847892761e-01 1.000000000000000000e+00
7.654905319213867188e-01 -4.721986055374145508e-01 -1.558451801538467407e-01 1.000000000000000000e+00
-7.299700379371643066e-01 -5.182663202285766602e-01 -1.039184108376502991e-01 1.000000000000000000e+00
-7.101156115531921387e-01 -6.662595868110656738e-01 -3.119266927242279053e-01 1.000000000000000000e+00
-6.189044713973999023e-01 -6.800725460052490234e-01 -4.997839629650115967e-01 1.000000000000000000e+00
-4.912337660789489746e-01 -6.463522911071777344e-01 -6.193639636039733887e-01 1.000000000000000000e+00
-3.679248690605163574e-01 -5.916898846626281738e-01 -6.793490052223205566e-01 1.000000000000000000e+00
-1.731272786855697632e-01 -5.917668938636779785e-01 -7.563432455062866211e-01 1.000000000000000000e+00
-3.992486000061035156e-02 -6.426360011100769043e-01 -7.977542877197265625e-01 1.000000000000000000e+00
1.361222118139266968e-01 -6.727063059806823730e-01 -7.937887310981750488e-01 1.000000000000000000e+00
3.287937343120574951e-01 -6.588019132614135742e-01 -7.102810740470886230e-01 1.000000000000000000e+00
4.759276509284973145e-01 -5.098945498466491699e-01 -5.672936439514160156e-01 1.000000000000000000e+00
-2.711618840694427490e-01 -4.267302751541137695e-01 -7.093888521194458008e-01 1.000000000000000000e+00
-2.921628057956695557e-01 -2.867673635482788086e-01 -7.639364004135131836e-01 1.000000000000000000e+00
-3.164603412151336670e-01 -1.766652017831802368e-01 -8.204808831214904785e-01 1.000000000000000000e+00
-3.331777453422546387e-01 -6.501761823892593384e-02 -8.618470430374145508e-01 1.000000000000000000e+00
-3.867975175380706787e-01 1.713505759835243225e-02 -6.023426651954650879e-01 1.000000000000000000e+00
-3.319390714168548584e-01 4.549901187419891357e-02 -6.507902741432189941e-01 1.000000000000000000e+00
-2.723760902881622314e-01 6.544756889343261719e-02 -6.892763972282409668e-01 1.000000000000000000e+00
-2.017453312873840332e-01 4.685474187135696411e-02 -7.014108896255493164e-01 1.000000000000000000e+00
-1.276152878999710083e-01 2.090125344693660736e-02 -7.032321095466613770e-01 1.000000000000000000e+00
-6.523356437683105469e-01 -4.116145074367523193e-01 -3.247858583927154541e-01 1.000000000000000000e+00
-6.000570058822631836e-01 -4.422959685325622559e-01 -4.568701982498168945e-01 1.000000000000000000e+00
-5.106902718544006348e-01 -4.370208978652954102e-01 -4.973894953727722168e-01 1.000000000000000000e+00
-4.116178154945373535e-01 -3.934515416622161865e-01 -4.960807561874389648e-01 1.000000000000000000e+00
-4.977062940597534180e-01 -3.669305741786956787e-01 -4.743829667568206787e-01 1.000000000000000000e+00
-5.870248675346374512e-01 -3.638626933097839355e-01 -4.288361966609954834e-01 1.000000000000000000e+00
-3.265765309333801270e-02 -3.862863481044769287e-01 -6.486955881118774414e-01 1.000000000000000000e+00
4.233012720942497253e-02 -4.267873764038085938e-01 -7.169411778450012207e-01 1.000000000000000000e+00
1.369621604681015015e-01 -4.315001070499420166e-01 -7.472110986709594727e-01 1.000000000000000000e+00
2.638338804244995117e-01 -3.998205959796905518e-01 -6.841021180152893066e-01 1.000000000000000000e+00
1.418870985507965088e-01 -3.534269630908966064e-01 -7.166363596916198730e-01 1.000000000000000000e+00
4.536612331867218018e-02 -3.585863709449768066e-01 -6.903855800628662109e-01 1.000000000000000000e+00
-4.357428252696990967e-01 2.315407246351242065e-01 -3.945842385292053223e-01 1.000000000000000000e+00
-4.091489017009735107e-01 2.008611112833023071e-01 -5.332469940185546875e-01 1.000000000000000000e+00
-3.273259103298187256e-01 1.934407800436019897e-01 -6.380071640014648438e-01 1.000000000000000000e+00
-2.648647129535675049e-01 2.014601826667785645e-01 -6.707419753074645996e-01 1.000000000000000000e+00
-1.960674822330474854e-01 1.947874277830123901e-01 -6.893146038055419922e-01 1.000000000000000000e+00
-6.773635745048522949e-02 2.058303505182266235e-01 -6.652984619140625000e-01 1.000000000000000000e+00
5.194900557398796082e-02 2.400036156177520752e-01 -5.765346884727478027e-01 1.000000000000000000e+00
-4.357170313596725464e-02 3.223152458667755127e-01 -6.194333434104919434e-01 1.000000000000000000e+00
-1.672546565532684326e-01 3.587116599082946777e-01 -6.468493938446044922e-01 1.000000000000000000e+00
-2.413854002952575684e-01 3.653046488761901855e-01 -6.264796257019042969e-01 1.000000000000000000e+00
-3.108861148357391357e-01 3.551006913185119629e-01 -5.926396846771240234e-01 1.000000000000000000e+00
-3.937351405620574951e-01 3.147090971469879150e-01 -4.934396445751190186e-01 1.000000000000000000e+00
-4.297867715358734131e-01 2.326747477054595947e-01 -3.942280709743499756e-01 1.000000000000000000e+00
-3.017540872097015381e-01 2.393732070922851562e-01 -5.706598758697509766e-01 0.000000000000000000e+00
-2.388991117477416992e-01 2.390184998512268066e-01 -5.998036861419677734e-01 0.000000000000000000e+00
-1.724312752485275269e-01 2.406670898199081421e-01 -6.211573481559753418e-01 0.000000000000000000e+00
4.983633384108543396e-02 2.394492328166961670e-01 -5.764667391777038574e-01 1.000000000000000000e+00
-1.582379341125488281e-01 2.817803025245666504e-01 -6.208424568176269531e-01 1.000000000000000000e+00
-2.312799841165542603e-01 2.836529612541198730e-01 -6.057361364364624023e-01 1.000000000000000000e+00
-2.983963787555694580e-01 2.788984477519989014e-01 -5.684401392936706543e-01 1.000000000000000000e+00
