-7.097128629684448242e-01 -1.968289166688919067e-01
-6.868328452110290527e-01 -3.308853879570960999e-02
-6.287616491317749023e-01 1.249356493353843689e-01
-5.484134554862976074e-01 2.650877833366394043e-01
-4.620811045169830322e-01 3.991951048374176025e-01
-3.492366969585418701e-01 5.311912298202514648e-01
-2.098730504512786865e-01 6.431760191917419434e-01
-4.280648380517959595e-02 7.338311076164245605e-01
1.115330159664154053e-01 7.351194620132446289e-01
2.836245000362396240e-01 6.620986461639404297e-01
4.562235176563262939e-01 5.382401347160339355e-01
5.860605239868164062e-01 3.889310061931610107e-01
6.853541135787963867e-01 2.065237164497375488e-01
7.399481534957885742e-01 3.769881092011928558e-03
7.624709010124206543e-01 -1.967290192842483521e-01
7.327123880386352539e-01 -4.128868877887725830e-01
7.107484340667724609e-01 -6.068741679191589355e-01
-7.319605946540832520e-01 -2.995447814464569092e-01
-7.446402907371520996e-01 -4.472442865371704102e-01
-6.575610041618347168e-01 -4.873628914356231689e-01
-5.234592556953430176e-01 -4.864427447319030762e-01
-3.908660709857940674e-01 -4.629563391208648682e-01
-2.022058814764022827e-01 -5.117324590682983398e-01
-8.545497059822082520e-02 -5.957328081130981445e-01
7.610347867012023926e-02 -6.653547286987304688e-01
2.614319622516632080e-01 -6.926892399787902832e-01
4.329170882701873779e-01 -5.832290649414062500e-01
-2.597152292728424072e-01 -3.284165263175964355e-01
-2.440632134675979614e-01 -1.910790503025054932e-01
-2.398496866226196289e-01 -8.240904659032821655e-02
-2.284638434648513794e-01 2.538908459246158600e-02
-2.639262974262237549e-01 1.189691871404647827e-01
-2.041092962026596069e-01 1.337944567203521729e-01
-1.424093395471572876e-01 1.394506841897964478e-01
-8.032751083374023438e-02 1.045148000121116638e-01
-1.787366718053817749e-02 6.134931743144989014e-02
-6.350706219673156738e-01 -2.226015776395797729e-01
-5.893535614013671875e-01 -2.675848305225372314e-01
-5.021827220916748047e-01 -2.835202217102050781e-01
-3.984236717224121094e-01 -2.634844183921813965e-01
-4.741582572460174561e-01 -2.181996256113052368e-01
-5.593096017837524414e-01 -1.937773078680038452e-01
-2.069177106022834778e-02 -3.501211404800415039e-01
3.923360258340835571e-02 -4.155861437320709229e-01
1.302787065505981445e-01 -4.452017843723297119e-01
2.596058845520019531e-01 -4.362704753875732422e-01
1.547167152166366577e-01 -3.609228134155273438e-01
6.116165220737457275e-02 -3.419224321842193604e-01
-2.540364861488342285e-01 3.390379846096038818e-01
-2.377863973379135132e-01 3.030876219272613525e-01
-1.622101366519927979e-01 2.768988013267517090e-01
-1.007581204175949097e-01 2.696556746959686279e-01
-3.659008070826530457e-02 2.471031993627548218e-01
8.921555429697036743e-02 2.270770817995071411e-01
2.179858237504959106e-01 2.309180796146392822e-01
1.556181758642196655e-01 3.345643281936645508e-01
4.951391741633415222e-02 3.999851047992706299e-01
-1.989088580012321472e-02 4.233670830726623535e-01
-8.945545554161071777e-02 4.303974807262420654e-01
-1.838442683219909668e-01 4.100593328475952148e-01
-2.473337352275848389e-01 3.393436074256896973e-01
-1.276880055665969849e-01 3.151850700378417969e-01
-6.781437993049621582e-02 2.998100817203521729e-01
-3.866683226078748703e-03 2.855522036552429199e-01
2.157481461763381958e-01 2.310156077146530151e-01
4.047493636608123779e-02 3.261023759841918945e-01
-2.919909171760082245e-02 3.453090190887451172e-01
-9.570048749446868896e-02 3.565026223659515381e-01
