-6.773185133934020996e-01 -2.747909426689147949e-01 3.890232741832733154e-01 0.000000000000000000e+00
-5.918297171592712402e-01 -9.722578525543212891e-02 4.223893880844116211e-01 0.000000000000000000e+00
-4.919838905334472656e-01 1.012766957283020020e-01 4.460858702659606934e-01 0.000000000000000000e+00
-4.078304767608642578e-01 2.800919413566589355e-01 3.842669129371643066e-01 0.000000000000000000e+00
-3.402931690216064453e-01 4.533728063106536865e-01 2.534626722335815430e-01 0.000000000000000000e+00
-2.748197317123413086e-01 5.925511121749877930e-01 5.562711507081985474e-02 0.000000000000000000e+00
-1.571004986763000488e-01 6.793162822723388672e-01 -1.043392941355705261e-01 1.000000000000000000e+00
-2.806671150028705597e-02 7.355525493621826172e-01 -2.925799489021301270e-01 1.000000000000000000e+00
1.421992629766464233e-01 7.329261302947998047e-01 -3.583009541034698486e-01 1.000000000000000000e+00
2.836245000362396240e-01 6.620986461639404297e-01 -3.898451626300811768e-01 1.000000000000000000e+00
4.562235176563262939e-01 5.382401347160339355e-01 -3.071942031383514404e-01 1.000000000000000000e+00
5.860605239868164062e-01 3.889310061931610107e-01 -2.402112185955047607e-01 1.000000000000000000e+00
6.853541135787963867e-01 2.065237164497375488e-01 -1.096537038683891296e-01 1.000000000000000000e+00
7.399481534957885742e-01 3.769881092011928558e-03 -2.911271527409553528e-02 1.000000000000000000e+00
7.624709010124206543e-01 -1.967290192842483521e-01 -1.368129532784223557e-02 1.000000000000000000e+00
7.327123880386352539e-01 -4.128868877887725830e-01 -7.408569008111953735e-02 1.000000000000000000e+00
7.107484340667724609e-01 -6.068741679191589355e-01 -1.258684396743774414e-01 1.000000000000000000e+00
-7.319605946540832520e-01 -2.995447814464569092e-01 -1.093351915478706360e-01 1.000000000000000000e+00
-7.446402907371520996e-01 -4.472442865371704102e-01 -3.098889887332916260e-01 1.000000000000000000e+00
-6.575610041618347168e-01 -4.873628914356231689e-01 -4.907160103321075439e-01 1.000000000000000000e+00
-5.234592556953430176e-01 -4.864427447319030762e-01 -6.046685576438903809e-01 1.000000000000000000e+00
-3.908660709857940674e-01 -4.629563391208648682e-01 -6.623800396919250488e-01 1.000000000000000000e+00
-2.022058814764022827e-01 -5.117324590682983398e-01 -7.337045669555664062e-01 1.000000000000000000e+00
-8.545497059822082520e-02 -5.957328081130981445e-01 -7.690082788467407227e-01 1.000000000000000000e+00
7.610347867012023926e-02 -6.653547286987304688e-01 -7.618103027343750000e-01 1.000000000000000000e+00
2.614319622516632080e-01 -6.926892399787902832e-01 -6.772491335868835449e-01 1.000000000000000000e+00
4.329170882701873779e-01 -5.832290649414062500e-01 -5.352578163146972656e-01 1.000000000000000000e+00
-2.597152292728424072e-01 -3.284165263175964355e-01 -6.936651468276977539e-01 1.000000000000000000e+00
-2.440632134675979614e-01 -1.910790503025054932e-01 -7.452449798583984375e-01 1.000000000000000000e+00
-2.398496866226196289e-01 -8.240904659032821655e-02 -8.004309535026550293e-01 1.000000000000000000e+00
-2.284638434648513794e-01 2.538908459246158600e-02 -8.398113250732421875e-01 1.000000000000000000e+00
-2.639262974262237549e-01 1.189691871404647827e-01 -5.914869308471679688e-01 1.000000000000000000e+00
-2.041092962026596069e-01 1.337944567203521729e-01 -6.362965703010559082e-01 1.000000000000000000e+00
-1.424093395471572876e-01 1.394506841897964478e-01 -6.721656322479248047e-01 1.000000000000000000e+00
-8.032751083374023438e-02 1.045148000121116638e-01 -6.825064420700073242e-01 1.000000000000000000e+00
-1.787366718053817749e-02 6.134931743144989014e-02 -6.835196614265441895e-01 1.000000000000000000e+00
-6.350706219673156738e-01 -2.226015776395797729e-01 -3.255488276481628418e-01 1.000000000000000000e+00
-5.893535614013671875e-01 -2.675848305225372314e-01 -4.530015289783477783e-01 1.000000000000000000e+00
-5.021827220916748047e-01 -2.835202217102050781e-01 -4.910326600074768066e-01 1.000000000000000000e+00
-3.984236717224121094e-01 -2.634844183921813965e-01 -4.890359938144683838e-01 1.000000000000000000e+00
-4.741582572460174561e-01 -2.181996256113052368e-01 -4.693512320518493652e-01 1.000000000000000000e+00
-5.593096017837524414e-01 -1.937773078680038452e-01 -4.269832968711853027e-01 1.000000000000000000e+00
-2.069177106022834778e-02 -3.501211404800415039e-01 -6.334862709045410156e-01 1.000000000000000000e+00
3.923360258340835571e-02 -4.155861437320709229e-01 -6.981310248374938965e-01 1.000000000000000000e+00
1.302787065505981445e-01 -4.452017843723297119e-01 -7.251405119895935059e-01 1.000000000000000000e+00
2.596058845520019531e-01 -4.362704753875732422e-01 -6.602733731269836426e-01 1.000000000000000000e+00
1.547167152166366577e-01 -3.609228134155273438e-01 -6.944059133529663086e-01 1.000000000000000000e+00
6.116165220737457275e-02 -3.419224321842193604e-01 -6.709976196289062500e-01 1.000000000000000000e+00
-2.540364861488342285e-01 3.390379846096038818e-01 -3.896293342113494873e-01 1.000000000000000000e+00
-2.377863973379135132e-01 3.030876219272613525e-01 -5.208206772804260254e-01 1.000000000000000000e+00
-1.622101366519927979e-01 2.768988013267517090e-01 -6.210477948188781738e-01 1.000000000000000000e+00
-1.007581204175949097e-01 2.696556746959686279e-01 -6.517108082771301270e-01 1.000000000000000000e+00
-3.659008070826530457e-02 2.471031993627548218e-01 -6.682815551757812500e-01 1.000000000000000000e+00
8.921555429697036743e-02 2.270770817995071411e-01 -6.407178044319152832e-01 1.000000000000000000e+00
2.179858237504959106e-01 2.309180796146392822e-01 -5.498359203338623047e-01 1.000000000000000000e+00
1.556181758642196655e-01 3.345643281936645508e-01 -5.936335325241088867e-01 1.000000000000000000e+00
4.951391741633415222e-02 3.999851047992706299e-01 -6.251568198204040527e-01 1.000000000000000000e+00
-1.989088580012321472e-02 4.233670830726623535e-01 -6.095583438873291016e-01 1.000000000000000000e+00
-8.945545554161071777e-02 4.303974807262420654e-01 -5.792705416679382324e-01 1.000000000000000000e+00
-1.838442683219909668e-01 4.100593328475952148e-01 -4.862830340862274170e-01 1.000000000000000000e+00
-2.473337352275848389e-01 3.393436074256896973e-01 -3.887776732444763184e-01 1.000000000000000000e+00
-1.276880055665969849e-01 3.151850700378417969e-01 -5.540276169776916504e-01 0.000000000000000000e+00
-6.781437993049621582e-02 2.998100817203521729e-01 -5.809648633003234863e-01 1.000000000000000000e+00
-3.866683226078748703e-03 2.855522036552429199e-01 -5.997776389122009277e-01 0.000000000000000000e+00
2.157481461763381958e-01 2.310156077146530151e-01 -5.497192740440368652e-01 1.000000000000000000e+00
4.047493636608123779e-02 3.261023759841918945e-01 -5.986606478691101074e-01 1.000000000000000000e+00
-2.919909171760082245e-02 3.453090190887451172e-01 -5.877242088317871094e-01 1.000000000000000000e+00
-9.570048749446868896e-02 3.565026223659515381e-01 -5.540360212326049805e-01 1.000000000000000000e+00
