-6.230584979057312012e-01 -6.578374505043029785e-01
-6.695545315742492676e-01 -4.815095663070678711e-01
-7.015709280967712402e-01 -2.837835848331451416e-01
-7.236235141754150391e-01 -8.965782821178436279e-02
-7.043226957321166992e-01 1.380563974380493164e-01
-6.457120180130004883e-01 3.431784808635711670e-01
-5.241598486900329590e-01 5.241551995277404785e-01
-3.647430837154388428e-01 6.857051253318786621e-01
-2.049711942672729492e-01 7.693136930465698242e-01
-3.397110849618911743e-02 7.682454586029052734e-01
1.686041653156280518e-01 6.840767860412597656e-01
3.328945934772491455e-01 5.743722319602966309e-01
4.501414000988006592e-01 4.477697014808654785e-01
5.372143387794494629e-01 3.127009868621826172e-01
6.055414676666259766e-01 1.968061625957489014e-01
6.854003071784973145e-01 4.079153761267662048e-02
7.497280240058898926e-01 -1.479880809783935547e-01
-4.584632813930511475e-01 -5.504019260406494141e-01
-3.082941472530364990e-01 -6.185034513473510742e-01
-1.494500488042831421e-01 -5.573763251304626465e-01
-3.483975306153297424e-03 -4.689390361309051514e-01
1.079843491315841675e-01 -3.841151297092437744e-01
2.958327233791351318e-01 -3.309879004955291748e-01
4.359955191612243652e-01 -3.410682976245880127e-01
5.892480611801147461e-01 -3.411799669265747070e-01
7.122297286987304688e-01 -3.254967331886291504e-01
7.351915240287780762e-01 -2.110128700733184814e-01
1.508455276489257812e-01 -2.079355865716934204e-01
1.155647560954093933e-01 -5.928009375929832458e-02
8.513554930686950684e-02 6.307834386825561523e-02
5.436947196722030640e-02 1.843936890363693237e-01
-1.189575940370559692e-01 1.610231548547744751e-01
-6.359207630157470703e-02 2.128549516201019287e-01
-6.045206449925899506e-03 2.528561949729919434e-01
6.253883987665176392e-02 2.488909065723419189e-01
1.312730014324188232e-01 2.342410087585449219e-01
-3.257777690887451172e-01 -3.597714304924011230e-01
-2.235934138298034668e-01 -3.210402727127075195e-01
-1.352340281009674072e-01 -2.948191761970520020e-01
-5.656515061855316162e-02 -2.566337585449218750e-01
-1.460225582122802734e-01 -2.547675371170043945e-01
-2.415649443864822388e-01 -2.794416248798370361e-01
3.001302778720855713e-01 -1.509796231985092163e-01
3.988689482212066650e-01 -1.316384077072143555e-01
4.868326783180236816e-01 -1.069999560713768005e-01
5.654212236404418945e-01 -9.935666620731353760e-02
4.681488573551177979e-01 -7.275667786598205566e-02
3.776140213012695312e-01 -1.022062823176383972e-01
-3.270208239555358887e-01 2.692850232124328613e-01
-2.301354855298995972e-01 2.912249863147735596e-01
-1.113421246409416199e-01 3.345314562320709229e-01
-4.612495005130767822e-02 3.640213310718536377e-01
2.359654381871223450e-02 3.734451532363891602e-01
1.213368996977806091e-01 3.919560015201568604e-01
1.798616647720336914e-01 4.050194621086120605e-01
8.790409564971923828e-02 4.739589393138885498e-01
-2.124610729515552521e-02 4.973037838935852051e-01
-9.643119573593139648e-02 4.865776002407073975e-01
-1.682147383689880371e-01 4.580402672290802002e-01
-2.714864611625671387e-01 3.799574375152587891e-01
-3.227420747280120850e-01 2.711168825626373291e-01
-1.318722218275070190e-01 3.554328978061676025e-01
-6.353913992643356323e-02 3.759798705577850342e-01
3.951036371290683746e-03 3.948688805103302002e-01
1.782422959804534912e-01 4.044551551342010498e-01
-3.914504311978816986e-03 4.197427332401275635e-01
-7.600682973861694336e-02 4.071044921875000000e-01
-1.516278684139251709e-01 3.817077279090881348e-01
