-6.349979043006896973e-01 -6.734906435012817383e-01 -3.251390755176544189e-01 1.000000000000000000e+00
-6.781482100486755371e-01 -4.949719011783599854e-01 -2.345915436744689941e-01 1.000000000000000000e+00
-7.147815227508544922e-01 -2.871333360671997070e-01 -1.417516171932220459e-01 1.000000000000000000e+00
-7.229657769203186035e-01 -7.650593668222427368e-02 -1.336895972490310669e-01 1.000000000000000000e+00
-6.984111666679382324e-01 1.455237269401550293e-01 -1.966271102428436279e-01 1.000000000000000000e+00
-6.372357606887817383e-01 3.606901764869689941e-01 -3.232839107513427734e-01 1.000000000000000000e+00
-5.181639194488525391e-01 5.323469042778015137e-01 -4.066440463066101074e-01 1.000000000000000000e+00
-3.644415438175201416e-01 6.856718063354492188e-01 -5.166468024253845215e-01 1.000000000000000000e+00
-2.005175352096557617e-01 7.680629491806030273e-01 -5.020759701728820801e-01 1.000000000000000000e+00
-4.299813136458396912e-02 7.655905485153198242e-01 -4.699943661689758301e-01 1.000000000000000000e+00
1.244495511054992676e-01 7.003230452537536621e-01 -3.135182261466979980e-01 1.000000000000000000e+00
2.742143869400024414e-01 6.007389426231384277e-01 -1.913518160581588745e-01 0.000000000000000000e+00
3.900553584098815918e-01 4.400656223297119141e-01 -3.545884042978286743e-02 0.000000000000000000e+00
5.009431242942810059e-01 2.611912190914154053e-01 5.047149211168289185e-02 0.000000000000000000e+00
6.029646396636962891e-01 8.803895860910415649e-02 5.617315322160720825e-02 0.000000000000000000e+00
7.082732319831848145e-01 -9.519731253385543823e-02 -2.976077422499656677e-02 1.000000000000000000e+00
8.025436401367187500e-01 -2.598575055599212646e-01 -1.054692864418029785e-01 1.000000000000000000e+00
-4.584632813930511475e-01 -5.504019260406494141e-01 -7.828125357627868652e-01 1.000000000000000000e+00
-3.082941472530364990e-01 -6.185034513473510742e-01 -9.749395847320556641e-01 1.000000000000000000e+00
-1.494500488042831421e-01 -5.573763251304626465e-01 -1.088604092597961426e+00 1.000000000000000000e+00
-3.483975306153297424e-03 -4.689390361309051514e-01 -1.120959997177124023e+00 1.000000000000000000e+00
1.079843491315841675e-01 -3.841151297092437744e-01 -1.100544095039367676e+00 1.000000000000000000e+00
2.958327233791351318e-01 -3.309879004955291748e-01 -1.072670459747314453e+00 1.000000000000000000e+00
4.359955191612243652e-01 -3.410682976245880127e-01 -1.054780244827270508e+00 1.000000000000000000e+00
5.892480611801147461e-01 -3.411799669265747070e-01 -9.746845364570617676e-01 1.000000000000000000e+00
7.122297286987304688e-01 -3.254967331886291504e-01 -8.119071722030639648e-01 1.000000000000000000e+00
7.351915240287780762e-01 -2.110128700733184814e-01 -5.938635468482971191e-01 1.000000000000000000e+00
1.508455276489257812e-01 -2.079355865716934204e-01 -1.050673723220825195e+00 1.000000000000000000e+00
1.155647560954093933e-01 -5.928009375929832458e-02 -1.084501862525939941e+00 1.000000000000000000e+00
8.513554930686950684e-02 6.307834386825561523e-02 -1.120646953582763672e+00 1.000000000000000000e+00
5.436947196722030640e-02 1.843936890363693237e-01 -1.143510222434997559e+00 1.000000000000000000e+00
-1.189575940370559692e-01 1.610231548547744751e-01 -9.224625825881958008e-01 1.000000000000000000e+00
-6.359207630157470703e-02 2.128549516201019287e-01 -9.330559372901916504e-01 1.000000000000000000e+00
-6.045206449925899506e-03 2.528561949729919434e-01 -9.330081939697265625e-01 1.000000000000000000e+00
6.253883987665176392e-02 2.488909065723419189e-01 -9.141404628753662109e-01 1.000000000000000000e+00
1.312730014324188232e-01 2.342410087585449219e-01 -8.838889002799987793e-01 0.000000000000000000e+00
-3.257777690887451172e-01 -3.597714304924011230e-01 -9.036802649497985840e-01 1.000000000000000000e+00
-2.235934138298034668e-01 -3.210402727127075195e-01 -9.900832176208496094e-01 1.000000000000000000e+00
-1.352340281009674072e-01 -2.948191761970520020e-01 -9.784093499183654785e-01 1.000000000000000000e+00
-5.656515061855316162e-02 -2.566337585449218750e-01 -9.246625900268554688e-01 1.000000000000000000e+00
-1.460225582122802734e-01 -2.547675371170043945e-01 -9.459174871444702148e-01 1.000000000000000000e+00
-2.415649443864822388e-01 -2.794416248798370361e-01 -9.507370591163635254e-01 1.000000000000000000e+00
3.001302778720855713e-01 -1.509796231985092163e-01 -8.740239739418029785e-01 1.000000000000000000e+00
3.988689482212066650e-01 -1.316384077072143555e-01 -8.963881731033325195e-01 1.000000000000000000e+00
4.868326783180236816e-01 -1.069999560713768005e-01 -8.791745305061340332e-01 1.000000000000000000e+00
5.654212236404418945e-01 -9.935666620731353760e-02 -7.663769125938415527e-01 1.000000000000000000e+00
4.681488573551177979e-01 -7.275667786598205566e-02 -8.434073925018310547e-01 1.000000000000000000e+00
3.776140213012695312e-01 -1.022062823176383972e-01 -8.681510686874389648e-01 1.000000000000000000e+00
-3.270208239555358887e-01 2.692850232124328613e-01 -7.177128195762634277e-01 1.000000000000000000e+00
-2.301354855298995972e-01 2.912249863147735596e-01 -8.291576504707336426e-01 1.000000000000000000e+00
-1.113421246409416199e-01 3.345314562320709229e-01 -8.790391087532043457e-01 1.000000000000000000e+00
-4.612495005130767822e-02 3.640213310718536377e-01 -8.740506172180175781e-01 1.000000000000000000e+00
2.359654381871223450e-02 3.734451532363891602e-01 -8.585954308509826660e-01 1.000000000000000000e+00
1.213368996977806091e-01 3.919560015201568604e-01 -7.748196125030517578e-01 1.000000000000000000e+00
1.798616647720336914e-01 4.050194621086120605e-01 -6.447877883911132812e-01 1.000000000000000000e+00
8.790409564971923828e-02 4.739589393138885498e-01 -7.172100543975830078e-01 1.000000000000000000e+00
-2.124610729515552521e-02 4.973037838935852051e-01 -7.914940118789672852e-01 1.000000000000000000e+00
-9.643119573593139648e-02 4.865776002407073975e-01 -8.052607774734497070e-01 1.000000000000000000e+00
-1.682147383689880371e-01 4.580402672290802002e-01 -8.084063529968261719e-01 1.000000000000000000e+00
-2.714864611625671387e-01 3.799574375152587891e-01 -7.659689188003540039e-01 1.000000000000000000e+00
-3.227420747280120850e-01 2.711168825626373291e-01 -7.144075632095336914e-01 1.000000000000000000e+00
-1.318722218275070190e-01 3.554328978061676025e-01 -8.002914190292358398e-01 0.000000000000000000e+00
-6.353913992643356323e-02 3.759798705577850342e-01 -7.934486269950866699e-01 0.000000000000000000e+00
3.951036371290683746e-03 3.948688805103302002e-01 -7.799923419952392578e-01 0.000000000000000000e+00
1.782422959804534912e-01 4.044551551342010498e-01 -6.455404162406921387e-01 1.000000000000000000e+00
-3.914504311978816986e-03 4.197427332401275635e-01 -7.780094742774963379e-01 1.000000000000000000e+00
-7.600682973861694336e-02 4.071044921875000000e-01 -7.993373870849609375e-01 1.000000000000000000e+00
-1.516278684139251709e-01 3.817077279090881348e-01 -7.964234352111816406e-01 1.000000000000000000e+00
