-6.599467992782592773e-01 -6.718863844871520996e-01
-6.999518275260925293e-01 -4.935609996318817139e-01
-7.258244752883911133e-01 -2.984990477561950684e-01
-7.379642128944396973e-01 -1.002720743417739868e-01
-7.126368284225463867e-01 1.296668201684951782e-01
-6.430743932723999023e-01 3.379278182983398438e-01
-5.149105191230773926e-01 5.097344517707824707e-01
-3.519511520862579346e-01 6.668332219123840332e-01
-1.908924430608749390e-01 7.458860278129577637e-01
-2.222561463713645935e-02 7.427808642387390137e-01
1.784533560276031494e-01 6.491154432296752930e-01
3.406462371349334717e-01 5.401992797851562500e-01
4.546799957752227783e-01 4.111445546150207520e-01
5.389062166213989258e-01 2.780588865280151367e-01
6.112848520278930664e-01 1.703026294708251953e-01
6.856060028076171875e-01 1.238106936216354370e-02
7.359086871147155762e-01 -1.710932850837707520e-01
-4.832500815391540527e-01 -5.446326136589050293e-01
-3.310169875621795654e-01 -6.057080030441284180e-01
-1.661066114902496338e-01 -5.431742072105407715e-01
-1.537126116454601288e-02 -4.545333385467529297e-01
9.982687234878540039e-02 -3.729981184005737305e-01
2.923820018768310547e-01 -3.266160786151885986e-01
4.339146018028259277e-01 -3.436368107795715332e-01
5.873363614082336426e-01 -3.526947796344757080e-01
7.099792957305908203e-01 -3.469694852828979492e-01
7.346156835556030273e-01 -2.438384294509887695e-01
1.495696455240249634e-01 -2.037408947944641113e-01
1.200895980000495911e-01 -5.667369812726974487e-02
9.538938850164413452e-02 6.363322585821151733e-02
6.959581375122070312e-02 1.824834942817687988e-01
-1.114296242594718933e-01 1.579388827085494995e-01
-5.305211991071701050e-02 2.087005674839019775e-01
7.284021470695734024e-03 2.477159798145294189e-01
7.728452980518341064e-02 2.415941655635833740e-01
1.461175978183746338e-01 2.243219017982482910e-01
-3.444507122039794922e-01 -3.516569733619689941e-01
-2.384176701307296753e-01 -3.115989267826080322e-01
-1.492580771446228027e-01 -2.879992425441741943e-01
-6.980217993259429932e-02 -2.543593943119049072e-01
-1.590841561555862427e-01 -2.496712207794189453e-01
-2.562731206417083740e-01 -2.714860439300537109e-01
3.049767017364501953e-01 -1.558205187320709229e-01
4.064365327358245850e-01 -1.431907862424850464e-01
4.967902600765228271e-01 -1.231352016329765320e-01
5.732247829437255859e-01 -1.182826906442642212e-01
4.759400188922882080e-01 -8.415409922599792480e-02
3.837487399578094482e-01 -1.098203733563423157e-01
-3.190685808658599854e-01 2.573694288730621338e-01
-2.196525931358337402e-01 2.863703966140747070e-01
-9.762845933437347412e-02 3.294037580490112305e-01
-3.018836304545402527e-02 3.576470315456390381e-01
4.108557477593421936e-02 3.646674454212188721e-01
1.383067667484283447e-01 3.772291839122772217e-01
1.927493959665298462e-01 3.815044164657592773e-01
1.026366129517555237e-01 4.559643268585205078e-01
-5.327139981091022491e-03 4.851490259170532227e-01
-8.122455328702926636e-02 4.753256142139434814e-01
-1.543934494256973267e-01 4.480533599853515625e-01
-2.613644301891326904e-01 3.680474162101745605e-01
-3.150864541530609131e-01 2.592082023620605469e-01
-1.193314939737319946e-01 3.485862910747528076e-01
-4.948411881923675537e-02 3.671101033687591553e-01
1.929200999438762665e-02 3.838527798652648926e-01
1.911911219358444214e-01 3.811153173446655273e-01
1.065681688487529755e-02 4.058948755264282227e-01
-6.205317378044128418e-02 3.952842056751251221e-01
-1.389342546463012695e-01 3.701395690441131592e-01
