-6.705104112625122070e-01 -6.829596161842346191e-01 -3.777724504470825195e-01 1.000000000000000000e+00
-7.077493667602539062e-01 -5.054380893707275391e-01 -2.817649245262145996e-01 1.000000000000000000e+00
-7.385842204093933105e-01 -2.999375164508819580e-01 -1.826791316270828247e-01 1.000000000000000000e+00
-7.378503084182739258e-01 -8.842174708843231201e-02 -1.691621541976928711e-01 1.000000000000000000e+00
-7.067217826843261719e-01 1.347170770168304443e-01 -2.268838435411453247e-01 1.000000000000000000e+00
-6.362667083740234375e-01 3.486012220382690430e-01 -3.497015833854675293e-01 1.000000000000000000e+00
-5.103589892387390137e-01 5.153203010559082031e-01 -4.285075068473815918e-01 1.000000000000000000e+00
-3.518832623958587646e-01 6.664418578147888184e-01 -5.334578156471252441e-01 1.000000000000000000e+00
-1.879997849464416504e-01 7.428520321846008301e-01 -5.117511153221130371e-01 1.000000000000000000e+00
-3.172872960567474365e-02 7.381238937377929688e-01 -4.740263521671295166e-01 0.000000000000000000e+00
1.306962966918945312e-01 6.661546230316162109e-01 -3.114696443080902100e-01 1.000000000000000000e+00
2.764467597007751465e-01 5.633067488670349121e-01 -1.852033734321594238e-01 0.000000000000000000e+00
3.854107558727264404e-01 3.952451050281524658e-01 -2.920469082891941071e-02 0.000000000000000000e+00
4.905360937118530273e-01 2.092502117156982422e-01 5.429424345493316650e-02 0.000000000000000000e+00
5.920658707618713379e-01 3.215351700782775879e-02 5.832071974873542786e-02 0.000000000000000000e+00
6.958001852035522461e-01 -1.512277126312255859e-01 -3.199621289968490601e-02 1.000000000000000000e+00
7.896508574485778809e-01 -3.162810504436492920e-01 -1.105390861630439758e-01 1.000000000000000000e+00
-4.832500815391540527e-01 -5.446326136589050293e-01 -8.334696888923645020e-01 1.000000000000000000e+00
-3.310169875621795654e-01 -6.057080030441284180e-01 -1.026472926139831543e+00 1.000000000000000000e+00
-1.661066114902496338e-01 -5.431742072105407715e-01 -1.134935975074768066e+00 1.000000000000000000e+00
-1.537126116454601288e-02 -4.545333385467529297e-01 -1.161104440689086914e+00 1.000000000000000000e+00
9.982687234878540039e-02 -3.729981184005737305e-01 -1.136009454727172852e+00 1.000000000000000000e+00
2.923820018768310547e-01 -3.266160786151885986e-01 -1.102199792861938477e+00 1.000000000000000000e+00
4.339146018028259277e-01 -3.436368107795715332e-01 -1.080502629280090332e+00 1.000000000000000000e+00
5.873363614082336426e-01 -3.526947796344757080e-01 -9.957216978073120117e-01 1.000000000000000000e+00
7.099792957305908203e-01 -3.469694852828979492e-01 -8.294062018394470215e-01 1.000000000000000000e+00
7.346156835556030273e-01 -2.438384294509887695e-01 -6.046603322029113770e-01 1.000000000000000000e+00
1.495696455240249634e-01 -2.037408947944641113e-01 -1.078043460845947266e+00 1.000000000000000000e+00
1.200895980000495911e-01 -5.667369812726974487e-02 -1.103142619132995605e+00 1.000000000000000000e+00
9.538938850164413452e-02 6.363322585821151733e-02 -1.136932492256164551e+00 1.000000000000000000e+00
6.959581375122070312e-02 1.824834942817687988e-01 -1.156798958778381348e+00 1.000000000000000000e+00
-1.114296242594718933e-01 1.579388827085494995e-01 -9.431678652763366699e-01 1.000000000000000000e+00
-5.305211991071701050e-02 2.087005674839019775e-01 -9.507256150245666504e-01 1.000000000000000000e+00
7.284021470695734024e-03 2.477159798145294189e-01 -9.479045867919921875e-01 1.000000000000000000e+00
7.728452980518341064e-02 2.415941655635833740e-01 -9.279143214225769043e-01 1.000000000000000000e+00
1.461175978183746338e-01 2.243219017982482910e-01 -8.968198895454406738e-01 0.000000000000000000e+00
-3.444507122039794922e-01 -3.516569733619689941e-01 -9.508439302444458008e-01 1.000000000000000000e+00
-2.384176701307296753e-01 -3.115989267826080322e-01 -1.033638119697570801e+00 1.000000000000000000e+00
-1.492580771446228027e-01 -2.879992425441741943e-01 -1.019271612167358398e+00 1.000000000000000000e+00
-6.980217993259429932e-02 -2.543593943119049072e-01 -9.625369906425476074e-01 1.000000000000000000e+00
-1.590841561555862427e-01 -2.496712207794189453e-01 -9.858977198600769043e-01 1.000000000000000000e+00
-2.562731206417083740e-01 -2.714860439300537109e-01 -9.939028620719909668e-01 1.000000000000000000e+00
3.049767017364501953e-01 -1.558205187320709229e-01 -8.978965878486633301e-01 1.000000000000000000e+00
4.064365327358245850e-01 -1.431907862424850464e-01 -9.201735854148864746e-01 1.000000000000000000e+00
4.967902600765228271e-01 -1.231352016329765320e-01 -8.996812701225280762e-01 1.000000000000000000e+00
5.732247829437255859e-01 -1.182826906442642212e-01 -7.826726436614990234e-01 1.000000000000000000e+00
4.759400188922882080e-01 -8.415409922599792480e-02 -8.604297041893005371e-01 1.000000000000000000e+00
3.837487399578094482e-01 -1.098203733563423157e-01 -8.882169127464294434e-01 1.000000000000000000e+00
-3.190685808658599854e-01 2.573694288730621338e-01 -7.449606657028198242e-01 1.000000000000000000e+00
-2.196525931358337402e-01 2.863703966140747070e-01 -8.511375784873962402e-01 1.000000000000000000e+00
-9.762845933437347412e-02 3.294037580490112305e-01 -8.973105549812316895e-01 1.000000000000000000e+00
-3.018836304545402527e-02 3.576470315456390381e-01 -8.900464773178100586e-01 1.000000000000000000e+00
4.108557477593421936e-02 3.646674454212188721e-01 -8.727895617485046387e-01 1.000000000000000000e+00
1.383067667484283447e-01 3.772291839122772217e-01 -7.859765887260437012e-01 1.000000000000000000e+00
1.927493959665298462e-01 3.815044164657592773e-01 -6.529297828674316406e-01 1.000000000000000000e+00
1.026366129517555237e-01 4.559643268585205078e-01 -7.267710566520690918e-01 1.000000000000000000e+00
-5.327139981091022491e-03 4.851490259170532227e-01 -8.051395416259765625e-01 1.000000000000000000e+00
-8.122455328702926636e-02 4.753256142139434814e-01 -8.219699859619140625e-01 1.000000000000000000e+00
-1.543934494256973267e-01 4.480533599853515625e-01 -8.285351395606994629e-01 1.000000000000000000e+00
-2.613644301891326904e-01 3.680474162101745605e-01 -7.916046380996704102e-01 1.000000000000000000e+00
-3.150864541530609131e-01 2.592082023620605469e-01 -7.418568730354309082e-01 1.000000000000000000e+00
-1.193314939737319946e-01 3.485862910747528076e-01 -8.175173997879028320e-01 0.000000000000000000e+00
-4.948411881923675537e-02 3.671101033687591553e-01 -8.081352710723876953e-01 0.000000000000000000e+00
1.929200999438762665e-02 3.838527798652648926e-01 -7.929567694664001465e-01 0.000000000000000000e+00
1.911911219358444214e-01 3.811153173446655273e-01 -6.538332104682922363e-01 1.000000000000000000e+00
1.065681688487529755e-02 4.058948755264282227e-01 -7.925390601158142090e-01 1.000000000000000000e+00
-6.205317378044128418e-02 3.952842056751251221e-01 -8.176130652427673340e-01 1.000000000000000000e+00
-1.389342546463012695e-01 3.701395690441131592e-01 -8.173896074295043945e-01 1.000000000000000000e+00
