-6.317556500434875488e-01 -6.713567972183227539e-01
-6.781446933746337891e-01 -4.933717250823974609e-01
-7.100967764854431152e-01 -2.938672006130218506e-01
-7.316238284111022949e-01 -9.806727617979049683e-02
-7.117650508880615234e-01 1.316429525613784790e-01
-6.520389318466186523e-01 3.383281230926513672e-01
-5.294927358627319336e-01 5.206430554389953613e-01
-3.690491616725921631e-01 6.834709644317626953e-01
-2.067953795194625854e-01 7.670567035675048828e-01
-3.330051153898239136e-02 7.663595080375671387e-01
1.713578552007675171e-01 6.800094842910766602e-01
3.370443880558013916e-01 5.687206983566284180e-01
4.550947546958923340e-01 4.406451284885406494e-01
5.422282218933105469e-01 3.039945363998413086e-01
6.102983951568603516e-01 1.862325519323348999e-01
6.900724172592163086e-01 2.899910509586334229e-02
7.538737654685974121e-01 -1.608753800392150879e-01
-4.660929441452026367e-01 -5.639820098876953125e-01
-3.156669437885284424e-01 -6.330501437187194824e-01
-1.554331928491592407e-01 -5.725706815719604492e-01
-7.901052013039588928e-03 -4.839906096458435059e-01
1.047358438372612000e-01 -3.989305198192596436e-01
2.943052351474761963e-01 -3.459193706512451172e-01
4.354473948478698730e-01 -3.565534651279449463e-01
5.902523398399353027e-01 -3.563544154167175293e-01
7.145701050758361816e-01 -3.396823406219482422e-01
7.387731075286865234e-01 -2.243492007255554199e-01
1.488461047410964966e-01 -2.211853563785552979e-01
1.135950833559036255e-01 -7.081749290227890015e-02
8.280199021100997925e-02 5.346542224287986755e-02
5.158111825585365295e-02 1.765661090612411499e-01
-1.245771124958992004e-01 1.509610116481781006e-01
-6.754285842180252075e-02 2.041237056255340576e-01
-8.235701359808444977e-03 2.449343949556350708e-01
6.237296015024185181e-02 2.409827411174774170e-01
1.334100514650344849e-01 2.261174768209457397e-01
-3.326847851276397705e-01 -3.735556006431579590e-01
-2.297242879867553711e-01 -3.350420296192169189e-01
-1.405561417341232300e-01 -3.087649941444396973e-01
-6.122267618775367737e-02 -2.703409194946289062e-01
-1.514674425125122070e-01 -2.682099044322967529e-01
-2.479570508003234863e-01 -2.928777635097503662e-01
3.015168309211730957e-01 -1.639358848333358765e-01
4.008636474609375000e-01 -1.450320482254028320e-01
4.896955788135528564e-01 -1.204533725976943970e-01
5.691413879394531250e-01 -1.124272421002388000e-01
4.711605012416839600e-01 -8.531606942415237427e-02
3.796397447586059570e-01 -1.148658022284507751e-01
-3.324883580207824707e-01 2.598758935928344727e-01
-2.348588109016418457e-01 2.822151482105255127e-01
-1.144055351614952087e-01 3.262839615345001221e-01
-4.792985692620277405e-02 3.562356531620025635e-01
2.308231033384799957e-02 3.657191395759582520e-01
1.225152611732482910e-01 3.839983046054840088e-01
1.811347156763076782e-01 3.960687816143035889e-01
8.763217180967330933e-02 4.665123820304870605e-01
-2.347270771861076355e-02 4.905774891376495361e-01
-9.987246990203857422e-02 4.798406362533569336e-01
-1.726703196763992310e-01 4.512137770652770996e-01
-2.771176695823669434e-01 3.720588982105255127e-01
-3.282099962234497070e-01 2.617670595645904541e-01
-1.348493993282318115e-01 3.478883206844329834e-01
-6.535640358924865723e-02 3.684650659561157227e-01
3.243696875870227814e-03 3.877736330032348633e-01
1.795220077037811279e-01 3.955263495445251465e-01
-6.155163049697875977e-03 4.114394187927246094e-01
-7.936533540487289429e-02 3.989967405796051025e-01
-1.560179293155670166e-01 3.733951747417449951e-01
