-6.436617970466613770e-01 -6.871116161346435547e-01 -3.240803480148315430e-01 1.000000000000000000e+00
-6.870085597038269043e-01 -5.067869424819946289e-01 -2.329294085502624512e-01 1.000000000000000000e+00
-7.239344716072082520e-01 -2.968719303607940674e-01 -1.395487934350967407e-01 1.000000000000000000e+00
-7.310851216316223145e-01 -8.454585075378417969e-02 -1.322208344936370850e-01 1.000000000000000000e+00
-7.058856487274169922e-01 1.393044590950012207e-01 -1.969453692436218262e-01 1.000000000000000000e+00
-6.434293389320373535e-01 3.559886217117309570e-01 -3.262944817543029785e-01 1.000000000000000000e+00
-5.234439373016357422e-01 5.289489030838012695e-01 -4.124455749988555908e-01 1.000000000000000000e+00
-3.686696588993072510e-01 6.834893822669982910e-01 -5.251902937889099121e-01 1.000000000000000000e+00
-2.019718438386917114e-01 7.660506367683410645e-01 -5.117237567901611328e-01 1.000000000000000000e+00
-4.229192435741424561e-02 7.638399004936218262e-01 -4.800896644592285156e-01 1.000000000000000000e+00
1.271563470363616943e-01 6.968868970870971680e-01 -3.219534456729888916e-01 1.000000000000000000e+00
2.782770097255706787e-01 5.960407853126525879e-01 -1.975479423999786377e-01 0.000000000000000000e+00
3.955765366554260254e-01 4.342867136001586914e-01 -3.901917114853858948e-02 0.000000000000000000e+00
5.071222186088562012e-01 2.537352442741394043e-01 4.872540012001991272e-02 0.000000000000000000e+00
6.096717715263366699e-01 7.920441031455993652e-02 5.528784170746803284e-02 0.000000000000000000e+00
7.144349217414855957e-01 -1.065073311328887939e-01 -3.124110773205757141e-02 1.000000000000000000e+00
8.086490035057067871e-01 -2.730344533920288086e-01 -1.077273860573768616e-01 1.000000000000000000e+00
-4.660929441452026367e-01 -5.639820098876953125e-01 -7.864268422126770020e-01 1.000000000000000000e+00
-3.156669437885284424e-01 -6.330501437187194824e-01 -9.802622199058532715e-01 1.000000000000000000e+00
-1.554331928491592407e-01 -5.725706815719604492e-01 -1.094986557960510254e+00 1.000000000000000000e+00
-7.901052013039588928e-03 -4.839906096458435059e-01 -1.127658247947692871e+00 1.000000000000000000e+00
1.047358438372612000e-01 -3.989305198192596436e-01 -1.107969522476196289e+00 1.000000000000000000e+00
2.943052351474761963e-01 -3.459193706512451172e-01 -1.080678105354309082e+00 1.000000000000000000e+00
4.354473948478698730e-01 -3.565534651279449463e-01 -1.062696695327758789e+00 1.000000000000000000e+00
5.902523398399353027e-01 -3.563544154167175293e-01 -9.827854037284851074e-01 1.000000000000000000e+00
7.145701050758361816e-01 -3.396823406219482422e-01 -8.195466995239257812e-01 1.000000000000000000e+00
7.387731075286865234e-01 -2.243492007255554199e-01 -6.002106666564941406e-01 1.000000000000000000e+00
1.488461047410964966e-01 -2.211853563785552979e-01 -1.060734510421752930e+00 1.000000000000000000e+00
1.135950833559036255e-01 -7.081749290227890015e-02 -1.095921158790588379e+00 1.000000000000000000e+00
8.280199021100997925e-02 5.346542224287986755e-02 -1.132688879966735840e+00 1.000000000000000000e+00
5.158111825585365295e-02 1.765661090612411499e-01 -1.155520677566528320e+00 1.000000000000000000e+00
-1.245771124958992004e-01 1.509610116481781006e-01 -9.325592517852783203e-01 1.000000000000000000e+00
-6.754285842180252075e-02 2.041237056255340576e-01 -9.430189728736877441e-01 1.000000000000000000e+00
-8.235701359808444977e-03 2.449343949556350708e-01 -9.427620768547058105e-01 1.000000000000000000e+00
6.237296015024185181e-02 2.409827411174774170e-01 -9.239271879196166992e-01 1.000000000000000000e+00
1.334100514650344849e-01 2.261174768209457397e-01 -8.936518430709838867e-01 0.000000000000000000e+00
-3.326847851276397705e-01 -3.735556006431579590e-01 -9.105281233787536621e-01 1.000000000000000000e+00
-2.297242879867553711e-01 -3.350420296192169189e-01 -9.979704618453979492e-01 1.000000000000000000e+00
-1.405561417341232300e-01 -3.087649941444396973e-01 -9.866356253623962402e-01 1.000000000000000000e+00
-6.122267618775367737e-02 -2.703409194946289062e-01 -9.329676628112792969e-01 1.000000000000000000e+00
-1.514674425125122070e-01 -2.682099044322967529e-01 -9.541118741035461426e-01 1.000000000000000000e+00
-2.479570508003234863e-01 -2.928777635097503662e-01 -9.586850404739379883e-01 1.000000000000000000e+00
3.015168309211730957e-01 -1.639358848333358765e-01 -8.824326395988464355e-01 1.000000000000000000e+00
4.008636474609375000e-01 -1.450320482254028320e-01 -9.053809642791748047e-01 1.000000000000000000e+00
4.896955788135528564e-01 -1.204533725976943970e-01 -8.881626725196838379e-01 1.000000000000000000e+00
5.691413879394531250e-01 -1.124272421002388000e-01 -7.744644284248352051e-01 1.000000000000000000e+00
4.711605012416839600e-01 -8.531606942415237427e-02 -8.520672321319580078e-01 1.000000000000000000e+00
3.796397447586059570e-01 -1.148658022284507751e-01 -8.767184615135192871e-01 1.000000000000000000e+00
-3.324883580207824707e-01 2.598758935928344727e-01 -7.254078984260559082e-01 1.000000000000000000e+00
-2.348588109016418457e-01 2.822151482105255127e-01 -8.380159735679626465e-01 1.000000000000000000e+00
-1.144055351614952087e-01 3.262839615345001221e-01 -8.886731266975402832e-01 1.000000000000000000e+00
-4.792985692620277405e-02 3.562356531620025635e-01 -8.838306069374084473e-01 1.000000000000000000e+00
2.308231033384799957e-02 3.657191395759582520e-01 -8.684442639350891113e-01 1.000000000000000000e+00
1.225152611732482910e-01 3.839983046054840088e-01 -7.844650745391845703e-01 1.000000000000000000e+00
1.811347156763076782e-01 3.960687816143035889e-01 -6.541374325752258301e-01 1.000000000000000000e+00
8.763217180967330933e-02 4.665123820304870605e-01 -7.281666398048400879e-01 1.000000000000000000e+00
-2.347270771861076355e-02 4.905774891376495361e-01 -8.029486536979675293e-01 1.000000000000000000e+00
-9.987246990203857422e-02 4.798406362533569336e-01 -8.163219094276428223e-01 1.000000000000000000e+00
-1.726703196763992310e-01 4.512137770652770996e-01 -8.191268444061279297e-01 1.000000000000000000e+00
-2.771176695823669434e-01 3.720588982105255127e-01 -7.753304839134216309e-01 1.000000000000000000e+00
-3.282099962234497070e-01 2.617670595645904541e-01 -7.221356630325317383e-01 1.000000000000000000e+00
-1.348493993282318115e-01 3.478883206844329834e-01 -8.093874454498291016e-01 0.000000000000000000e+00
-6.535640358924865723e-02 3.684650659561157227e-01 -8.024622201919555664e-01 0.000000000000000000e+00
3.243696875870227814e-03 3.877736330032348633e-01 -7.894133329391479492e-01 0.000000000000000000e+00
1.795220077037811279e-01 3.955263495445251465e-01 -6.548901796340942383e-01 1.000000000000000000e+00
-6.155163049697875977e-03 4.114394187927246094e-01 -7.888839244842529297e-01 1.000000000000000000e+00
-7.936533540487289429e-02 3.989967405796051025e-01 -8.102163076400756836e-01 1.000000000000000000e+00
-1.560179293155670166e-01 3.733951747417449951e-01 -8.065830469131469727e-01 1.000000000000000000e+00
