-6.695750951766967773e-01 -2.112960964441299438e-01
-6.462004780769348145e-01 -5.143653228878974915e-02
-5.826469659805297852e-01 1.133674234151840210e-01
-5.005776882171630859e-01 2.569999098777770996e-01
-4.109793305397033691e-01 3.885061740875244141e-01
-2.957781255245208740e-01 5.244984626770019531e-01
-1.612043529748916626e-01 6.584024429321289062e-01
2.368662506341934204e-02 7.719312310218811035e-01
1.815299689769744873e-01 7.846065163612365723e-01
3.406309783458709717e-01 6.946257948875427246e-01
4.849322140216827393e-01 5.506962537765502930e-01
5.762545466423034668e-01 3.741818666458129883e-01
6.570086479187011719e-01 1.916541606187820435e-01
7.000588178634643555e-01 1.032475964166224003e-03
7.170966863632202148e-01 -1.856156438589096069e-01
6.914850473403930664e-01 -3.932825624942779541e-01
6.715854406356811523e-01 -5.800502300262451172e-01
-6.858843564987182617e-01 -3.121857941150665283e-01
-6.988989710807800293e-01 -4.649618566036224365e-01
-6.133131980895996094e-01 -5.192325115203857422e-01
-4.875700771808624268e-01 -5.273074507713317871e-01
-3.603799939155578613e-01 -5.059884190559387207e-01
-1.873123347759246826e-01 -5.556550621986389160e-01
-7.771454751491546631e-02 -6.390649080276489258e-01
7.375220209360122681e-02 -6.996199488639831543e-01
2.526814341545104980e-01 -7.181214094161987305e-01
4.083661437034606934e-01 -6.054108142852783203e-01
-2.380387187004089355e-01 -3.786272108554840088e-01
-2.244147360324859619e-01 -2.567435204982757568e-01
-2.195073366165161133e-01 -1.562983244657516479e-01
-2.075798809528350830e-01 -5.795310810208320618e-02
-2.456652224063873291e-01 4.521238803863525391e-02
-1.875523030757904053e-01 5.711190775036811829e-02
-1.299545466899871826e-01 5.675784125924110413e-02
-7.113327831029891968e-02 2.695871889591217041e-02
-1.209163293242454529e-02 -1.498580072075128555e-02
-5.974477529525756836e-01 -2.518009841442108154e-01
-5.517146587371826172e-01 -3.046875596046447754e-01
-4.692624211311340332e-01 -3.220149278640747070e-01
-3.705865740776062012e-01 -3.032963871955871582e-01
-4.462482929229736328e-01 -2.592781484127044678e-01
-5.226594209671020508e-01 -2.338109612464904785e-01
-2.051477879285812378e-02 -3.925319015979766846e-01
3.979418426752090454e-02 -4.565740525722503662e-01
1.248776167631149292e-01 -4.855457544326782227e-01
2.470226138830184937e-01 -4.727090895175933838e-01
1.442857235670089722e-01 -4.054988622665405273e-01
6.068317219614982605e-02 -3.878331780433654785e-01
-1.997555941343307495e-01 3.527668714523315430e-01
-2.165141552686691284e-01 2.466247975826263428e-01
-1.509106308221817017e-01 1.964519172906875610e-01
-9.348858147859573364e-02 1.838215589523315430e-01
-3.086529113352298737e-02 1.659208685159683228e-01
9.932419657707214355e-02 1.681435853242874146e-01
2.422840297222137451e-01 2.419662028551101685e-01
2.112755030393600464e-01 3.938171863555908203e-01
1.207186430692672729e-01 4.718599617481231689e-01
5.340677499771118164e-02 5.012734532356262207e-01
-1.824969798326492310e-02 5.052031278610229492e-01
-1.156479865312576294e-01 4.737784862518310547e-01
-1.906270086765289307e-01 3.558037579059600830e-01
-1.097902953624725342e-01 2.359182983636856079e-01
-5.830426141619682312e-02 2.171230316162109375e-01
1.808508648537099361e-03 2.081164121627807617e-01
2.398781627416610718e-01 2.414101809263229370e-01
1.092221513390541077e-01 4.040247201919555664e-01
4.793866723775863647e-02 4.242826700210571289e-01
-1.497946213930845261e-02 4.336667954921722412e-01
