-6.390115618705749512e-01 -2.384653687477111816e-01 4.619857668876647949e-01 0.000000000000000000e+00
-5.584440231323242188e-01 -6.954219937324523926e-02 4.813351035118103027e-01 0.000000000000000000e+00
-4.639418721199035645e-01 1.194998100399971008e-01 4.911936819553375244e-01 0.000000000000000000e+00
-3.856948912143707275e-01 2.839621603488922119e-01 4.295484423637390137e-01 0.000000000000000000e+00
-3.161755502223968506e-01 4.440602064132690430e-01 3.137226402759552002e-01 0.000000000000000000e+00
-2.385306209325790405e-01 5.814259052276611328e-01 1.479784846305847168e-01 0.000000000000000000e+00
-1.140524297952651978e-01 6.984571814537048340e-01 3.249542787671089172e-02 1.000000000000000000e+00
3.380062058568000793e-02 7.711108326911926270e-01 -1.033538505434989929e-01 1.000000000000000000e+00
2.072231471538543701e-01 7.770657539367675781e-01 -1.528146713972091675e-01 1.000000000000000000e+00
3.405311703681945801e-01 6.947827935218811035e-01 -1.866289675235748291e-01 1.000000000000000000e+00
4.847168922424316406e-01 5.508862137794494629e-01 -1.421039402484893799e-01 1.000000000000000000e+00
5.762185454368591309e-01 3.748648464679718018e-01 -1.018531918525695801e-01 1.000000000000000000e+00
6.570982933044433594e-01 1.925007849931716919e-01 1.774247153662145138e-03 1.000000000000000000e+00
7.000684738159179688e-01 2.057776087895035744e-03 7.269204407930374146e-02 1.000000000000000000e+00
7.179018855094909668e-01 -1.845830231904983521e-01 9.383840858936309814e-02 1.000000000000000000e+00
6.920027136802673340e-01 -3.935098648071289062e-01 4.938920214772224426e-02 1.000000000000000000e+00
6.720490455627441406e-01 -5.796509981155395508e-01 1.416588667780160904e-02 1.000000000000000000e+00
-6.858843564987182617e-01 -3.121857941150665283e-01 -9.357963572256267071e-04 1.000000000000000000e+00
-6.988989710807800293e-01 -4.649618566036224365e-01 -1.751230359077453613e-01 1.000000000000000000e+00
-6.133131980895996094e-01 -5.192325115203857422e-01 -3.421116471290588379e-01 1.000000000000000000e+00
-4.875700771808624268e-01 -5.273074507713317871e-01 -4.462123513221740723e-01 1.000000000000000000e+00
-3.603799939155578613e-01 -5.059884190559387207e-01 -5.011622905731201172e-01 1.000000000000000000e+00
-1.873123347759246826e-01 -5.556550621986389160e-01 -5.612027049064636230e-01 1.000000000000000000e+00
-7.771454751491546631e-02 -6.390649080276489258e-01 -5.890771150588989258e-01 1.000000000000000000e+00
7.375220209360122681e-02 -6.996199488639831543e-01 -5.777755379676818848e-01 1.000000000000000000e+00
2.526814341545104980e-01 -7.181214094161987305e-01 -4.940426945686340332e-01 1.000000000000000000e+00
4.083661437034606934e-01 -6.054108142852783203e-01 -3.675443530082702637e-01 1.000000000000000000e+00
-2.380387187004089355e-01 -3.786272108554840088e-01 -5.378187298774719238e-01 1.000000000000000000e+00
-2.244147360324859619e-01 -2.567435204982757568e-01 -5.951283574104309082e-01 1.000000000000000000e+00
-2.195073366165161133e-01 -1.562983244657516479e-01 -6.561161875724792480e-01 1.000000000000000000e+00
-2.075798809528350830e-01 -5.795310810208320618e-02 -6.986283063888549805e-01 1.000000000000000000e+00
-2.456652224063873291e-01 4.521238803863525391e-02 -4.758671224117279053e-01 1.000000000000000000e+00
-1.875523030757904053e-01 5.711190775036811829e-02 -5.179375410079956055e-01 1.000000000000000000e+00
-1.299545466899871826e-01 5.675784125924110413e-02 -5.512647628784179688e-01 1.000000000000000000e+00
-7.113327831029891968e-02 2.695871889591217041e-02 -5.580175518989562988e-01 1.000000000000000000e+00
-1.209163293242454529e-02 -1.498580072075128555e-02 -5.567526221275329590e-01 1.000000000000000000e+00
-5.974477529525756836e-01 -2.518009841442108154e-01 -2.116672247648239136e-01 1.000000000000000000e+00
-5.517146587371826172e-01 -3.046875596046447754e-01 -3.281465768814086914e-01 1.000000000000000000e+00
-4.692624211311340332e-01 -3.220149278640747070e-01 -3.611313402652740479e-01 1.000000000000000000e+00
-3.705865740776062012e-01 -3.032963871955871582e-01 -3.610630333423614502e-01 1.000000000000000000e+00
-4.462482929229736328e-01 -2.592781484127044678e-01 -3.469896614551544189e-01 1.000000000000000000e+00
-5.226594209671020508e-01 -2.338109612464904785e-01 -3.110655248165130615e-01 1.000000000000000000e+00
-2.051477879285812378e-02 -3.925319015979766846e-01 -4.857610464096069336e-01 1.000000000000000000e+00
3.979418426752090454e-02 -4.565740525722503662e-01 -5.403127074241638184e-01 1.000000000000000000e+00
1.248776167631149292e-01 -4.855457544326782227e-01 -5.639315247535705566e-01 1.000000000000000000e+00
2.470226138830184937e-01 -4.727090895175933838e-01 -5.046175718307495117e-01 1.000000000000000000e+00
1.442857235670089722e-01 -4.054988622665405273e-01 -5.439729690551757812e-01 1.000000000000000000e+00
6.068317219614982605e-02 -3.878331780433654785e-01 -5.242105722427368164e-01 1.000000000000000000e+00
-1.997555941343307495e-01 3.527668714523315430e-01 -2.592270672321319580e-01 1.000000000000000000e+00
-2.165141552686691284e-01 2.466247975826263428e-01 -4.138038754463195801e-01 1.000000000000000000e+00
-1.509106308221817017e-01 1.964519172906875610e-01 -5.197963118553161621e-01 1.000000000000000000e+00
-9.348858147859573364e-02 1.838215589523315430e-01 -5.489464998245239258e-01 1.000000000000000000e+00
-3.086529113352298737e-02 1.659208685159683228e-01 -5.606914758682250977e-01 1.000000000000000000e+00
9.932419657707214355e-02 1.681435853242874146e-01 -5.187818408012390137e-01 1.000000000000000000e+00
2.422840297222137451e-01 2.419662028551101685e-01 -3.953857719898223877e-01 1.000000000000000000e+00
2.112755030393600464e-01 3.938171863555908203e-01 -4.206604063510894775e-01 1.000000000000000000e+00
1.207186430692672729e-01 4.718599617481231689e-01 -4.472057521343231201e-01 1.000000000000000000e+00
5.340677499771118164e-02 5.012734532356262207e-01 -4.338482916355133057e-01 1.000000000000000000e+00
-1.824969798326492310e-02 5.052031278610229492e-01 -4.073156118392944336e-01 1.000000000000000000e+00
-1.156479865312576294e-01 4.737784862518310547e-01 -3.294574022293090820e-01 1.000000000000000000e+00
-1.906270086765289307e-01 3.558037579059600830e-01 -2.532758414745330811e-01 1.000000000000000000e+00
-1.097902953624725342e-01 2.359182983636856079e-01 -4.424501061439514160e-01 1.000000000000000000e+00
-5.830426141619682312e-02 2.171230316162109375e-01 -4.689615070819854736e-01 1.000000000000000000e+00
1.808508648537099361e-03 2.081164121627807617e-01 -4.796657562255859375e-01 0.000000000000000000e+00
2.398781627416610718e-01 2.414101809263229370e-01 -3.946905732154846191e-01 1.000000000000000000e+00
1.092221513390541077e-01 4.040247201919555664e-01 -4.032808244228363037e-01 1.000000000000000000e+00
4.793866723775863647e-02 4.242826700210571289e-01 -3.911834061145782471e-01 1.000000000000000000e+00
-1.497946213930845261e-02 4.336667954921722412e-01 -3.676841557025909424e-01 1.000000000000000000e+00
