-7.074279785156250000e-01 -1.830171197652816772e-01
-6.750598549842834473e-01 -1.269465964287519455e-02
-5.969654321670532227e-01 1.457116603851318359e-01
-5.166853070259094238e-01 2.844097018241882324e-01
-4.377214014530181885e-01 4.217389523983001709e-01
-3.331356644630432129e-01 5.497689843177795410e-01
-2.017965167760848999e-01 6.477738618850708008e-01
-3.522143885493278503e-02 7.199834585189819336e-01
1.204784065485000610e-01 7.137295007705688477e-01
2.903453707695007324e-01 6.408554315567016602e-01
4.575418829917907715e-01 5.209144353866577148e-01
5.838212370872497559e-01 3.742263019084930420e-01
6.787698864936828613e-01 1.925109028816223145e-01
7.321739196777343750e-01 -7.531112525612115860e-03
7.425415515899658203e-01 -2.040584385395050049e-01
7.068353295326232910e-01 -4.164566695690155029e-01
6.782732605934143066e-01 -6.097946166992187500e-01
-7.310597896575927734e-01 -2.835295200347900391e-01
-7.401121854782104492e-01 -4.289202094078063965e-01
-6.487336754798889160e-01 -4.707393348217010498e-01
-5.145542025566101074e-01 -4.738296866416931152e-01
-3.856404125690460205e-01 -4.586332440376281738e-01
-2.014749646186828613e-01 -5.096076130867004395e-01
-8.907192945480346680e-02 -5.884217619895935059e-01
6.762439012527465820e-02 -6.593568325042724609e-01
2.459984868764877319e-01 -6.903192996978759766e-01
4.150197505950927734e-01 -5.856453776359558105e-01
-2.555818259716033936e-01 -3.348884284496307373e-01
-2.367873936891555786e-01 -2.018755078315734863e-01
-2.307886481285095215e-01 -1.015507504343986511e-01
-2.180911004543304443e-01 7.916801841929554939e-04
-2.438353002071380615e-01 1.164542064070701599e-01
-1.896227896213531494e-01 1.285467296838760376e-01
-1.342551112174987793e-01 1.374230533838272095e-01
-7.905205339193344116e-02 1.013170778751373291e-01
-2.218973636627197266e-02 6.119377166032791138e-02
-6.208453774452209473e-01 -1.956242769956588745e-01
-5.621339678764343262e-01 -2.114629149436950684e-01
-4.836746752262115479e-01 -2.352338880300521851e-01
-3.893263936042785645e-01 -2.513893842697143555e-01
-4.664922952651977539e-01 -2.077917009592056274e-01
-5.504152178764343262e-01 -1.793332993984222412e-01
-1.999892666935920715e-02 -3.442052304744720459e-01
5.431480705738067627e-02 -3.743375837802886963e-01
1.381740123033523560e-01 -3.936854600906372070e-01
2.526840269565582275e-01 -4.217313230037689209e-01
1.537393331527709961e-01 -3.597904443740844727e-01
6.090177223086357117e-02 -3.419110476970672607e-01
-2.270781546831130981e-01 3.744026124477386475e-01
-2.051776349544525146e-01 3.414938747882843018e-01
-1.386494934558868408e-01 3.115495741367340088e-01
-8.464257419109344482e-02 3.062755465507507324e-01
-2.848511748015880585e-02 2.831718325614929199e-01
8.232320100069046021e-02 2.674158513545989990e-01
1.965775638818740845e-01 2.631620466709136963e-01
1.439565867185592651e-01 3.376667201519012451e-01
5.057023838162422180e-02 3.944721221923828125e-01
-1.134778279811143875e-02 4.176408648490905762e-01
-7.593959569931030273e-02 4.258675575256347656e-01
-1.619032472372055054e-01 4.162550568580627441e-01
-2.208334207534790039e-01 3.731307089328765869e-01
-1.059509664773941040e-01 3.594202101230621338e-01
-5.142160877585411072e-02 3.474709093570709229e-01
5.975908599793910980e-03 3.307847380638122559e-01
1.943189948797225952e-01 2.637225091457366943e-01
3.533137217164039612e-02 3.182809352874755859e-01
-2.734888345003128052e-02 3.350489437580108643e-01
-8.941087126731872559e-02 3.507850170135498047e-01
