-6.938245892524719238e-01 -2.548545897006988525e-01 3.627400994300842285e-01 0.000000000000000000e+00
-6.080178022384643555e-01 -7.766688615083694458e-02 3.990147411823272705e-01 0.000000000000000000e+00
-5.097692608833312988e-01 1.210359558463096619e-01 4.250297248363494873e-01 0.000000000000000000e+00
-4.238238334655761719e-01 2.970699071884155273e-01 3.644287884235382080e-01 0.000000000000000000e+00
-3.450540304183959961e-01 4.639163315296173096e-01 2.288713157176971436e-01 0.000000000000000000e+00
-2.689878344535827637e-01 5.996466279029846191e-01 2.597826533019542694e-02 0.000000000000000000e+00
-1.499622017145156860e-01 6.773135662078857422e-01 -1.410708576440811157e-01 1.000000000000000000e+00
-2.071308344602584839e-02 7.216204404830932617e-01 -3.313795328140258789e-01 1.000000000000000000e+00
1.502847969532012939e-01 7.123472690582275391e-01 -3.948806226253509521e-01 1.000000000000000000e+00
2.902463078498840332e-01 6.410245299339294434e-01 -4.215754866600036621e-01 1.000000000000000000e+00
4.572649300098419189e-01 5.210631489753723145e-01 -3.250193893909454346e-01 1.000000000000000000e+00
5.836963653564453125e-01 3.748090267181396484e-01 -2.417782545089721680e-01 1.000000000000000000e+00
6.788609623908996582e-01 1.931676864624023438e-01 -1.004559844732284546e-01 1.000000000000000000e+00
7.322570085525512695e-01 -6.429105065762996674e-03 -1.290762796998023987e-02 1.000000000000000000e+00
7.434846758842468262e-01 -2.029496431350708008e-01 6.377871613949537277e-03 1.000000000000000000e+00
7.073853015899658203e-01 -4.167539179325103760e-01 -5.098160728812217712e-02 1.000000000000000000e+00
6.787899136543273926e-01 -6.094503998756408691e-01 -1.025313958525657654e-01 1.000000000000000000e+00
-7.310597896575927734e-01 -2.835295200347900391e-01 -1.328910291194915771e-01 1.000000000000000000e+00
-7.401121854782104492e-01 -4.289202094078063965e-01 -3.343653976917266846e-01 1.000000000000000000e+00
-6.487336754798889160e-01 -4.707393348217010498e-01 -5.093845725059509277e-01 1.000000000000000000e+00
-5.145542025566101074e-01 -4.738296866416931152e-01 -6.180431842803955078e-01 1.000000000000000000e+00
-3.856404125690460205e-01 -4.586332440376281738e-01 -6.698790192604064941e-01 1.000000000000000000e+00
-2.014749646186828613e-01 -5.096076130867004395e-01 -7.335673570632934570e-01 1.000000000000000000e+00
-8.907192945480346680e-02 -5.884217619895935059e-01 -7.628537416458129883e-01 1.000000000000000000e+00
6.762439012527465820e-02 -6.593568325042724609e-01 -7.519375085830688477e-01 1.000000000000000000e+00
2.459984868764877319e-01 -6.903192996978759766e-01 -6.637002229690551758e-01 1.000000000000000000e+00
4.150197505950927734e-01 -5.856453776359558105e-01 -5.171532630920410156e-01 1.000000000000000000e+00
-2.555818259716033936e-01 -3.348884284496307373e-01 -7.002209424972534180e-01 1.000000000000000000e+00
-2.367873936891555786e-01 -2.018755078315734863e-01 -7.549104690551757812e-01 1.000000000000000000e+00
-2.307886481285095215e-01 -1.015507504343986511e-01 -8.131631016731262207e-01 1.000000000000000000e+00
-2.180911004543304443e-01 7.916801841929554939e-04 -8.537153601646423340e-01 1.000000000000000000e+00
-2.438353002071380615e-01 1.164542064070701599e-01 -6.182810068130493164e-01 1.000000000000000000e+00
-1.896227896213531494e-01 1.285467296838760376e-01 -6.622455120086669922e-01 1.000000000000000000e+00
-1.342551112174987793e-01 1.374230533838272095e-01 -6.978999376296997070e-01 1.000000000000000000e+00
-7.905205339193344116e-02 1.013170778751373291e-01 -7.020457983016967773e-01 1.000000000000000000e+00
-2.218973636627197266e-02 6.119377166032791138e-02 -6.965561509132385254e-01 1.000000000000000000e+00
-6.208453774452209473e-01 -1.956242769956588745e-01 -3.488436937332153320e-01 1.000000000000000000e+00
-5.621339678764343262e-01 -2.114629149436950684e-01 -4.681386351585388184e-01 1.000000000000000000e+00
-4.836746752262115479e-01 -2.352338880300521851e-01 -4.981248378753662109e-01 1.000000000000000000e+00
-3.893263936042785645e-01 -2.513893842697143555e-01 -4.997152388095855713e-01 1.000000000000000000e+00
-4.664922952651977539e-01 -2.077917009592056274e-01 -4.853394627571105957e-01 1.000000000000000000e+00
-5.504152178764343262e-01 -1.793332993984222412e-01 -4.458952546119689941e-01 1.000000000000000000e+00
-1.999892666935920715e-02 -3.442052304744720459e-01 -6.292629837989807129e-01 1.000000000000000000e+00
5.431480705738067627e-02 -3.743375837802886963e-01 -6.856163144111633301e-01 1.000000000000000000e+00
1.381740123033523560e-01 -3.936854600906372070e-01 -7.090107798576354980e-01 1.000000000000000000e+00
2.526840269565582275e-01 -4.217313230037689209e-01 -6.487937569618225098e-01 1.000000000000000000e+00
1.537393331527709961e-01 -3.597904443740844727e-01 -6.870452165603637695e-01 1.000000000000000000e+00
6.090177223086357117e-02 -3.419110476970672607e-01 -6.663374304771423340e-01 1.000000000000000000e+00
-2.270781546831130981e-01 3.744026124477386475e-01 -4.735744595527648926e-01 1.000000000000000000e+00
-2.051776349544525146e-01 3.414938747882843018e-01 -5.827482342720031738e-01 1.000000000000000000e+00
-1.386494934558868408e-01 3.115495741367340088e-01 -6.660177111625671387e-01 1.000000000000000000e+00
-8.464257419109344482e-02 3.062755465507507324e-01 -6.920657157897949219e-01 1.000000000000000000e+00
-2.848511748015880585e-02 2.831718325614929199e-01 -7.039545774459838867e-01 1.000000000000000000e+00
8.232320100069046021e-02 2.674158513545989990e-01 -6.767668128013610840e-01 1.000000000000000000e+00
1.965775638818740845e-01 2.631620466709136963e-01 -6.031883358955383301e-01 1.000000000000000000e+00
1.439565867185592651e-01 3.376667201519012451e-01 -6.425430774688720703e-01 1.000000000000000000e+00
5.057023838162422180e-02 3.944721221923828125e-01 -6.732452511787414551e-01 1.000000000000000000e+00
-1.134778279811143875e-02 4.176408648490905762e-01 -6.588080525398254395e-01 1.000000000000000000e+00
-7.593959569931030273e-02 4.258675575256347656e-01 -6.329374313354492188e-01 1.000000000000000000e+00
-1.619032472372055054e-01 4.162550568580627441e-01 -5.560710430145263672e-01 1.000000000000000000e+00
-2.208334207534790039e-01 3.731307089328765869e-01 -4.732710719108581543e-01 1.000000000000000000e+00
-1.059509664773941040e-01 3.594202101230621338e-01 -6.045861840248107910e-01 0.000000000000000000e+00
-5.142160877585411072e-02 3.474709093570709229e-01 -6.292517185211181641e-01 1.000000000000000000e+00
5.975908599793910980e-03 3.307847380638122559e-01 -6.412117481231689453e-01 0.000000000000000000e+00
1.943189948797225952e-01 2.637225091457366943e-01 -6.030762791633605957e-01 1.000000000000000000e+00
3.533137217164039612e-02 3.182809352874755859e-01 -6.578714251518249512e-01 1.000000000000000000e+00
-2.734888345003128052e-02 3.350489437580108643e-01 -6.460641026496887207e-01 1.000000000000000000e+00
-8.941087126731872559e-02 3.507850170135498047e-01 -6.212087273597717285e-01 1.000000000000000000e+00
