-7.292953133583068848e-01 -1.845533549785614014e-01
-6.991788744926452637e-01 -7.179952226579189301e-03
-6.261115670204162598e-01 1.576781719923019409e-01
-5.460815429687500000e-01 3.028202354907989502e-01
-4.676288664340972900e-01 4.444221258163452148e-01
-3.620594143867492676e-01 5.765472650527954102e-01
-2.295868992805480957e-01 6.784011721611022949e-01
-6.647796183824539185e-02 7.579138875007629395e-01
9.059881418943405151e-02 7.542421817779541016e-01
2.662498652935028076e-01 6.826332211494445801e-01
4.425297081470489502e-01 5.600575804710388184e-01
5.785288810729980469e-01 4.121579527854919434e-01
6.827694773674011230e-01 2.248895615339279175e-01
7.408700585365295410e-01 1.813510060310363770e-02
7.583566308021545410e-01 -1.852044910192489624e-01
7.237457036972045898e-01 -4.051070511341094971e-01
6.974499225616455078e-01 -6.038194298744201660e-01
-7.544156908988952637e-01 -2.901276946067810059e-01
-7.653293013572692871e-01 -4.392499923706054688e-01
-6.741527915000915527e-01 -4.767029881477355957e-01
-5.383704304695129395e-01 -4.733319282531738281e-01
-4.069737493991851807e-01 -4.523918032646179199e-01
-2.163288146257400513e-01 -5.009571313858032227e-01
-1.000995412468910217e-01 -5.817304849624633789e-01
6.212588772177696228e-02 -6.549814343452453613e-01
2.467786371707916260e-01 -6.867402195930480957e-01
4.207186996936798096e-01 -5.757656693458557129e-01
-2.745368480682373047e-01 -3.191174864768981934e-01
-2.585678696632385254e-01 -1.793527454137802124e-01
-2.552685141563415527e-01 -7.400427013635635376e-02
-2.451117038726806641e-01 3.311475738883018494e-02
-2.710379064083099365e-01 1.457725316286087036e-01
-2.162419706583023071e-01 1.605421304702758789e-01
-1.597109586000442505e-01 1.712264418601989746e-01
-1.014906167984008789e-01 1.347609013319015503e-01
-4.160842671990394592e-02 9.351126104593276978e-02
-6.462337374687194824e-01 -1.895131468772888184e-01
-5.879217386245727539e-01 -2.026199698448181152e-01
-5.072317123413085938e-01 -2.252698838710784912e-01
-4.098111093044281006e-01 -2.397078126668930054e-01
-4.894913733005523682e-01 -1.965792179107666016e-01
-5.761055350303649902e-01 -1.693104207515716553e-01
-3.076373599469661713e-02 -3.270542621612548828e-01
4.534169286489486694e-02 -3.561535775661468506e-01
1.316243261098861694e-01 -3.744633197784423828e-01
2.508547008037567139e-01 -4.029605388641357422e-01
1.477399766445159912e-01 -3.400196731090545654e-01
5.182661861181259155e-02 -3.232419788837432861e-01
-2.644158303737640381e-01 4.096114039421081543e-01
-2.400036007165908813e-01 3.758375346660614014e-01
-1.703234761953353882e-01 3.460713028907775879e-01
-1.142055839300155640e-01 3.422202765941619873e-01
-5.568014830350875854e-02 3.189343512058258057e-01
5.947491526603698730e-02 3.049856126308441162e-01
1.747837066650390625e-01 3.026322722434997559e-01
1.141889169812202454e-01 3.762320578098297119e-01
1.385688502341508865e-02 4.332289099693298340e-01
-5.052105709910392761e-02 4.558895826339721680e-01
-1.170135363936424255e-01 4.633080065250396729e-01
-2.039449810981750488e-01 4.520913660526275635e-01
-2.579286694526672363e-01 4.080566763877868652e-01
-1.367832571268081665e-01 3.956053853034973145e-01
-7.994236797094345093e-02 3.847466707229614258e-01
-2.052036300301551819e-02 3.681511282920837402e-01
1.723587065935134888e-01 3.031895756721496582e-01
-6.899651489220559597e-04 3.538797795772552490e-01
-6.600436568260192871e-02 3.698379397392272949e-01
-1.297598928213119507e-01 3.852616250514984131e-01
