-7.055918574333190918e-01 -2.701883316040039062e-01 3.730316758155822754e-01 0.000000000000000000e+00
-6.207573413848876953e-01 -8.599413186311721802e-02 4.117245078086853027e-01 0.000000000000000000e+00
-5.230016708374023438e-01 1.200176104903221130e-01 4.404138028621673584e-01 0.000000000000000000e+00
-4.374909996986389160e-01 3.041544258594512939e-01 3.790250718593597412e-01 0.000000000000000000e+00
-3.629215061664581299e-01 4.806054532527923584e-01 2.410962134599685669e-01 0.000000000000000000e+00
-2.917938232421875000e-01 6.246761679649353027e-01 3.312924131751060486e-02 0.000000000000000000e+00
-1.758421063423156738e-01 7.077597379684448242e-01 -1.405247300863265991e-01 1.000000000000000000e+00
-5.065952241420745850e-02 7.590565681457519531e-01 -3.402561247348785400e-01 1.000000000000000000e+00
1.223905980587005615e-01 7.527384757995605469e-01 -4.104524552822113037e-01 1.000000000000000000e+00
2.662498652935028076e-01 6.826332211494445801e-01 -4.433651268482208252e-01 1.000000000000000000e+00
4.425297081470489502e-01 5.600575804710388184e-01 -3.474502861499786377e-01 1.000000000000000000e+00
5.785288810729980469e-01 4.121579527854919434e-01 -2.657778263092041016e-01 1.000000000000000000e+00
6.827694773674011230e-01 2.248895615339279175e-01 -1.234566718339920044e-01 1.000000000000000000e+00
7.408700585365295410e-01 1.813510060310363770e-02 -3.598928079009056091e-02 1.000000000000000000e+00
7.583566308021545410e-01 -1.852044910192489624e-01 -1.884710043668746948e-02 1.000000000000000000e+00
7.237457036972045898e-01 -4.051070511341094971e-01 -7.930713891983032227e-02 1.000000000000000000e+00
6.974499225616455078e-01 -6.038194298744201660e-01 -1.341962814331054688e-01 1.000000000000000000e+00
-7.544156908988952637e-01 -2.901276946067810059e-01 -1.374702155590057373e-01 1.000000000000000000e+00
-7.653293013572692871e-01 -4.392499923706054688e-01 -3.469601571559906006e-01 1.000000000000000000e+00
-6.741527915000915527e-01 -4.767029881477355957e-01 -5.298726558685302734e-01 1.000000000000000000e+00
-5.383704304695129395e-01 -4.733319282531738281e-01 -6.453208327293395996e-01 1.000000000000000000e+00
-4.069737493991851807e-01 -4.523918032646179199e-01 -7.017959952354431152e-01 1.000000000000000000e+00
-2.163288146257400513e-01 -5.009571313858032227e-01 -7.717093825340270996e-01 1.000000000000000000e+00
-1.000995412468910217e-01 -5.817304849624633789e-01 -8.039568066596984863e-01 1.000000000000000000e+00
6.212588772177696228e-02 -6.549814343452453613e-01 -7.949917912483215332e-01 1.000000000000000000e+00
2.467786371707916260e-01 -6.867402195930480957e-01 -7.064809799194335938e-01 1.000000000000000000e+00
4.207186996936798096e-01 -5.757656693458557129e-01 -5.566463470458984375e-01 1.000000000000000000e+00
-2.745368480682373047e-01 -3.191174864768981934e-01 -7.333583235740661621e-01 1.000000000000000000e+00
-2.585678696632385254e-01 -1.793527454137802124e-01 -7.884628772735595703e-01 1.000000000000000000e+00
-2.552685141563415527e-01 -7.400427013635635376e-02 -8.472032546997070312e-01 1.000000000000000000e+00
-2.451117038726806641e-01 3.311475738883018494e-02 -8.885151743888854980e-01 1.000000000000000000e+00
-2.710379064083099365e-01 1.457725316286087036e-01 -6.433776617050170898e-01 1.000000000000000000e+00
-2.162419706583023071e-01 1.605421304702758789e-01 -6.905681490898132324e-01 1.000000000000000000e+00
-1.597109586000442505e-01 1.712264418601989746e-01 -7.287902235984802246e-01 1.000000000000000000e+00
-1.014906167984008789e-01 1.347609013319015503e-01 -7.345810532569885254e-01 1.000000000000000000e+00
-4.160842671990394592e-02 9.351126104593276978e-02 -7.297250032424926758e-01 1.000000000000000000e+00
-6.462337374687194824e-01 -1.895131468772888184e-01 -3.613550066947937012e-01 1.000000000000000000e+00
-5.879217386245727539e-01 -2.026199698448181152e-01 -4.860586524009704590e-01 1.000000000000000000e+00
-5.072317123413085938e-01 -2.252698838710784912e-01 -5.187873840332031250e-01 1.000000000000000000e+00
-4.098111093044281006e-01 -2.397078126668930054e-01 -5.222008228302001953e-01 1.000000000000000000e+00
-4.894913733005523682e-01 -1.965792179107666016e-01 -5.049030184745788574e-01 1.000000000000000000e+00
-5.761055350303649902e-01 -1.693104207515716553e-01 -4.622900485992431641e-01 1.000000000000000000e+00
-3.076373599469661713e-02 -3.270542621612548828e-01 -6.630507707595825195e-01 1.000000000000000000e+00
4.534169286489486694e-02 -3.561535775661468506e-01 -7.230389714241027832e-01 1.000000000000000000e+00
1.316243261098861694e-01 -3.744633197784423828e-01 -7.486969828605651855e-01 1.000000000000000000e+00
2.508547008037567139e-01 -4.029605388641357422e-01 -6.880797743797302246e-01 1.000000000000000000e+00
1.477399766445159912e-01 -3.400196731090545654e-01 -7.253502607345581055e-01 1.000000000000000000e+00
5.182661861181259155e-02 -3.232419788837432861e-01 -7.021430134773254395e-01 1.000000000000000000e+00
-2.644158303737640381e-01 4.096114039421081543e-01 -4.940737187862396240e-01 1.000000000000000000e+00
-2.400036007165908813e-01 3.758375346660614014e-01 -6.081988215446472168e-01 1.000000000000000000e+00
-1.703234761953353882e-01 3.460713028907775879e-01 -6.958595514297485352e-01 1.000000000000000000e+00
-1.142055839300155640e-01 3.422202765941619873e-01 -7.240980267524719238e-01 1.000000000000000000e+00
-5.568014830350875854e-02 3.189343512058258057e-01 -7.384724617004394531e-01 1.000000000000000000e+00
5.947491526603698730e-02 3.049856126308441162e-01 -7.145496010780334473e-01 1.000000000000000000e+00
1.747837066650390625e-01 3.026322722434997559e-01 -6.424843668937683105e-01 1.000000000000000000e+00
1.141889169812202454e-01 3.762320578098297119e-01 -6.819047927856445312e-01 1.000000000000000000e+00
1.385688502341508865e-02 4.332289099693298340e-01 -7.090246677398681641e-01 1.000000000000000000e+00
-5.052105709910392761e-02 4.558895826339721680e-01 -6.911808848381042480e-01 1.000000000000000000e+00
-1.170135363936424255e-01 4.633080065250396729e-01 -6.622446775436401367e-01 1.000000000000000000e+00
-2.039449810981750488e-01 4.520913660526275635e-01 -5.802193284034729004e-01 1.000000000000000000e+00
-2.579286694526672363e-01 4.080566763877868652e-01 -4.940237700939178467e-01 1.000000000000000000e+00
-1.367832571268081665e-01 3.956053853034973145e-01 -6.330071687698364258e-01 0.000000000000000000e+00
-7.994236797094345093e-02 3.847466707229614258e-01 -6.598224639892578125e-01 1.000000000000000000e+00
-2.052036300301551819e-02 3.681511282920837402e-01 -6.744550466537475586e-01 0.000000000000000000e+00
1.723587065935134888e-01 3.031895756721496582e-01 -6.421613097190856934e-01 1.000000000000000000e+00
-6.899651489220559597e-04 3.538797795772552490e-01 -6.939622163772583008e-01 1.000000000000000000e+00
-6.600436568260192871e-02 3.698379397392272949e-01 -6.792321801185607910e-01 1.000000000000000000e+00
-1.297598928213119507e-01 3.852616250514984131e-01 -6.510004997253417969e-01 1.000000000000000000e+00
