-7.516829371452331543e-01 -4.276340305805206299e-01
-7.650055289268493652e-01 -2.517676055431365967e-01
-7.432708740234375000e-01 -7.520201802253723145e-02
-6.971516609191894531e-01 8.228921890258789062e-02
-6.432448029518127441e-01 2.313927859067916870e-01
-5.614241361618041992e-01 3.872343897819519043e-01
-4.529082477092742920e-01 5.299346446990966797e-01
-3.165241777896881104e-01 6.665098071098327637e-01
-1.641575098037719727e-01 7.091953754425048828e-01
2.851944230496883392e-02 6.783210039138793945e-01
2.415849715471267700e-01 5.897727012634277344e-01
4.199791252613067627e-01 4.712886512279510498e-01
5.734903812408447266e-01 3.020451068878173828e-01
6.816741824150085449e-01 1.035785079002380371e-01
7.498651742935180664e-01 -9.664478898048400879e-02
7.681581974029541016e-01 -3.185957968235015869e-01
7.901709079742431641e-01 -5.177502632141113281e-01
-7.526777386665344238e-01 -5.371488332748413086e-01
-7.314891815185546875e-01 -6.639621853828430176e-01
-6.333061456680297852e-01 -6.605102419853210449e-01
-4.991510510444641113e-01 -6.163710355758666992e-01
-3.720574975013732910e-01 -5.609012842178344727e-01
-1.737760156393051147e-01 -5.588790774345397949e-01
-3.853688761591911316e-02 -6.071863174438476562e-01
1.417992115020751953e-01 -6.419134736061096191e-01
3.396852016448974609e-01 -6.417926549911499023e-01
4.949932694435119629e-01 -5.108736753463745117e-01
-2.718800902366638184e-01 -3.983207345008850098e-01
-2.887841463088989258e-01 -2.526323199272155762e-01
-3.103914260864257812e-01 -1.371575146913528442e-01
-3.252193331718444824e-01 -2.034739777445793152e-02
-3.788046240806579590e-01 3.753848001360893250e-02
-3.232294619083404541e-01 7.196987420320510864e-02
-2.629448473453521729e-01 9.564492106437683105e-02
-1.918744444847106934e-01 7.502234727144241333e-02
-1.172190681099891663e-01 4.499389231204986572e-02
-6.664492487907409668e-01 -3.957469761371612549e-01
-6.088610291481018066e-01 -3.906578719615936279e-01
-5.214589834213256836e-01 -3.887930214405059814e-01
-4.186484217643737793e-01 -3.716314136981964111e-01
-5.084791183471679688e-01 -3.487972021102905273e-01
-6.011157035827636719e-01 -3.467251062393188477e-01
-2.547373063862323761e-02 -3.583919405937194824e-01
5.565331503748893738e-02 -3.685245215892791748e-01
1.469681710004806519e-01 -3.667263090610504150e-01
2.761741280555725098e-01 -3.697397708892822266e-01
1.552977412939071655e-01 -3.251366019248962402e-01
5.579302832484245300e-02 -3.323007225990295410e-01
-4.295877218246459961e-01 2.310969233512878418e-01
-4.008825719356536865e-01 2.166965305805206299e-01
-3.162311613559722900e-01 2.185361832380294800e-01
-2.520176172256469727e-01 2.297688424587249756e-01
-1.816225945949554443e-01 2.214652150869369507e-01
-5.233930796384811401e-02 2.254554480314254761e-01
6.510438770055770874e-02 2.453457266092300415e-01
-2.854126319289207458e-02 3.269721567630767822e-01
-1.528666764497756958e-01 3.666205704212188721e-01
-2.280952185392379761e-01 3.725697398185729980e-01
-2.997713685035705566e-01 3.605781495571136475e-01
-3.859111070632934570e-01 3.144880235195159912e-01
-4.235404431819915771e-01 2.314200699329376221e-01
-2.904959022998809814e-01 2.579122781753540039e-01
-2.254671454429626465e-01 2.596715390682220459e-01
-1.579943895339965820e-01 2.607777714729309082e-01
6.296854466199874878e-02 2.448992580175399780e-01
-1.448720395565032959e-01 2.824089825153350830e-01
-2.195362150669097900e-01 2.833900451660156250e-01
-2.897161841392517090e-01 2.775608599185943604e-01
