-6.935955882072448730e-01 -5.583264231681823730e-01 2.643917798995971680e-01 0.000000000000000000e+00
-6.493058800697326660e-01 -3.594772517681121826e-01 3.201014697551727295e-01 0.000000000000000000e+00
-5.953687429428100586e-01 -1.358166038990020752e-01 3.685263395309448242e-01 0.000000000000000000e+00
-5.553824305534362793e-01 7.313091307878494263e-02 3.238761425018310547e-01 0.000000000000000000e+00
-5.282892584800720215e-01 2.760154604911804199e-01 2.017340511083602905e-01 0.000000000000000000e+00
-4.974141716957092285e-01 4.481096863746643066e-01 4.704083781689405441e-03 0.000000000000000000e+00
-4.052639901638031006e-01 5.703470110893249512e-01 -1.643234044313430786e-01 0.000000000000000000e+00
-3.000390827655792236e-01 6.686806082725524902e-01 -3.675606548786163330e-01 1.000000000000000000e+00
-1.311318129301071167e-01 7.122371196746826172e-01 -4.411522448062896729e-01 1.000000000000000000e+00
2.851944230496883392e-02 6.783210039138793945e-01 -4.788675010204315186e-01 1.000000000000000000e+00
2.415849715471267700e-01 5.897727012634277344e-01 -3.915656805038452148e-01 1.000000000000000000e+00
4.199791252613067627e-01 4.712886512279510498e-01 -3.257300853729248047e-01 1.000000000000000000e+00
5.734903812408447266e-01 3.020451068878173828e-01 -2.017483115196228027e-01 1.000000000000000000e+00
6.816741824150085449e-01 1.035785079002380371e-01 -1.339532136917114258e-01 1.000000000000000000e+00
7.498651742935180664e-01 -9.664478898048400879e-02 -1.368725597858428955e-01 1.000000000000000000e+00
7.681581974029541016e-01 -3.185957968235015869e-01 -2.205588966608047485e-01 1.000000000000000000e+00
7.901709079742431641e-01 -5.177502632141113281e-01 -2.950085401535034180e-01 1.000000000000000000e+00
-7.526777386665344238e-01 -5.371488332748413086e-01 -2.616454958915710449e-01 1.000000000000000000e+00
-7.314891815185546875e-01 -6.639621853828430176e-01 -4.904538094997406006e-01 1.000000000000000000e+00
-6.333061456680297852e-01 -6.605102419853210449e-01 -6.821465492248535156e-01 1.000000000000000000e+00
-4.991510510444641113e-01 -6.163710355758666992e-01 -7.996971011161804199e-01 1.000000000000000000e+00
-3.720574975013732910e-01 -5.609012842178344727e-01 -8.547967672348022461e-01 1.000000000000000000e+00
-1.737760156393051147e-01 -5.588790774345397949e-01 -9.305003285408020020e-01 1.000000000000000000e+00
-3.853688761591911316e-02 -6.071863174438476562e-01 -9.742524623870849609e-01 1.000000000000000000e+00
1.417992115020751953e-01 -6.419134736061096191e-01 -9.732526540756225586e-01 1.000000000000000000e+00
3.396852016448974609e-01 -6.417926549911499023e-01 -8.867653608322143555e-01 1.000000000000000000e+00
4.949932694435119629e-01 -5.108736753463745117e-01 -7.244110703468322754e-01 1.000000000000000000e+00
-2.718800902366638184e-01 -3.983207345008850098e-01 -8.715317845344543457e-01 1.000000000000000000e+00
-2.887841463088989258e-01 -2.526323199272155762e-01 -9.133465290069580078e-01 1.000000000000000000e+00
-3.103914260864257812e-01 -1.371575146913528442e-01 -9.608975052833557129e-01 1.000000000000000000e+00
-3.252193331718444824e-01 -2.034739777445793152e-02 -9.934993386268615723e-01 1.000000000000000000e+00
-3.788046240806579590e-01 3.753848001360893250e-02 -7.222530245780944824e-01 1.000000000000000000e+00
-3.232294619083404541e-01 7.196987420320510864e-02 -7.687269449234008789e-01 1.000000000000000000e+00
-2.629448473453521729e-01 9.564492106437683105e-02 -8.053995370864868164e-01 1.000000000000000000e+00
-1.918744444847106934e-01 7.502234727144241333e-02 -8.187401294708251953e-01 1.000000000000000000e+00
-1.172190681099891663e-01 4.499389231204986572e-02 -8.215401172637939453e-01 1.000000000000000000e+00
-6.664492487907409668e-01 -3.957469761371612549e-01 -4.802898168563842773e-01 1.000000000000000000e+00
-6.088610291481018066e-01 -3.906578719615936279e-01 -6.121745705604553223e-01 1.000000000000000000e+00
-5.214589834213256836e-01 -3.887930214405059814e-01 -6.484873890876770020e-01 1.000000000000000000e+00
-4.186484217643737793e-01 -3.716314136981964111e-01 -6.489621400833129883e-01 1.000000000000000000e+00
-5.084791183471679688e-01 -3.487972021102905273e-01 -6.273905634880065918e-01 1.000000000000000000e+00
-6.011157035827636719e-01 -3.467251062393188477e-01 -5.816298127174377441e-01 1.000000000000000000e+00
-2.547373063862323761e-02 -3.583919405937194824e-01 -8.016393780708312988e-01 1.000000000000000000e+00
5.565331503748893738e-02 -3.685245215892791748e-01 -8.688538074493408203e-01 1.000000000000000000e+00
1.469681710004806519e-01 -3.667263090610504150e-01 -8.980687260627746582e-01 1.000000000000000000e+00
2.761741280555725098e-01 -3.697397708892822266e-01 -8.372920155525207520e-01 1.000000000000000000e+00
1.552977412939071655e-01 -3.251366019248962402e-01 -8.692602515220642090e-01 1.000000000000000000e+00
5.579302832484245300e-02 -3.323007225990295410e-01 -8.429977297782897949e-01 1.000000000000000000e+00
-4.295877218246459961e-01 2.310969233512878418e-01 -5.074449777603149414e-01 1.000000000000000000e+00
-4.008825719356536865e-01 2.166965305805206299e-01 -6.397449374198913574e-01 1.000000000000000000e+00
-3.162311613559722900e-01 2.185361832380294800e-01 -7.428234815597534180e-01 1.000000000000000000e+00
-2.520176172256469727e-01 2.297688424587249756e-01 -7.744817733764648438e-01 1.000000000000000000e+00
-1.816225945949554443e-01 2.214652150869369507e-01 -7.935398817062377930e-01 1.000000000000000000e+00
-5.233930796384811401e-02 2.254554480314254761e-01 -7.690933346748352051e-01 1.000000000000000000e+00
6.510438770055770874e-02 2.453457266092300415e-01 -6.830633878707885742e-01 1.000000000000000000e+00
-2.854126319289207458e-02 3.269721567630767822e-01 -7.224070429801940918e-01 1.000000000000000000e+00
-1.528666764497756958e-01 3.666205704212188721e-01 -7.506870627403259277e-01 1.000000000000000000e+00
-2.280952185392379761e-01 3.725697398185729980e-01 -7.294628620147705078e-01 1.000000000000000000e+00
-2.997713685035705566e-01 3.605781495571136475e-01 -6.971883177757263184e-01 1.000000000000000000e+00
-3.859111070632934570e-01 3.144880235195159912e-01 -6.020348072052001953e-01 1.000000000000000000e+00
-4.235404431819915771e-01 2.314200699329376221e-01 -5.072495937347412109e-01 1.000000000000000000e+00
-2.904959022998809814e-01 2.579122781753540039e-01 -6.709852218627929688e-01 0.000000000000000000e+00
-2.254671454429626465e-01 2.596715390682220459e-01 -6.989860534667968750e-01 0.000000000000000000e+00
-1.579943895339965820e-01 2.607777714729309082e-01 -7.212324738502502441e-01 0.000000000000000000e+00
6.296854466199874878e-02 2.448992580175399780e-01 -6.830263733863830566e-01 1.000000000000000000e+00
-1.448720395565032959e-01 2.824089825153350830e-01 -7.315614819526672363e-01 1.000000000000000000e+00
-2.195362150669097900e-01 2.833900451660156250e-01 -7.171671986579895020e-01 1.000000000000000000e+00
-2.897161841392517090e-01 2.775608599185943604e-01 -6.806634068489074707e-01 1.000000000000000000e+00
