-6.541364192962646484e-01 -5.004308819770812988e-01
-7.095018029212951660e-01 -3.356830477714538574e-01
-7.317454218864440918e-01 -1.556548476219177246e-01
-7.322875261306762695e-01 8.655404963064938784e-05
-7.229986786842346191e-01 1.631774306297302246e-01
-6.860067844390869141e-01 3.327104151248931885e-01
-6.013850569725036621e-01 4.949528276920318604e-01
-4.721821546554565430e-01 6.517979502677917480e-01
-3.268304169178009033e-01 7.223913073539733887e-01
-1.376819908618927002e-01 7.280266880989074707e-01
7.555036991834640503e-02 6.909363269805908203e-01
2.584555745124816895e-01 6.081187725067138672e-01
4.195865094661712646e-01 4.819769263267517090e-01
5.522592663764953613e-01 3.190875351428985596e-01
6.477337479591369629e-01 1.454873234033584595e-01
7.168976664543151855e-01 -4.786534979939460754e-02
7.853035330772399902e-01 -2.344046384096145630e-01
-6.188961863517761230e-01 -5.949418544769287109e-01
-5.428040623664855957e-01 -7.233415246009826660e-01
-4.307393729686737061e-01 -7.114275097846984863e-01
-3.028838038444519043e-01 -6.481724977493286133e-01
-1.906178742647171021e-01 -5.676698684692382812e-01
1.311926054768264294e-03 -5.230353474617004395e-01
1.431460082530975342e-01 -5.416412949562072754e-01
3.139305114746093750e-01 -5.303632020950317383e-01
4.819584190845489502e-01 -4.767181575298309326e-01
5.723054409027099609e-01 -3.105228543281555176e-01
-1.317865699529647827e-01 -3.874380588531494141e-01
-1.767680197954177856e-01 -2.537325024604797363e-01
-2.179636508226394653e-01 -1.492285579442977905e-01
-2.538511157035827637e-01 -4.269743338227272034e-02
-3.543595969676971436e-01 1.504987291991710663e-02
-3.016855120658874512e-01 5.497907474637031555e-02
-2.448264211416244507e-01 8.866427838802337646e-02
-1.722640544176101685e-01 8.695964515209197998e-02
-9.635479003190994263e-02 7.982416450977325439e-02
-5.370306372642517090e-01 -4.735100865364074707e-01
-4.644942581653594971e-01 -4.906491637229919434e-01
-3.751803040504455566e-01 -4.635850191116333008e-01
-2.918840646743774414e-01 -3.968101739883422852e-01
-3.820770680904388428e-01 -3.896750807762145996e-01
-4.724869728088378906e-01 -4.077185094356536865e-01
7.450649887323379517e-02 -3.034343421459197998e-01
1.628420650959014893e-01 -3.306584358215332031e-01
2.592996358871459961e-01 -3.149278163909912109e-01
3.631725907325744629e-01 -2.525730729103088379e-01
2.399388849735260010e-01 -2.305574566125869751e-01
1.467183679342269897e-01 -2.567690014839172363e-01
-4.776048362255096436e-01 2.037062197923660278e-01
-4.243193864822387695e-01 1.848603039979934692e-01
-3.316839337348937988e-01 2.006325423717498779e-01
-2.697318792343139648e-01 2.232144325971603394e-01
-2.007369697093963623e-01 2.330702841281890869e-01
-8.358170092105865479e-02 2.696433067321777344e-01
1.400118321180343628e-02 3.203981220722198486e-01
-9.645467996597290039e-02 3.831525743007659912e-01
-2.219249457120895386e-01 3.960342109203338623e-01
-2.969578504562377930e-01 3.867917060852050781e-01
-3.649335801601409912e-01 3.625068366527557373e-01
-4.456676542758941650e-01 3.020343780517578125e-01
-4.729700386524200439e-01 2.067809998989105225e-01
-3.249347209930419922e-01 2.462710142135620117e-01
-2.608733177185058594e-01 2.609476149082183838e-01
-1.948181241750717163e-01 2.784481644630432129e-01
1.225692965090274811e-02 3.196791112422943115e-01
-2.011014819145202637e-01 3.261126875877380371e-01
-2.740493714809417725e-01 3.137254118919372559e-01
-3.411131799221038818e-01 2.939939200878143311e-01
