-6.294500231742858887e-01 -5.724913477897644043e-01 2.523893415927886963e-01 1.000000000000000000e+00
-6.413614749908447266e-01 -3.764174282550811768e-01 2.969669401645660400e-01 0.000000000000000000e+00
-6.477417349815368652e-01 -1.534234285354614258e-01 3.338342010974884033e-01 0.000000000000000000e+00
-6.543675065040588379e-01 4.804917797446250916e-02 2.843933105468750000e-01 0.000000000000000000e+00
-6.589973568916320801e-01 2.400887459516525269e-01 1.620658636093139648e-01 0.000000000000000000e+00
-6.462285518646240234e-01 4.061412811279296875e-01 -2.699201740324497223e-02 0.000000000000000000e+00
-5.661837458610534668e-01 5.450537800788879395e-01 -1.772044003009796143e-01 1.000000000000000000e+00
-4.608033597469329834e-01 6.589167118072509766e-01 -3.573404848575592041e-01 1.000000000000000000e+00
-3.005498051643371582e-01 7.325134873390197754e-01 -4.144204556941986084e-01 1.000000000000000000e+00
-1.380106061697006226e-01 7.290421128273010254e-01 -4.352016746997833252e-01 1.000000000000000000e+00
7.229270040988922119e-02 6.920386552810668945e-01 -3.368494808673858643e-01 1.000000000000000000e+00
2.536055743694305420e-01 6.125336289405822754e-01 -2.546359002590179443e-01 1.000000000000000000e+00
4.155787527561187744e-01 4.882129728794097900e-01 -1.113923490047454834e-01 1.000000000000000000e+00
5.484451055526733398e-01 3.288548290729522705e-01 -2.230415120720863342e-02 1.000000000000000000e+00
6.507312059402465820e-01 1.578525900840759277e-01 -1.777475001290440559e-03 1.000000000000000000e+00
7.230631113052368164e-01 -4.756521433591842651e-02 -6.244144216179847717e-02 1.000000000000000000e+00
7.902811169624328613e-01 -2.306255549192428589e-01 -1.153297498822212219e-01 1.000000000000000000e+00
-6.188961863517761230e-01 -5.949418544769287109e-01 -2.476930767297744751e-01 1.000000000000000000e+00
-5.428040623664855957e-01 -7.233415246009826660e-01 -4.497187435626983643e-01 1.000000000000000000e+00
-4.307393729686737061e-01 -7.114275097846984863e-01 -6.204407811164855957e-01 1.000000000000000000e+00
-3.028838038444519043e-01 -6.481724977493286133e-01 -7.196673750877380371e-01 1.000000000000000000e+00
-1.906178742647171021e-01 -5.676698684692382812e-01 -7.607321143150329590e-01 1.000000000000000000e+00
1.311926054768264294e-03 -5.230353474617004395e-01 -8.116325736045837402e-01 1.000000000000000000e+00
1.431460082530975342e-01 -5.416412949562072754e-01 -8.369966745376586914e-01 1.000000000000000000e+00
3.139305114746093750e-01 -5.303632020950317383e-01 -8.122107386589050293e-01 1.000000000000000000e+00
4.819584190845489502e-01 -4.767181575298309326e-01 -7.079967856407165527e-01 1.000000000000000000e+00
5.723054409027099609e-01 -3.105228543281555176e-01 -5.490454435348510742e-01 1.000000000000000000e+00
-1.317865699529647827e-01 -3.874380588531494141e-01 -7.756776213645935059e-01 1.000000000000000000e+00
-1.767680197954177856e-01 -2.537325024604797363e-01 -8.316576480865478516e-01 1.000000000000000000e+00
-2.179636508226394653e-01 -1.492285579442977905e-01 -8.897429108619689941e-01 1.000000000000000000e+00
-2.538511157035827637e-01 -4.269743338227272034e-02 -9.314679503440856934e-01 1.000000000000000000e+00
-3.543595969676971436e-01 1.504987291991710663e-02 -6.805564761161804199e-01 1.000000000000000000e+00
-3.016855120658874512e-01 5.497907474637031555e-02 -7.202877998352050781e-01 1.000000000000000000e+00
-2.448264211416244507e-01 8.866427838802337646e-02 -7.500826120376586914e-01 1.000000000000000000e+00
-1.722640544176101685e-01 8.695964515209197998e-02 -7.538802027702331543e-01 1.000000000000000000e+00
-9.635479003190994263e-02 7.982416450977325439e-02 -7.474041581153869629e-01 1.000000000000000000e+00
-5.370306372642517090e-01 -4.735100865364074707e-01 -4.474650025367736816e-01 1.000000000000000000e+00
-4.644942581653594971e-01 -4.906491637229919434e-01 -5.699840784072875977e-01 1.000000000000000000e+00
-3.751803040504455566e-01 -4.635850191116333008e-01 -5.984516143798828125e-01 1.000000000000000000e+00
-2.918840646743774414e-01 -3.968101739883422852e-01 -5.833454728126525879e-01 1.000000000000000000e+00
-3.820770680904388428e-01 -3.896750807762145996e-01 -5.726532340049743652e-01 1.000000000000000000e+00
-4.724869728088378906e-01 -4.077185094356536865e-01 -5.396630764007568359e-01 1.000000000000000000e+00
7.450649887323379517e-02 -3.034343421459197998e-01 -6.837090849876403809e-01 1.000000000000000000e+00
1.628420650959014893e-01 -3.306584358215332031e-01 -7.427771687507629395e-01 1.000000000000000000e+00
2.592996358871459961e-01 -3.149278163909912109e-01 -7.606054544448852539e-01 1.000000000000000000e+00
3.631725907325744629e-01 -2.525730729103088379e-01 -6.813569664955139160e-01 1.000000000000000000e+00
2.399388849735260010e-01 -2.305574566125869751e-01 -7.264577746391296387e-01 1.000000000000000000e+00
1.467183679342269897e-01 -2.567690014839172363e-01 -7.133083343505859375e-01 1.000000000000000000e+00
-4.776048362255096436e-01 2.037062197923660278e-01 -4.581717550754547119e-01 1.000000000000000000e+00
-4.243193864822387695e-01 1.848603039979934692e-01 -6.024058461189270020e-01 1.000000000000000000e+00
-3.316839337348937988e-01 2.006325423717498779e-01 -6.987222433090209961e-01 1.000000000000000000e+00
-2.697318792343139648e-01 2.232144325971603394e-01 -7.232611179351806641e-01 1.000000000000000000e+00
-2.007369697093963623e-01 2.330702841281890869e-01 -7.330768704414367676e-01 1.000000000000000000e+00
-8.358170092105865479e-02 2.696433067321777344e-01 -6.907275915145874023e-01 1.000000000000000000e+00
1.400118321180343628e-02 3.203981220722198486e-01 -5.843163132667541504e-01 1.000000000000000000e+00
-9.645467996597290039e-02 3.831525743007659912e-01 -6.359707117080688477e-01 1.000000000000000000e+00
-2.219249457120895386e-01 3.960342109203338623e-01 -6.736384630203247070e-01 1.000000000000000000e+00
-2.969578504562377930e-01 3.867917060852050781e-01 -6.610761284828186035e-01 1.000000000000000000e+00
-3.649335801601409912e-01 3.625068366527557373e-01 -6.346430778503417969e-01 1.000000000000000000e+00
-4.456676542758941650e-01 3.020343780517578125e-01 -5.459750294685363770e-01 1.000000000000000000e+00
-4.729700386524200439e-01 2.067809998989105225e-01 -4.566914439201354980e-01 1.000000000000000000e+00
-3.249347209930419922e-01 2.462710142135620117e-01 -6.256585121154785156e-01 0.000000000000000000e+00
-2.608733177185058594e-01 2.609476149082183838e-01 -6.474167108535766602e-01 0.000000000000000000e+00
-1.948181241750717163e-01 2.784481644630432129e-01 -6.592816114425659180e-01 0.000000000000000000e+00
1.225692965090274811e-02 3.196791112422943115e-01 -5.845449566841125488e-01 1.000000000000000000e+00
-2.011014819145202637e-01 3.261126875877380371e-01 -6.455084085464477539e-01 1.000000000000000000e+00
-2.740493714809417725e-01 3.137254118919372559e-01 -6.385337114334106445e-01 1.000000000000000000e+00
-3.411131799221038818e-01 2.939939200878143311e-01 -6.081289052963256836e-01 1.000000000000000000e+00
