-6.954151988029479980e-01 -3.824199438095092773e-01
-7.041103243827819824e-01 -2.216730415821075439e-01
-6.757545471191406250e-01 -4.746516793966293335e-02
-6.281598210334777832e-01 1.116530373692512512e-01
-5.699303746223449707e-01 2.617408931255340576e-01
-4.859855175018310547e-01 4.188372790813446045e-01
-3.813272416591644287e-01 5.752216577529907227e-01
-2.252073138952255249e-01 7.203837037086486816e-01
-6.998555362224578857e-02 7.636579871177673340e-01
1.134271919727325439e-01 7.117376923561096191e-01
2.997139692306518555e-01 6.026060581207275391e-01
4.399399757385253906e-01 4.507615566253662109e-01
5.668255090713500977e-01 2.841588854789733887e-01
6.535233855247497559e-01 1.009997054934501648e-01
7.055892348289489746e-01 -8.304040133953094482e-02
7.184189558029174805e-01 -2.979290783405303955e-01
7.319009900093078613e-01 -4.902192354202270508e-01
-6.923314332962036133e-01 -4.833774268627166748e-01
-6.733682155609130859e-01 -6.292648315429687500e-01
-5.749723911285400391e-01 -6.620700359344482422e-01
-4.458224177360534668e-01 -6.474824547767639160e-01
-3.223977982997894287e-01 -6.070885062217712402e-01
-1.408346146345138550e-01 -6.213955283164978027e-01
-1.522501837462186813e-02 -6.759768128395080566e-01
1.479502767324447632e-01 -7.043188810348510742e-01
3.318190872669219971e-01 -6.908465623855590820e-01
4.699234962463378906e-01 -5.559707283973693848e-01
-2.273108214139938354e-01 -4.665201604366302490e-01
-2.392136305570602417e-01 -3.427523970603942871e-01
-2.550223767757415771e-01 -2.384303510189056396e-01
-2.634445428848266602e-01 -1.341626495122909546e-01
-3.235677480697631836e-01 -4.145603999495506287e-02
-2.662778794765472412e-01 -1.876878552138805389e-02
-2.062169313430786133e-01 -8.013213984668254852e-03
-1.392869651317596436e-01 -2.611103281378746033e-02
-6.889821588993072510e-02 -5.536687746644020081e-02
-6.059500575065612793e-01 -4.113165736198425293e-01
-5.493284463882446289e-01 -4.524414539337158203e-01
-4.627397060394287109e-01 -4.536487460136413574e-01
-3.670356273651123047e-01 -4.172630608081817627e-01
-4.517909586429595947e-01 -3.873983919620513916e-01
-5.341824293136596680e-01 -3.774808347225189209e-01
-4.289407748728990555e-03 -4.362496137619018555e-01
6.905420124530792236e-02 -4.838107824325561523e-01
1.598616838455200195e-01 -4.944737851619720459e-01
2.790781259536743164e-01 -4.616302847862243652e-01
1.632474362850189209e-01 -4.149093925952911377e-01
7.533664256334304810e-02 -4.144116640090942383e-01
-3.515612483024597168e-01 2.555021643638610840e-01
-3.378235697746276855e-01 1.574975997209548950e-01
-2.576751410961151123e-01 1.232490837574005127e-01
-1.953798383474349976e-01 1.225708201527595520e-01
-1.277853846549987793e-01 1.163475364446640015e-01
2.029012655839323997e-03 1.417267769575119019e-01
1.232983246445655823e-01 2.379120588302612305e-01
5.008521303534507751e-02 3.713174164295196533e-01
-6.139234080910682678e-02 4.251114130020141602e-01
-1.363228708505630493e-01 4.388088285923004150e-01
-2.093770056962966919e-01 4.286735653877258301e-01
-2.992557585239410400e-01 3.813212811946868896e-01
-3.436953723430633545e-01 2.589975595474243164e-01
-2.257036119699478149e-01 1.692604720592498779e-01
-1.675989776849746704e-01 1.605154275894165039e-01
-1.039115339517593384e-01 1.634833663702011108e-01
1.211337521672248840e-01 2.368275523185729980e-01
-5.753042548894882202e-02 3.558642566204071045e-01
-1.249673888087272644e-01 3.622096776962280273e-01
-1.916483342647552490e-01 3.585711717605590820e-01
