-6.625831723213195801e-01 -4.136051833629608154e-01 4.457049071788787842e-01 0.000000000000000000e+00
-6.167321205139160156e-01 -2.275491952896118164e-01 4.710466563701629639e-01 0.000000000000000000e+00
-5.621142983436584473e-01 -1.825661212205886841e-02 4.861734807491302490e-01 0.000000000000000000e+00
-5.220137834548950195e-01 1.629864126443862915e-01 4.252346754074096680e-01 0.000000000000000000e+00
-4.854581654071807861e-01 3.364945948123931885e-01 3.043663203716278076e-01 0.000000000000000000e+00
-4.381568431854248047e-01 4.881247580051422119e-01 1.288145929574966431e-01 0.000000000000000000e+00
-3.399680256843566895e-01 6.241292953491210938e-01 1.101007335819303989e-03 1.000000000000000000e+00
-2.133568972349166870e-01 7.224146127700805664e-01 -1.485784500837326050e-01 1.000000000000000000e+00
-4.089311882853507996e-02 7.632863521575927734e-01 -2.042466551065444946e-01 1.000000000000000000e+00
1.132980138063430786e-01 7.118781208992004395e-01 -2.381580322980880737e-01 1.000000000000000000e+00
2.994304597377777100e-01 6.027403473854064941e-01 -1.857904493808746338e-01 1.000000000000000000e+00
4.397743940353393555e-01 4.514198005199432373e-01 -1.380898952484130859e-01 1.000000000000000000e+00
5.667940378189086914e-01 2.849803864955902100e-01 -2.740947529673576355e-02 1.000000000000000000e+00
6.533321142196655273e-01 1.020366996526718140e-01 4.749167710542678833e-02 1.000000000000000000e+00
7.062631249427795410e-01 -8.179062604904174805e-02 6.915243715047836304e-02 1.000000000000000000e+00
7.189916372299194336e-01 -2.980671226978302002e-01 2.053098939359188080e-02 1.000000000000000000e+00
7.322978973388671875e-01 -4.897422492504119873e-01 -2.074980922043323517e-02 1.000000000000000000e+00
-6.923314332962036133e-01 -4.833774268627166748e-01 -3.140960261225700378e-02 1.000000000000000000e+00
-6.733682155609130859e-01 -6.292648315429687500e-01 -2.154282033443450928e-01 1.000000000000000000e+00
-5.749723911285400391e-01 -6.620700359344482422e-01 -3.865143060684204102e-01 1.000000000000000000e+00
-4.458224177360534668e-01 -6.474824547767639160e-01 -4.909151196479797363e-01 1.000000000000000000e+00
-3.223977982997894287e-01 -6.070885062217712402e-01 -5.440868139266967773e-01 1.000000000000000000e+00
-1.408346146345138550e-01 -6.213955283164978027e-01 -6.056106090545654297e-01 1.000000000000000000e+00
-1.522501837462186813e-02 -6.759768128395080566e-01 -6.371414661407470703e-01 1.000000000000000000e+00
1.479502767324447632e-01 -7.043188810348510742e-01 -6.285341382026672363e-01 1.000000000000000000e+00
3.318190872669219971e-01 -6.908465623855590820e-01 -5.447446703910827637e-01 1.000000000000000000e+00
4.699234962463378906e-01 -5.559707283973693848e-01 -4.120781123638153076e-01 1.000000000000000000e+00
-2.273108214139938354e-01 -4.665201604366302490e-01 -5.826246142387390137e-01 1.000000000000000000e+00
-2.392136305570602417e-01 -3.427523970603942871e-01 -6.434381008148193359e-01 1.000000000000000000e+00
-2.550223767757415771e-01 -2.384303510189056396e-01 -7.061988115310668945e-01 1.000000000000000000e+00
-2.634445428848266602e-01 -1.341626495122909546e-01 -7.510834336280822754e-01 1.000000000000000000e+00
-3.235677480697631836e-01 -4.145603999495506287e-02 -5.131593942642211914e-01 1.000000000000000000e+00
-2.662778794765472412e-01 -1.876878552138805389e-02 -5.576767921447753906e-01 1.000000000000000000e+00
-2.062169313430786133e-01 -8.013213984668254852e-03 -5.920220017433166504e-01 1.000000000000000000e+00
-1.392869651317596436e-01 -2.611103281378746033e-02 -5.996719002723693848e-01 1.000000000000000000e+00
-6.889821588993072510e-02 -5.536687746644020081e-02 -5.981361865997314453e-01 1.000000000000000000e+00
-6.059500575065612793e-01 -4.113165736198425293e-01 -2.392934262752532959e-01 1.000000000000000000e+00
-5.493284463882446289e-01 -4.524414539337158203e-01 -3.574890494346618652e-01 1.000000000000000000e+00
-4.627397060394287109e-01 -4.536487460136413574e-01 -3.912963867187500000e-01 1.000000000000000000e+00
-3.670356273651123047e-01 -4.172630608081817627e-01 -3.907417654991149902e-01 1.000000000000000000e+00
-4.517909586429595947e-01 -3.873983919620513916e-01 -3.768951296806335449e-01 1.000000000000000000e+00
-5.341824293136596680e-01 -3.774808347225189209e-01 -3.397659659385681152e-01 1.000000000000000000e+00
-4.289407748728990555e-03 -4.362496137619018555e-01 -5.156266689300537109e-01 1.000000000000000000e+00
6.905420124530792236e-02 -4.838107824325561523e-01 -5.721231102943420410e-01 1.000000000000000000e+00
1.598616838455200195e-01 -4.944737851619720459e-01 -5.970051884651184082e-01 1.000000000000000000e+00
2.790781259536743164e-01 -4.616302847862243652e-01 -5.373936295509338379e-01 1.000000000000000000e+00
1.632474362850189209e-01 -4.149093925952911377e-01 -5.760409235954284668e-01 1.000000000000000000e+00
7.533664256334304810e-02 -4.144116640090942383e-01 -5.554166436195373535e-01 1.000000000000000000e+00
-3.515612483024597168e-01 2.555021643638610840e-01 -2.924591302871704102e-01 1.000000000000000000e+00
-3.378235697746276855e-01 1.574975997209548950e-01 -4.497300386428833008e-01 1.000000000000000000e+00
-2.576751410961151123e-01 1.232490837574005127e-01 -5.576342344284057617e-01 1.000000000000000000e+00
-1.953798383474349976e-01 1.225708201527595520e-01 -5.871345400810241699e-01 1.000000000000000000e+00
-1.277853846549987793e-01 1.163475364446640015e-01 -6.001545190811157227e-01 1.000000000000000000e+00
2.029012655839323997e-03 1.417267769575119019e-01 -5.600920319557189941e-01 1.000000000000000000e+00
1.232983246445655823e-01 2.379120588302612305e-01 -4.381382167339324951e-01 1.000000000000000000e+00
5.008521303534507751e-02 3.713174164295196533e-01 -4.669991135597229004e-01 1.000000000000000000e+00
-6.139234080910682678e-02 4.251114130020141602e-01 -4.938856959342956543e-01 1.000000000000000000e+00
-1.363228708505630493e-01 4.388088285923004150e-01 -4.787966012954711914e-01 1.000000000000000000e+00
-2.093770056962966919e-01 4.286735653877258301e-01 -4.512333869934082031e-01 1.000000000000000000e+00
-2.992557585239410400e-01 3.813212811946868896e-01 -3.684094846248626709e-01 1.000000000000000000e+00
-3.436953723430633545e-01 2.589975595474243164e-01 -2.872226238250732422e-01 1.000000000000000000e+00
-2.257036119699478149e-01 1.692604720592498779e-01 -4.797698557376861572e-01 1.000000000000000000e+00
-1.675989776849746704e-01 1.605154275894165039e-01 -5.064125061035156250e-01 1.000000000000000000e+00
-1.039115339517593384e-01 1.634833663702011108e-01 -5.197720527648925781e-01 0.000000000000000000e+00
1.211337521672248840e-01 2.368275523185729980e-01 -4.375129044055938721e-01 1.000000000000000000e+00
-5.753042548894882202e-02 3.558642566204071045e-01 -4.509377777576446533e-01 1.000000000000000000e+00
-1.249673888087272644e-01 3.622096776962280273e-01 -4.380711913108825684e-01 1.000000000000000000e+00
-1.916483342647552490e-01 3.585711717605590820e-01 -4.122741818428039551e-01 1.000000000000000000e+00
