-7.027927637100219727e-01 -4.647971093654632568e-01
-7.372966408729553223e-01 -2.990093231201171875e-01
-7.378818988800048828e-01 -1.197808831930160522e-01
-7.188045978546142578e-01 4.164388403296470642e-02
-6.834295988082885742e-01 2.024699896574020386e-01
-6.176588535308837891e-01 3.681696057319641113e-01
-5.185651183128356934e-01 5.220417976379394531e-01
-3.800241649150848389e-01 6.648870706558227539e-01
-2.283147573471069336e-01 7.164368629455566406e-01
-3.495109453797340393e-02 7.011858820915222168e-01
1.763336658477783203e-01 6.366949081420898438e-01
3.532435297966003418e-01 5.317692160606384277e-01
5.075560808181762695e-01 3.872733414173126221e-01
6.243239641189575195e-01 2.087862491607666016e-01
7.058230042457580566e-01 2.212649025022983551e-02
7.481860518455505371e-01 -1.934157609939575195e-01
7.904100418090820312e-01 -3.902427256107330322e-01
-6.861583590507507324e-01 -5.677252411842346191e-01
-6.384121179580688477e-01 -7.111001014709472656e-01
-5.325465798377990723e-01 -7.200329899787902832e-01
-4.001961350440979004e-01 -6.778301000595092773e-01
-2.784713804721832275e-01 -6.150997877120971680e-01
-8.055336773395538330e-02 -5.985585451126098633e-01
5.885139852762222290e-02 -6.365163326263427734e-01
2.336398661136627197e-01 -6.474429965019226074e-01
4.160629808902740479e-01 -6.132472753524780273e-01
5.382640361785888672e-01 -4.548563957214355469e-01
-1.962205469608306885e-01 -4.468382000923156738e-01
-2.266443222761154175e-01 -3.095723092555999756e-01
-2.576812803745269775e-01 -2.003792822360992432e-01
-2.821572422981262207e-01 -8.934510499238967896e-02
-3.617490530014038086e-01 -7.522255647927522659e-03
-3.058712780475616455e-01 2.440289407968521118e-02
-2.454134970903396606e-01 4.963552579283714294e-02
-1.722848266363143921e-01 3.779529407620429993e-02
-9.612955152988433838e-02 2.001106925308704376e-02
-5.989564657211303711e-01 -4.668888747692108154e-01
-5.341740846633911133e-01 -4.989502131938934326e-01
-4.420690536499023438e-01 -4.849742650985717773e-01
-3.488700389862060547e-01 -4.281983673572540283e-01
-4.380800426006317139e-01 -4.080638289451599121e-01
-5.297489166259765625e-01 -4.128422141075134277e-01
3.260711953043937683e-02 -3.875701129436492920e-01
1.147854924201965332e-01 -4.309867918491363525e-01
2.135167717933654785e-01 -4.290598034858703613e-01
3.305130302906036377e-01 -3.758793175220489502e-01
2.066924124956130981e-01 -3.381096720695495605e-01
1.100381538271903992e-01 -3.511235415935516357e-01
-4.486145079135894775e-01 2.026186287403106689e-01
-4.050690233707427979e-01 1.753518581390380859e-01
-3.145871758460998535e-01 1.766841709613800049e-01
-2.502839863300323486e-01 1.901146471500396729e-01
-1.795913726091384888e-01 1.904214471578598022e-01
-5.254924669861793518e-02 2.124265283346176147e-01
6.218471005558967590e-02 2.550464272499084473e-01
-4.279166460037231445e-02 3.326827883720397949e-01
-1.705911904573440552e-01 3.593440353870391846e-01
-2.479059696197509766e-01 3.594453334808349609e-01
-3.194509446620941162e-01 3.438601791858673096e-01
-4.062927663326263428e-01 2.957373261451721191e-01
-4.432305395603179932e-01 2.049642503261566162e-01
-2.981643378734588623e-01 2.238044589757919312e-01
-2.323476076126098633e-01 2.291684001684188843e-01
-1.631311476230621338e-01 2.373324632644653320e-01
6.019099056720733643e-02 2.544409632682800293e-01
-1.566236019134521484e-01 2.864322364330291748e-01
-2.321577519178390503e-01 2.825892567634582520e-01
-3.021272420883178711e-01 2.715943455696105957e-01
