-6.671955585479736328e-01 -5.282266736030578613e-01 3.490259051322937012e-01 0.000000000000000000e+00
-6.502286791801452637e-01 -3.282142877578735352e-01 3.867403566837310791e-01 0.000000000000000000e+00
-6.254250407218933105e-01 -1.025224626064300537e-01 4.150258004665374756e-01 0.000000000000000000e+00
-6.064716577529907227e-01 9.873764961957931519e-02 3.560676574707031250e-01 0.000000000000000000e+00
-5.932378768920898438e-01 2.886303961277008057e-01 2.253936827182769775e-01 0.000000000000000000e+00
-5.670145153999328613e-01 4.470960497856140137e-01 2.725836262106895447e-02 0.000000000000000000e+00
-4.769398272037506104e-01 5.738638639450073242e-01 -1.314284056425094604e-01 1.000000000000000000e+00
-3.664360046386718750e-01 6.722964644432067871e-01 -3.206711113452911377e-01 1.000000000000000000e+00
-1.982817202806472778e-01 7.249884605407714844e-01 -3.860461115837097168e-01 1.000000000000000000e+00
-3.529524803161621094e-02 7.015599608421325684e-01 -4.133273065090179443e-01 1.000000000000000000e+00
1.754709184169769287e-01 6.368939876556396484e-01 -3.216150701045989990e-01 1.000000000000000000e+00
3.522707521915435791e-01 5.332759618759155273e-01 -2.458315491676330566e-01 1.000000000000000000e+00
5.069168210029602051e-01 3.892377912998199463e-01 -1.061263456940650940e-01 1.000000000000000000e+00
6.234765052795410156e-01 2.116481959819793701e-01 -1.736992597579956055e-02 1.000000000000000000e+00
7.071534991264343262e-01 2.574703097343444824e-02 4.811811726540327072e-03 1.000000000000000000e+00
7.498946785926818848e-01 -1.936803460121154785e-01 -5.246025323867797852e-02 1.000000000000000000e+00
7.914814352989196777e-01 -3.889473974704742432e-01 -1.032118648290634155e-01 1.000000000000000000e+00
-6.861583590507507324e-01 -5.677252411842346191e-01 -1.582341641187667847e-01 1.000000000000000000e+00
-6.384121179580688477e-01 -7.111001014709472656e-01 -3.617950677871704102e-01 1.000000000000000000e+00
-5.325465798377990723e-01 -7.200329899787902832e-01 -5.405620336532592773e-01 1.000000000000000000e+00
-4.001961350440979004e-01 -6.778301000595092773e-01 -6.494555473327636719e-01 1.000000000000000000e+00
-2.784713804721832275e-01 -6.150997877120971680e-01 -7.004950642585754395e-01 1.000000000000000000e+00
-8.055336773395538330e-02 -5.985585451126098633e-01 -7.630439996719360352e-01 1.000000000000000000e+00
5.885139852762222290e-02 -6.365163326263427734e-01 -7.931782007217407227e-01 1.000000000000000000e+00
2.336398661136627197e-01 -6.474429965019226074e-01 -7.764909267425537109e-01 1.000000000000000000e+00
4.160629808902740479e-01 -6.132472753524780273e-01 -6.814510226249694824e-01 1.000000000000000000e+00
5.382640361785888672e-01 -4.548563957214355469e-01 -5.303301215171813965e-01 1.000000000000000000e+00
-1.962205469608306885e-01 -4.468382000923156738e-01 -7.296880483627319336e-01 1.000000000000000000e+00
-2.266443222761154175e-01 -3.095723092555999756e-01 -7.891116142272949219e-01 1.000000000000000000e+00
-2.576812803745269775e-01 -2.003792822360992432e-01 -8.500064611434936523e-01 1.000000000000000000e+00
-2.821572422981262207e-01 -8.934510499238967896e-02 -8.947801589965820312e-01 1.000000000000000000e+00
-3.617490530014038086e-01 -7.522255647927522659e-03 -6.377062201499938965e-01 1.000000000000000000e+00
-3.058712780475616455e-01 2.440289407968521118e-02 -6.826857328414916992e-01 1.000000000000000000e+00
-2.454134970903396606e-01 4.963552579283714294e-02 -7.173281311988830566e-01 1.000000000000000000e+00
-1.722848266363143921e-01 3.779529407620429993e-02 -7.241641879081726074e-01 1.000000000000000000e+00
-9.612955152988433838e-02 2.001106925308704376e-02 -7.202724814414978027e-01 1.000000000000000000e+00
-5.989564657211303711e-01 -4.668888747692108154e-01 -3.674329519271850586e-01 1.000000000000000000e+00
-5.341740846633911133e-01 -4.989502131938934326e-01 -4.939752221107482910e-01 1.000000000000000000e+00
-4.420690536499023438e-01 -4.849742650985717773e-01 -5.283710360527038574e-01 1.000000000000000000e+00
-3.488700389862060547e-01 -4.281983673572540283e-01 -5.206000804901123047e-01 1.000000000000000000e+00
-4.380800426006317139e-01 -4.080638289451599121e-01 -5.052479505538940430e-01 1.000000000000000000e+00
-5.297489166259765625e-01 -4.128422141075134277e-01 -4.666945636272430420e-01 1.000000000000000000e+00
3.260711953043937683e-02 -3.875701129436492920e-01 -6.426606178283691406e-01 1.000000000000000000e+00
1.147854924201965332e-01 -4.309867918491363525e-01 -7.050313353538513184e-01 1.000000000000000000e+00
2.135167717933654785e-01 -4.290598034858703613e-01 -7.283430695533752441e-01 1.000000000000000000e+00
3.305130302906036377e-01 -3.758793175220489502e-01 -6.559941768646240234e-01 1.000000000000000000e+00
2.066924124956130981e-01 -3.381096720695495605e-01 -6.962927579879760742e-01 1.000000000000000000e+00
1.100381538271903992e-01 -3.511235415935516357e-01 -6.773995757102966309e-01 1.000000000000000000e+00
-4.486145079135894775e-01 2.026186287403106689e-01 -4.123294949531555176e-01 1.000000000000000000e+00
-4.050690233707427979e-01 1.753518581390380859e-01 -5.602916479110717773e-01 1.000000000000000000e+00
-3.145871758460998535e-01 1.766841709613800049e-01 -6.637544035911560059e-01 1.000000000000000000e+00
-2.502839863300323486e-01 1.901146471500396729e-01 -6.924381256103515625e-01 1.000000000000000000e+00
-1.795913726091384888e-01 1.904214471578598022e-01 -7.059623003005981445e-01 1.000000000000000000e+00
-5.254924669861793518e-02 2.124265283346176147e-01 -6.696303486824035645e-01 1.000000000000000000e+00
6.218471005558967590e-02 2.550464272499084473e-01 -5.654686689376831055e-01 1.000000000000000000e+00
-4.279166460037231445e-02 3.326827883720397949e-01 -6.152594685554504395e-01 1.000000000000000000e+00
-1.705911904573440552e-01 3.593440353870391846e-01 -6.506515145301818848e-01 1.000000000000000000e+00
-2.479059696197509766e-01 3.594453334808349609e-01 -6.353614926338195801e-01 1.000000000000000000e+00
-3.194509446620941162e-01 3.438601791858673096e-01 -6.052850484848022461e-01 1.000000000000000000e+00
-4.062927663326263428e-01 2.957373261451721191e-01 -5.084164142608642578e-01 1.000000000000000000e+00
-4.432305395603179932e-01 2.049642503261566162e-01 -4.113220870494842529e-01 1.000000000000000000e+00
-2.981643378734588623e-01 2.238044589757919312e-01 -5.916932225227355957e-01 0.000000000000000000e+00
-2.323476076126098633e-01 2.291684001684188843e-01 -6.177194714546203613e-01 1.000000000000000000e+00
-1.631311476230621338e-01 2.373324632644653320e-01 -6.336205601692199707e-01 0.000000000000000000e+00
6.019099056720733643e-02 2.544409632682800293e-01 -5.656798481941223145e-01 1.000000000000000000e+00
-1.566236019134521484e-01 2.864322364330291748e-01 -6.212855577468872070e-01 1.000000000000000000e+00
-2.321577519178390503e-01 2.825892567634582520e-01 -6.112794876098632812e-01 1.000000000000000000e+00
-3.021272420883178711e-01 2.715943455696105957e-01 -5.770370364189147949e-01 1.000000000000000000e+00
