-7.049740552902221680e-01 -6.546171307563781738e-01
-7.224791646003723145e-01 -4.122642278671264648e-01
-7.194815278053283691e-01 -2.225494831800460815e-01
-7.218735218048095703e-01 -4.032585769891738892e-02
-6.975140571594238281e-01 1.587294191122055054e-01
-6.307050585746765137e-01 3.411411941051483154e-01
-5.043740868568420410e-01 5.013681054115295410e-01
-3.406748771667480469e-01 6.503244042396545410e-01
-1.771887987852096558e-01 7.170788645744323730e-01
-2.743307559285312891e-04 7.033259868621826172e-01
2.011420279741287231e-01 6.171430349349975586e-01
3.641720116138458252e-01 5.087636113166809082e-01
4.867016077041625977e-01 3.652307391166687012e-01
5.729669332504272461e-01 1.941908597946166992e-01
6.377992033958435059e-01 2.944563888013362885e-02
7.119760513305664062e-01 -1.423249840736389160e-01
7.916096448898315430e-01 -3.671565353870391846e-01
-6.008328795433044434e-01 -5.956501364707946777e-01
-4.859287440776824951e-01 -6.893042922019958496e-01
-3.365128636360168457e-01 -6.484208703041076660e-01
-1.839446425437927246e-01 -5.708363056182861328e-01
-5.909967795014381409e-02 -4.912446141242980957e-01
1.465467065572738647e-01 -4.544376730918884277e-01
2.934570312500000000e-01 -4.814172685146331787e-01
4.630568921566009521e-01 -4.934638142585754395e-01
6.130164861679077148e-01 -4.803134500980377197e-01
6.785147190093994141e-01 -3.551719486713409424e-01
9.653329849243164062e-03 -3.082617223262786865e-01
-1.739627681672573090e-02 -1.522465646266937256e-01
-4.200457409024238586e-02 -2.730906009674072266e-02
-6.516066193580627441e-02 9.630312025547027588e-02
-2.148436605930328369e-01 9.519606828689575195e-02
-1.523022800683975220e-01 1.424648463726043701e-01
-8.682294934988021851e-02 1.783422529697418213e-01
-1.150112226605415344e-02 1.694088578224182129e-01
6.484198570251464844e-02 1.506150662899017334e-01
-4.764792919158935547e-01 -4.160114526748657227e-01
-3.815388381481170654e-01 -3.886120319366455078e-01
-2.881484627723693848e-01 -3.692467808723449707e-01
-1.972859501838684082e-01 -3.351241648197174072e-01
-2.906784713268280029e-01 -3.264841437339782715e-01
-3.921248018741607666e-01 -3.430097997188568115e-01
2.030800282955169678e-01 -2.538885176181793213e-01
3.020265698432922363e-01 -2.495829164981842041e-01
3.974494338035583496e-01 -2.341283857822418213e-01
4.959986805915832520e-01 -2.259624451398849487e-01
3.870857954025268555e-01 -1.898510009050369263e-01
2.868143022060394287e-01 -2.122085541486740112e-01
-3.701655864715576172e-01 2.204060554504394531e-01
-2.938046455383300781e-01 2.349710911512374878e-01
-1.777456551790237427e-01 2.666348516941070557e-01
-1.066731065511703491e-01 2.916317582130432129e-01
-3.111918829381465912e-02 2.949082851409912109e-01
8.193720877170562744e-02 3.062539696693420410e-01
1.590586751699447632e-01 3.105699121952056885e-01
6.530842930078506470e-02 3.861372172832489014e-01
-5.331949144601821899e-02 4.195548295974731445e-01
-1.325897872447967529e-01 4.149678647518157959e-01
-2.084071487188339233e-01 3.930357098579406738e-01
-3.131636083126068115e-01 3.228729069232940674e-01
-3.658540844917297363e-01 2.223002314567565918e-01
-1.838379800319671631e-01 2.947254180908203125e-01
-1.115736067295074463e-01 3.092432916164398193e-01
-3.925523534417152405e-02 3.221745789051055908e-01
1.575146764516830444e-01 3.103448748588562012e-01
-4.051783308386802673e-02 3.358878791332244873e-01
-1.183069571852684021e-01 3.299648761749267578e-01
-1.961962729692459106e-01 3.112998604774475098e-01
