-7.133712768554687500e-01 -6.848838329315185547e-01 -2.041960805654525757e-01 1.000000000000000000e+00
-7.258037924766540527e-01 -4.933164119720458984e-01 -1.185763552784919739e-01 1.000000000000000000e+00
-7.254297733306884766e-01 -2.733266055583953857e-01 -3.152756020426750183e-02 1.000000000000000000e+00
-7.045618295669555664e-01 -5.469701811671257019e-02 -3.694510832428932190e-02 0.000000000000000000e+00
-6.716025471687316895e-01 1.671990901231765747e-01 -1.211029961705207825e-01 0.000000000000000000e+00
-6.097102761268615723e-01 3.690371811389923096e-01 -2.774794399738311768e-01 1.000000000000000000e+00
-4.864671528339385986e-01 5.193911790847778320e-01 -3.973563909530639648e-01 1.000000000000000000e+00
-3.372857570648193359e-01 6.516737937927246094e-01 -5.485497713088989258e-01 1.000000000000000000e+00
-1.645109057426452637e-01 7.168709039688110352e-01 -5.632460117340087891e-01 1.000000000000000000e+00
-3.263679333031177521e-03 7.031655907630920410e-01 -5.527247190475463867e-01 1.000000000000000000e+00
1.772644370794296265e-01 6.291138529777526855e-01 -4.065670371055603027e-01 1.000000000000000000e+00
3.343576490879058838e-01 5.271624326705932617e-01 -2.914727926254272461e-01 0.000000000000000000e+00
4.567936062812805176e-01 3.633906841278076172e-01 -1.355346739292144775e-01 0.000000000000000000e+00
5.650020837783813477e-01 1.739881932735443115e-01 -5.161408707499504089e-02 0.000000000000000000e+00
6.628023386001586914e-01 -1.156146079301834106e-02 -4.873613640666007996e-02 1.000000000000000000e+00
7.419657111167907715e-01 -2.122580111026763916e-01 -1.392937451601028442e-01 1.000000000000000000e+00
8.132069110870361328e-01 -3.936901390552520752e-01 -2.163053601980209351e-01 1.000000000000000000e+00
-6.008328795433044434e-01 -5.956501364707946777e-01 -7.094799876213073730e-01 1.000000000000000000e+00
-4.859287440776824951e-01 -6.893042922019958496e-01 -9.257351160049438477e-01 1.000000000000000000e+00
-3.365128636360168457e-01 -6.484208703041076660e-01 -1.068976640701293945e+00 1.000000000000000000e+00
-1.839446425437927246e-01 -5.708363056182861328e-01 -1.129207968711853027e+00 1.000000000000000000e+00
-5.909967795014381409e-02 -4.912446141242980957e-01 -1.130459189414978027e+00 1.000000000000000000e+00
1.465467065572738647e-01 -4.544376730918884277e-01 -1.133372902870178223e+00 1.000000000000000000e+00
2.934570312500000000e-01 -4.814172685146331787e-01 -1.134335875511169434e+00 1.000000000000000000e+00
4.630568921566009521e-01 -4.934638142585754395e-01 -1.073400139808654785e+00 1.000000000000000000e+00
6.130164861679077148e-01 -4.803134500980377197e-01 -9.263132214546203613e-01 1.000000000000000000e+00
6.785147190093994141e-01 -3.551719486713409424e-01 -7.119387388229370117e-01 1.000000000000000000e+00
9.653329849243164062e-03 -3.082617223262786865e-01 -1.093477487564086914e+00 1.000000000000000000e+00
-1.739627681672573090e-02 -1.522465646266937256e-01 -1.127598166465759277e+00 1.000000000000000000e+00
-4.200457409024238586e-02 -2.730906009674072266e-02 -1.167180895805358887e+00 1.000000000000000000e+00
-6.516066193580627441e-02 9.630312025547027588e-02 -1.192236065864562988e+00 1.000000000000000000e+00
-2.148436605930328369e-01 9.519606828689575195e-02 -9.451776742935180664e-01 0.000000000000000000e+00
-1.523022800683975220e-01 1.424648463726043701e-01 -9.651119709014892578e-01 1.000000000000000000e+00
-8.682294934988021851e-02 1.783422529697418213e-01 -9.750506877899169922e-01 1.000000000000000000e+00
-1.150112226605415344e-02 1.694088578224182129e-01 -9.667235612869262695e-01 1.000000000000000000e+00
6.484198570251464844e-02 1.506150662899017334e-01 -9.477187395095825195e-01 0.000000000000000000e+00
-4.764792919158935547e-01 -4.160114526748657227e-01 -8.708052635192871094e-01 1.000000000000000000e+00
-3.815388381481170654e-01 -3.886120319366455078e-01 -9.756434559822082520e-01 1.000000000000000000e+00
-2.881484627723693848e-01 -3.692467808723449707e-01 -9.785184860229492188e-01 1.000000000000000000e+00
-1.972859501838684082e-01 -3.351241648197174072e-01 -9.384111166000366211e-01 1.000000000000000000e+00
-2.906784713268280029e-01 -3.264841437339782715e-01 -9.470276236534118652e-01 1.000000000000000000e+00
-3.921248018741607666e-01 -3.430097997188568115e-01 -9.366330504417419434e-01 1.000000000000000000e+00
2.030800282955169678e-01 -2.538885176181793213e-01 -9.462474584579467773e-01 1.000000000000000000e+00
3.020265698432922363e-01 -2.495829164981842041e-01 -9.860463142395019531e-01 1.000000000000000000e+00
3.974494338035583496e-01 -2.341283857822418213e-01 -9.820675849914550781e-01 1.000000000000000000e+00
4.959986805915832520e-01 -2.259624451398849487e-01 -8.780048489570617676e-01 1.000000000000000000e+00
3.870857954025268555e-01 -1.898510009050369263e-01 -9.438214898109436035e-01 1.000000000000000000e+00
2.868143022060394287e-01 -2.122085541486740112e-01 -9.541071057319641113e-01 1.000000000000000000e+00
-3.701655864715576172e-01 2.204060554504394531e-01 -7.250505685806274414e-01 1.000000000000000000e+00
-2.938046455383300781e-01 2.349710911512374878e-01 -8.481644392013549805e-01 1.000000000000000000e+00
-1.777456551790237427e-01 2.666348516941070557e-01 -9.167357087135314941e-01 1.000000000000000000e+00
-1.066731065511703491e-01 2.916317582130432129e-01 -9.233235716819763184e-01 1.000000000000000000e+00
-3.111918829381465912e-02 2.949082851409912109e-01 -9.188698530197143555e-01 1.000000000000000000e+00
8.193720877170562744e-02 3.062539696693420410e-01 -8.517755866050720215e-01 1.000000000000000000e+00
1.590586751699447632e-01 3.105699121952056885e-01 -7.319789528846740723e-01 1.000000000000000000e+00
6.530842930078506470e-02 3.861372172832489014e-01 -8.016136884689331055e-01 1.000000000000000000e+00
-5.331949144601821899e-02 4.195548295974731445e-01 -8.644115924835205078e-01 1.000000000000000000e+00
-1.325897872447967529e-01 4.149678647518157959e-01 -8.661049008369445801e-01 1.000000000000000000e+00
-2.084071487188339233e-01 3.930357098579406738e-01 -8.575993776321411133e-01 1.000000000000000000e+00
-3.131636083126068115e-01 3.228729069232940674e-01 -7.946135401725769043e-01 1.000000000000000000e+00
-3.658540844917297363e-01 2.223002314567565918e-01 -7.230491638183593750e-01 1.000000000000000000e+00
-1.838379800319671631e-01 2.947254180908203125e-01 -8.366732597351074219e-01 0.000000000000000000e+00
-1.115736067295074463e-01 3.092432916164398193e-01 -8.398034572601318359e-01 0.000000000000000000e+00
-3.925523534417152405e-02 3.221745789051055908e-01 -8.387225866317749023e-01 0.000000000000000000e+00
1.575146764516830444e-01 3.103448748588562012e-01 -7.325973510742187500e-01 1.000000000000000000e+00
-4.051783308386802673e-02 3.358878791332244873e-01 -8.472575545310974121e-01 1.000000000000000000e+00
-1.183069571852684021e-01 3.299648761749267578e-01 -8.586938381195068359e-01 1.000000000000000000e+00
-1.961962729692459106e-01 3.112998604774475098e-01 -8.424019217491149902e-01 1.000000000000000000e+00
