-5.373916029930114746e-01 -6.289501786231994629e-01
-6.229861974716186523e-01 -4.375398159027099609e-01
-6.743468642234802246e-01 -2.619201540946960449e-01
-7.193551063537597656e-01 -1.169026196002960205e-01
-7.535274028778076172e-01 5.241648480296134949e-02
-7.515567541122436523e-01 2.305968850851058960e-01
-6.976770758628845215e-01 4.207659959793090820e-01
-5.946193933486938477e-01 6.107355952262878418e-01
-4.615477323532104492e-01 7.191492319107055664e-01
-2.848039865493774414e-01 7.612626552581787109e-01
-6.466376036405563354e-02 7.515498399734497070e-01
1.364971846342086792e-01 6.945351362228393555e-01
3.006759881973266602e-01 5.917586684226989746e-01
4.563891589641571045e-01 4.492599368095397949e-01
5.710452198982238770e-01 3.035769760608673096e-01
6.837043762207031250e-01 1.446247845888137817e-01
7.894760370254516602e-01 -1.337294187396764755e-02
-4.668359756469726562e-01 -6.390168070793151855e-01
-3.525984287261962891e-01 -7.132645249366760254e-01
-2.352524101734161377e-01 -6.514538526535034180e-01
-1.195214614272117615e-01 -5.484330654144287109e-01
-2.617206610739231110e-02 -4.441484808921813965e-01
1.495158523321151733e-01 -3.562438786029815674e-01
2.894159257411956787e-01 -3.392021059989929199e-01
4.490076601505279541e-01 -2.942718267440795898e-01
5.926564335823059082e-01 -2.233322113752365112e-01
6.356334686279296875e-01 -7.158021628856658936e-02
-1.047356519848108292e-02 -2.600586116313934326e-01
-8.083363622426986694e-02 -1.303054988384246826e-01
-1.419409066438674927e-01 -2.604466117918491364e-02
-2.004776000976562500e-01 7.926328480243682861e-02
-3.205607831478118896e-01 6.430191546678543091e-02
-2.779044508934020996e-01 1.237414330244064331e-01
-2.283977419137954712e-01 1.742202043533325195e-01
-1.555828899145126343e-01 1.875258088111877441e-01
-7.791167497634887695e-02 1.925546973943710327e-01
-4.061689972877502441e-01 -4.608847796916961670e-01
-3.349306881427764893e-01 -4.196461737155914307e-01
-2.547590434551239014e-01 -3.782895505428314209e-01
-1.757219880819320679e-01 -3.212568759918212891e-01
-2.663866579532623291e-01 -3.389784693717956543e-01
-3.526360392570495605e-01 -3.793459236621856689e-01
1.591498404741287231e-01 -1.442182958126068115e-01
2.446852922439575195e-01 -1.147778928279876709e-01
3.268625736236572266e-01 -7.302553951740264893e-02
4.215464890003204346e-01 -2.885016798973083496e-02
3.077268302440643311e-01 -3.366256877779960632e-02
2.234047949314117432e-01 -8.181880414485931396e-02
-4.995179176330566406e-01 1.759099215269088745e-01
-4.321067631244659424e-01 1.911138892173767090e-01
-3.368345201015472412e-01 2.453582882881164551e-01
-2.782685458660125732e-01 2.870728671550750732e-01
-2.090873420238494873e-01 3.120038509368896484e-01
-1.011236086487770081e-01 3.633269071578979492e-01
-2.438713610172271729e-02 4.131653606891632080e-01
-1.477645784616470337e-01 4.594123363494873047e-01
-2.754114568233489990e-01 4.508926868438720703e-01
-3.491769731044769287e-01 4.236235618591308594e-01
-4.133313298225402832e-01 3.820085227489471436e-01
-4.866910874843597412e-01 2.917918860912322998e-01
-4.955573081970214844e-01 1.793674677610397339e-01
-3.435800373554229736e-01 2.754234373569488525e-01
-2.796685993671417236e-01 3.087511062622070312e-01
-2.155991792678833008e-01 3.425842821598052979e-01
-2.583578974008560181e-02 4.122065901756286621e-01
-2.388359159231185913e-01 3.813111782073974609e-01
-3.104018867015838623e-01 3.523249030113220215e-01
-3.772445619106292725e-01 3.136678338050842285e-01
