-5.161995887756347656e-01 -7.020758986473083496e-01 -2.730446681380271912e-02 1.000000000000000000e+00
-5.756358504295349121e-01 -5.224841237068176270e-01 4.460958391427993774e-02 1.000000000000000000e+00
-6.355898976325988770e-01 -3.132005035877227783e-01 1.126714125275611877e-01 1.000000000000000000e+00
-6.842470169067382812e-01 -1.123292148113250732e-01 9.146162867546081543e-02 0.000000000000000000e+00
-7.218073010444641113e-01 9.282132238149642944e-02 -5.970550235360860825e-03 0.000000000000000000e+00
-7.352445125579833984e-01 2.870082259178161621e-01 -1.717954427003860474e-01 0.000000000000000000e+00
-6.786160469055175781e-01 4.597669243812561035e-01 -3.026471436023712158e-01 1.000000000000000000e+00
-5.882503390312194824e-01 6.163011193275451660e-01 -4.617680311203002930e-01 1.000000000000000000e+00
-4.449778795242309570e-01 7.274101972579956055e-01 -4.969345629215240479e-01 1.000000000000000000e+00
-2.864777147769927979e-01 7.614064216613769531e-01 -5.034612417221069336e-01 1.000000000000000000e+00
-7.792717963457107544e-02 7.557572722434997559e-01 -3.875188231468200684e-01 1.000000000000000000e+00
1.117311641573905945e-01 7.057596445083618164e-01 -2.925136387348175049e-01 1.000000000000000000e+00
2.885573208332061768e-01 5.985561013221740723e-01 -1.493487656116485596e-01 1.000000000000000000e+00
4.485998749732971191e-01 4.613577127456665039e-01 -6.835237890481948853e-02 1.000000000000000000e+00
5.835371017456054688e-01 3.155322670936584473e-01 -6.159941852092742920e-02 1.000000000000000000e+00
7.018315196037292480e-01 1.409761458635330200e-01 -1.431691795587539673e-01 1.000000000000000000e+00
8.076241612434387207e-01 -1.519676670432090759e-02 -2.150133997201919556e-01 1.000000000000000000e+00
-4.668359756469726562e-01 -6.390168070793151855e-01 -5.231189727783203125e-01 1.000000000000000000e+00
-3.525984287261962891e-01 -7.132645249366760254e-01 -7.320910692214965820e-01 1.000000000000000000e+00
-2.352524101734161377e-01 -6.514538526535034180e-01 -8.854945898056030273e-01 1.000000000000000000e+00
-1.195214614272117615e-01 -5.484330654144287109e-01 -9.613970518112182617e-01 1.000000000000000000e+00
-2.617206610739231110e-02 -4.441484808921813965e-01 -9.807082414627075195e-01 1.000000000000000000e+00
1.495158523321151733e-01 -3.562438786029815674e-01 -1.006475448608398438e+00 1.000000000000000000e+00
2.894159257411956787e-01 -3.392021059989929199e-01 -1.019655942916870117e+00 1.000000000000000000e+00
4.490076601505279541e-01 -2.942718267440795898e-01 -9.806981682777404785e-01 1.000000000000000000e+00
5.926564335823059082e-01 -2.233322113752365112e-01 -8.584292531013488770e-01 1.000000000000000000e+00
6.356334686279296875e-01 -7.158021628856658936e-02 -6.721794605255126953e-01 1.000000000000000000e+00
-1.047356519848108292e-02 -2.600586116313934326e-01 -9.756302833557128906e-01 1.000000000000000000e+00
-8.083363622426986694e-02 -1.303054988384246826e-01 -1.022769927978515625e+00 1.000000000000000000e+00
-1.419409066438674927e-01 -2.604466117918491364e-02 -1.070658802986145020e+00 1.000000000000000000e+00
-2.004776000976562500e-01 7.926328480243682861e-02 -1.103076577186584473e+00 1.000000000000000000e+00
-3.205607831478118896e-01 6.430191546678543091e-02 -8.443766236305236816e-01 1.000000000000000000e+00
-2.779044508934020996e-01 1.237414330244064331e-01 -8.749389648437500000e-01 1.000000000000000000e+00
-2.283977419137954712e-01 1.742202043533325195e-01 -8.940113186836242676e-01 1.000000000000000000e+00
-1.555828899145126343e-01 1.875258088111877441e-01 -8.927826881408691406e-01 1.000000000000000000e+00
-7.791167497634887695e-02 1.925546973943710327e-01 -8.788905143737792969e-01 1.000000000000000000e+00
-4.061689972877502441e-01 -4.608847796916961670e-01 -6.986016035079956055e-01 1.000000000000000000e+00
-3.349306881427764893e-01 -4.196461737155914307e-01 -8.075829148292541504e-01 1.000000000000000000e+00
-2.547590434551239014e-01 -3.782895505428314209e-01 -8.210002779960632324e-01 1.000000000000000000e+00
-1.757219880819320679e-01 -3.212568759918212891e-01 -7.967814207077026367e-01 1.000000000000000000e+00
-2.663866579532623291e-01 -3.389784693717956543e-01 -7.973874807357788086e-01 1.000000000000000000e+00
-3.526360392570495605e-01 -3.793459236621856689e-01 -7.761963009834289551e-01 1.000000000000000000e+00
1.591498404741287231e-01 -1.442182958126068115e-01 -8.470534086227416992e-01 1.000000000000000000e+00
2.446852922439575195e-01 -1.147778928279876709e-01 -8.935953378677368164e-01 1.000000000000000000e+00
3.268625736236572266e-01 -7.302553951740264893e-02 -9.005410671234130859e-01 1.000000000000000000e+00
4.215464890003204346e-01 -2.885016798973083496e-02 -8.139396905899047852e-01 1.000000000000000000e+00
3.077268302440643311e-01 -3.366256877779960632e-02 -8.686829209327697754e-01 1.000000000000000000e+00
2.234047949314117432e-01 -8.181880414485931396e-02 -8.668152093887329102e-01 1.000000000000000000e+00
-4.995179176330566406e-01 1.759099215269088745e-01 -6.002938151359558105e-01 1.000000000000000000e+00
-4.321067631244659424e-01 1.911138892173767090e-01 -7.385513782501220703e-01 1.000000000000000000e+00
-3.368345201015472412e-01 2.453582882881164551e-01 -8.240256905555725098e-01 1.000000000000000000e+00
-2.782685458660125732e-01 2.870728671550750732e-01 -8.392279148101806641e-01 1.000000000000000000e+00
-2.090873420238494873e-01 3.120038509368896484e-01 -8.426762223243713379e-01 1.000000000000000000e+00
-1.011236086487770081e-01 3.633269071578979492e-01 -7.849032282829284668e-01 1.000000000000000000e+00
-2.438713610172271729e-02 4.131653606891632080e-01 -6.682239174842834473e-01 1.000000000000000000e+00
-1.477645784616470337e-01 4.594123363494873047e-01 -7.251458168029785156e-01 1.000000000000000000e+00
-2.754114568233489990e-01 4.508926868438720703e-01 -7.737522125244140625e-01 1.000000000000000000e+00
-3.491769731044769287e-01 4.236235618591308594e-01 -7.678326964378356934e-01 1.000000000000000000e+00
-4.133313298225402832e-01 3.820085227489471436e-01 -7.500289678573608398e-01 1.000000000000000000e+00
-4.866910874843597412e-01 2.917918860912322998e-01 -6.745535135269165039e-01 1.000000000000000000e+00
-4.955573081970214844e-01 1.793674677610397339e-01 -5.977340936660766602e-01 1.000000000000000000e+00
-3.435800373554229736e-01 2.754234373569488525e-01 -7.426651120185852051e-01 0.000000000000000000e+00
-2.796685993671417236e-01 3.087511062622070312e-01 -7.554946541786193848e-01 0.000000000000000000e+00
-2.155991792678833008e-01 3.425842821598052979e-01 -7.615727782249450684e-01 0.000000000000000000e+00
-2.583578974008560181e-02 4.122065901756286621e-01 -6.685370802879333496e-01 1.000000000000000000e+00
-2.388359159231185913e-01 3.813111782073974609e-01 -7.482555508613586426e-01 1.000000000000000000e+00
-3.104018867015838623e-01 3.523249030113220215e-01 -7.508090734481811523e-01 1.000000000000000000e+00
-3.772445619106292725e-01 3.136678338050842285e-01 -7.263461351394653320e-01 1.000000000000000000e+00
