-6.981377601623535156e-01 -1.672857254743576050e-01
-6.689682006835937500e-01 -4.989377688616514206e-03
-5.970723032951354980e-01 1.572463214397430420e-01
-5.179417133331298828e-01 2.982802391052246094e-01
-4.294916689395904541e-01 4.314703941345214844e-01
-3.147164881229400635e-01 5.591723918914794922e-01
-1.703338474035263062e-01 6.647181510925292969e-01
1.855870708823204041e-02 7.410941720008850098e-01
1.784716397523880005e-01 7.396577596664428711e-01
3.411608338356018066e-01 6.570140123367309570e-01
4.987888634204864502e-01 5.256831049919128418e-01
6.073600053787231445e-01 3.626948893070220947e-01
6.863160133361816406e-01 1.831705272197723389e-01
7.276342511177062988e-01 -1.132798008620738983e-02
7.287032604217529297e-01 -2.046044915914535522e-01
6.950452327728271484e-01 -4.084357619285583496e-01
6.681851148605346680e-01 -6.032640933990478516e-01
-7.139054536819458008e-01 -2.655372917652130127e-01
-7.154740095138549805e-01 -4.132767021656036377e-01
-6.174983382225036621e-01 -4.635825455188751221e-01
-4.812590479850769043e-01 -4.721727967262268066e-01
-3.499889373779296875e-01 -4.580889046192169189e-01
-1.695098280906677246e-01 -5.148732662200927734e-01
-5.899709835648536682e-02 -5.987075567245483398e-01
9.248974174261093140e-02 -6.679801344871520996e-01
2.672463059425354004e-01 -6.990423798561096191e-01
4.282125532627105713e-01 -5.994931459426879883e-01
-2.197794318199157715e-01 -3.390140533447265625e-01
-1.964276432991027832e-01 -2.158984541893005371e-01
-1.860720217227935791e-01 -1.204871982336044312e-01
-1.696973741054534912e-01 -2.540204487740993500e-02
-2.252942025661468506e-01 7.979887723922729492e-02
-1.599282324314117432e-01 9.010489284992218018e-02
-9.646152704954147339e-02 8.931230008602142334e-02
-3.513978794217109680e-02 5.409509316086769104e-02
2.748447842895984650e-02 8.226761594414710999e-03
-5.982961058616638184e-01 -1.888314038515090942e-01
-5.356244444847106934e-01 -2.117876857519149780e-01
-4.577739536762237549e-01 -2.359500527381896973e-01
-3.642928004264831543e-01 -2.509366869926452637e-01
-4.427083730697631836e-01 -2.085748016834259033e-01
-5.242385268211364746e-01 -1.787009835243225098e-01
6.975871510803699493e-03 -3.544394671916961670e-01
8.210619539022445679e-02 -3.882134854793548584e-01
1.637439876794815063e-01 -4.112917184829711914e-01
2.750395536422729492e-01 -4.391909837722778320e-01
1.782660633325576782e-01 -3.780423402786254883e-01
8.959533274173736572e-02 -3.582296967506408691e-01
-2.039984613656997681e-01 3.422531187534332275e-01
-1.954397261142730713e-01 2.713804543018341064e-01
-1.164009273052215576e-01 2.298208326101303101e-01
-5.401988327503204346e-02 2.181994915008544922e-01
1.012023352086544037e-02 1.930696666240692139e-01
1.358941942453384399e-01 1.769470721483230591e-01
2.628982663154602051e-01 2.108563929796218872e-01
2.203123420476913452e-01 3.355520367622375488e-01
1.243290603160858154e-01 4.074770510196685791e-01
5.470388755202293396e-02 4.368839859962463379e-01
-1.910587400197982788e-02 4.456694126129150391e-01
-1.216516718268394470e-01 4.287919998168945312e-01
-1.962859779596328735e-01 3.432116210460662842e-01
-8.320022374391555786e-02 2.674187719821929932e-01
-2.430501766502857208e-02 2.479899078607559204e-01
3.889934346079826355e-02 2.320282757282257080e-01
2.605473995208740234e-01 2.107648700475692749e-01
1.091632843017578125e-01 3.349387645721435547e-01
4.255135729908943176e-02 3.564504086971282959e-01
-2.596732042729854584e-02 3.716007173061370850e-01
