-6.934595704078674316e-01 -2.122812122106552124e-01 3.788131177425384521e-01 1.000000000000000000e+00
-6.067780852317810059e-01 -3.994331136345863342e-02 4.067348837852478027e-01 0.000000000000000000e+00
-5.088102817535400391e-01 1.542271971702575684e-01 4.253733158111572266e-01 0.000000000000000000e+00
-4.213437736034393311e-01 3.242340981960296631e-01 3.648240268230438232e-01 0.000000000000000000e+00
-3.385799229145050049e-01 4.824707806110382080e-01 2.375583797693252563e-01 0.000000000000000000e+00
-2.515000402927398682e-01 6.101475358009338379e-01 5.219766125082969666e-02 0.000000000000000000e+00
-1.182030662894248962e-01 6.967055797576904297e-01 -8.864527940750122070e-02 1.000000000000000000e+00
2.985297329723834991e-02 7.423466444015502930e-01 -2.529177963733673096e-01 1.000000000000000000e+00
2.037237733602523804e-01 7.369080781936645508e-01 -3.014257848262786865e-01 1.000000000000000000e+00
3.408948779106140137e-01 6.579332351684570312e-01 -3.195894360542297363e-01 1.000000000000000000e+00
4.971923828125000000e-01 5.273823142051696777e-01 -2.335366755723953247e-01 1.000000000000000000e+00
6.064715385437011719e-01 3.676080405712127686e-01 -1.616753935813903809e-01 1.000000000000000000e+00
6.866370439529418945e-01 1.895025074481964111e-01 -3.056341968476772308e-02 1.000000000000000000e+00
7.285937666893005371e-01 -3.571490757167339325e-03 5.527154356241226196e-02 1.000000000000000000e+00
7.343170642852783203e-01 -1.970118433237075806e-01 8.050370216369628906e-02 1.000000000000000000e+00
6.985861659049987793e-01 -4.101390540599822998e-01 3.277764841914176941e-02 1.000000000000000000e+00
6.726428866386413574e-01 -6.013500690460205078e-01 -8.846556767821311951e-03 1.000000000000000000e+00
-7.139054536819458008e-01 -2.655372917652130127e-01 -1.066534221172332764e-01 1.000000000000000000e+00
-7.154740095138549805e-01 -4.132767021656036377e-01 -2.938804626464843750e-01 1.000000000000000000e+00
-6.174983382225036621e-01 -4.635825455188751221e-01 -4.599635303020477295e-01 1.000000000000000000e+00
-4.812590479850769043e-01 -4.721727967262268066e-01 -5.600156188011169434e-01 1.000000000000000000e+00
-3.499889373779296875e-01 -4.580889046192169189e-01 -6.070518493652343750e-01 1.000000000000000000e+00
-1.695098280906677246e-01 -5.148732662200927734e-01 -6.588823199272155762e-01 1.000000000000000000e+00
-5.899709835648536682e-02 -5.987075567245483398e-01 -6.802039742469787598e-01 1.000000000000000000e+00
9.248974174261093140e-02 -6.679801344871520996e-01 -6.619216799736022949e-01 1.000000000000000000e+00
2.672463059425354004e-01 -6.990423798561096191e-01 -5.682715177536010742e-01 1.000000000000000000e+00
4.282125532627105713e-01 -5.994931459426879883e-01 -4.252642989158630371e-01 1.000000000000000000e+00
-2.197794318199157715e-01 -3.390140533447265625e-01 -6.336176395416259766e-01 1.000000000000000000e+00
-1.964276432991027832e-01 -2.158984541893005371e-01 -6.861683130264282227e-01 1.000000000000000000e+00
-1.860720217227935791e-01 -1.204871982336044312e-01 -7.465674281120300293e-01 1.000000000000000000e+00
-1.696973741054534912e-01 -2.540204487740993500e-02 -7.878367900848388672e-01 1.000000000000000000e+00
-2.252942025661468506e-01 7.979887723922729492e-02 -5.648106336593627930e-01 1.000000000000000000e+00
-1.599282324314117432e-01 9.010489284992218018e-02 -6.050537824630737305e-01 1.000000000000000000e+00
-9.646152704954147339e-02 8.931230008602142334e-02 -6.355701088905334473e-01 1.000000000000000000e+00
-3.513978794217109680e-02 5.409509316086769104e-02 -6.408579349517822266e-01 1.000000000000000000e+00
2.748447842895984650e-02 8.226761594414710999e-03 -6.379467844963073730e-01 1.000000000000000000e+00
-5.982961058616638184e-01 -1.888314038515090942e-01 -3.211583793163299561e-01 1.000000000000000000e+00
-5.356244444847106934e-01 -2.117876857519149780e-01 -4.358052313327789307e-01 1.000000000000000000e+00
-4.577739536762237549e-01 -2.359500527381896973e-01 -4.611950814723968506e-01 1.000000000000000000e+00
-3.642928004264831543e-01 -2.509366869926452637e-01 -4.589754641056060791e-01 1.000000000000000000e+00
-4.427083730697631836e-01 -2.085748016834259033e-01 -4.497244656085968018e-01 1.000000000000000000e+00
-5.242385268211364746e-01 -1.787009835243225098e-01 -4.168675243854522705e-01 1.000000000000000000e+00
6.975871510803699493e-03 -3.544394671916961670e-01 -5.680204629898071289e-01 1.000000000000000000e+00
8.210619539022445679e-02 -3.882134854793548584e-01 -6.176661252975463867e-01 1.000000000000000000e+00
1.637439876794815063e-01 -4.112917184829711914e-01 -6.361926198005676270e-01 1.000000000000000000e+00
2.750395536422729492e-01 -4.391909837722778320e-01 -5.728279352188110352e-01 1.000000000000000000e+00
1.782660633325576782e-01 -3.780423402786254883e-01 -6.196275949478149414e-01 1.000000000000000000e+00
8.959533274173736572e-02 -3.582296967506408691e-01 -6.029957532882690430e-01 1.000000000000000000e+00
-2.039984613656997681e-01 3.422531187534332275e-01 -3.773316442966461182e-01 1.000000000000000000e+00
-1.954397261142730713e-01 2.713804543018341064e-01 -5.084040760993957520e-01 1.000000000000000000e+00
-1.164009273052215576e-01 2.298208326101303101e-01 -6.042565107345581055e-01 1.000000000000000000e+00
-5.401988327503204346e-02 2.181994915008544922e-01 -6.300931572914123535e-01 1.000000000000000000e+00
1.012023352086544037e-02 1.930696666240692139e-01 -6.394907832145690918e-01 1.000000000000000000e+00
1.358941942453384399e-01 1.769470721483230591e-01 -5.979842543601989746e-01 1.000000000000000000e+00
2.628982663154602051e-01 2.108563929796218872e-01 -4.911248683929443359e-01 1.000000000000000000e+00
2.203123420476913452e-01 3.355520367622375488e-01 -5.363727807998657227e-01 1.000000000000000000e+00
1.243290603160858154e-01 4.074770510196685791e-01 -5.782048702239990234e-01 1.000000000000000000e+00
5.470388755202293396e-02 4.368839859962463379e-01 -5.677435398101806641e-01 1.000000000000000000e+00
-1.910587400197982788e-02 4.456694126129150391e-01 -5.439044237136840820e-01 1.000000000000000000e+00
-1.216516718268394470e-01 4.287919998168945312e-01 -4.627876579761505127e-01 1.000000000000000000e+00
-1.962859779596328735e-01 3.432116210460662842e-01 -3.742639124393463135e-01 1.000000000000000000e+00
-8.320022374391555786e-02 2.674187719821929932e-01 -5.321188569068908691e-01 0.000000000000000000e+00
-2.430501766502857208e-02 2.479899078607559204e-01 -5.540753602981567383e-01 1.000000000000000000e+00
3.889934346079826355e-02 2.320282757282257080e-01 -5.662788748741149902e-01 0.000000000000000000e+00
2.605473995208740234e-01 2.107648700475692749e-01 -4.911682009696960449e-01 1.000000000000000000e+00
1.091632843017578125e-01 3.349387645721435547e-01 -5.398852229118347168e-01 1.000000000000000000e+00
4.255135729908943176e-02 3.564504086971282959e-01 -5.335997939109802246e-01 1.000000000000000000e+00
-2.596732042729854584e-02 3.716007173061370850e-01 -5.094884634017944336e-01 1.000000000000000000e+00
