-6.970665454864501953e-01 -2.130601257085800171e-01
-6.764429211616516113e-01 -5.299455672502517700e-02
-6.151642799377441406e-01 1.084340289235115051e-01
-5.402164459228515625e-01 2.533794045448303223e-01
-4.594634771347045898e-01 3.900148570537567139e-01
-3.489716053009033203e-01 5.227676033973693848e-01
-2.152947336435317993e-01 6.402289867401123047e-01
-4.033158719539642334e-02 7.348234653472900391e-01
1.166772767901420593e-01 7.438958287239074707e-01
2.862675786018371582e-01 6.708952188491821289e-01
4.548515975475311279e-01 5.461472272872924805e-01
5.767381191253662109e-01 3.888898491859436035e-01
6.726694107055664062e-01 2.097700834274291992e-01
7.291056513786315918e-01 1.523234602063894272e-02
7.454589009284973145e-01 -1.788489818572998047e-01
7.178788781166076660e-01 -3.921692371368408203e-01
6.982009410858154297e-01 -5.846608877182006836e-01
-7.126070857048034668e-01 -3.123662471771240234e-01
-7.159708738327026367e-01 -4.549376666545867920e-01
-6.233239173889160156e-01 -4.975894391536712646e-01
-4.913485944271087646e-01 -4.987234473228454590e-01
-3.635650873184204102e-01 -4.784752428531646729e-01
-1.848729252815246582e-01 -5.252841114997863770e-01
-7.170750200748443604e-02 -6.023837924003601074e-01
8.439206331968307495e-02 -6.634701490402221680e-01
2.659662067890167236e-01 -6.874843835830688477e-01
4.307448863983154297e-01 -5.839759707450866699e-01
-2.425940930843353271e-01 -3.527062833309173584e-01
-2.285056263208389282e-01 -2.265363484621047974e-01
-2.255611270666122437e-01 -1.270559728145599365e-01
-2.155833244323730469e-01 -2.779267169535160065e-02
-2.625823020935058594e-01 6.684370338916778564e-02
-2.002847641706466675e-01 8.242627233266830444e-02
-1.383741497993469238e-01 8.613893389701843262e-02
-7.594968378543853760e-02 5.324814468622207642e-02
-1.156952232122421265e-02 9.304923005402088165e-03
-6.113347411155700684e-01 -2.257121503353118896e-01
-5.530837178230285645e-01 -2.416596561670303345e-01
-4.752877056598663330e-01 -2.619596719741821289e-01
-3.807040154933929443e-01 -2.741718590259552002e-01
-4.611060917377471924e-01 -2.353315353393554688e-01
-5.425717234611511230e-01 -2.101578712463378906e-01
-1.194040197879076004e-02 -3.573118448257446289e-01
6.232798472046852112e-02 -3.860889673233032227e-01
1.445668786764144897e-01 -4.045187532901763916e-01
2.606954574584960938e-01 -4.286112785339355469e-01
1.582419425249099731e-01 -3.708019852638244629e-01
6.925567239522933960e-02 -3.556157052516937256e-01
-2.439390867948532104e-01 3.209904134273529053e-01
-2.377719432115554810e-01 2.574162185192108154e-01
-1.614177972078323364e-01 2.235637158155441284e-01
-9.948398172855377197e-02 2.158437818288803101e-01
-3.441479429602622986e-02 1.936703473329544067e-01
9.507958590984344482e-02 1.813131272792816162e-01
2.277895510196685791e-01 2.177103906869888306e-01
1.761281788349151611e-01 3.414179682731628418e-01
7.387715578079223633e-02 4.084311127662658691e-01
2.922379644587635994e-03 4.329903721809387207e-01
-7.026326656341552734e-02 4.370851814746856689e-01
-1.689455062150955200e-01 4.128058850765228271e-01
-2.362321615219116211e-01 3.221033811569213867e-01
-1.263414323329925537e-01 2.602285444736480713e-01
-6.704519689083099365e-02 2.442081868648529053e-01
-3.141714958474040031e-03 2.315180748701095581e-01
2.254607677459716797e-01 2.174679934978485107e-01
6.547342240810394287e-02 3.340493440628051758e-01
-2.660979982465505600e-03 3.512871563434600830e-01
-7.165048271417617798e-02 3.618618249893188477e-01
