-6.720150113105773926e-01 -2.702161371707916260e-01 4.065264761447906494e-01 0.000000000000000000e+00
-5.915861725807189941e-01 -9.450751543045043945e-02 4.355204999446868896e-01 0.000000000000000000e+00
-5.015092492103576660e-01 1.038393303751945496e-01 4.548958837985992432e-01 0.000000000000000000e+00
-4.258064031600952148e-01 2.791316211223602295e-01 3.949425220489501953e-01 0.000000000000000000e+00
-3.569018542766571045e-01 4.442816078662872314e-01 2.671710252761840820e-01 0.000000000000000000e+00
-2.859441936016082764e-01 5.807461738586425781e-01 7.923592627048492432e-02 0.000000000000000000e+00
-1.650373637676239014e-01 6.778018474578857422e-01 -6.720984727144241333e-02 1.000000000000000000e+00
-2.748747915029525757e-02 7.360098361968994141e-01 -2.377882748842239380e-01 1.000000000000000000e+00
1.445250064134597778e-01 7.414515614509582520e-01 -2.939310073852539062e-01 1.000000000000000000e+00
2.861509621143341064e-01 6.710565686225891113e-01 -3.197001516819000244e-01 1.000000000000000000e+00
4.545901417732238770e-01 5.463069081306457520e-01 -2.437064945697784424e-01 1.000000000000000000e+00
5.766283273696899414e-01 3.895338177680969238e-01 -1.806855797767639160e-01 1.000000000000000000e+00
6.727444529533386230e-01 2.105472832918167114e-01 -5.824802070856094360e-02 1.000000000000000000e+00
7.291291952133178711e-01 1.628613285720348358e-02 1.979193277657032013e-02 1.000000000000000000e+00
7.462131381034851074e-01 -1.778199672698974609e-01 3.854149207472801208e-02 1.000000000000000000e+00
7.183742523193359375e-01 -3.924514055252075195e-01 -1.498834881931543350e-02 1.000000000000000000e+00
6.986953616142272949e-01 -5.842819213867187500e-01 -6.158613041043281555e-02 1.000000000000000000e+00
-7.126070857048034668e-01 -3.123662471771240234e-01 -8.053287863731384277e-02 1.000000000000000000e+00
-7.159708738327026367e-01 -4.549376666545867920e-01 -2.719155251979827881e-01 1.000000000000000000e+00
-6.233239173889160156e-01 -4.975894391536712646e-01 -4.436477422714233398e-01 1.000000000000000000e+00
-4.913485944271087646e-01 -4.987234473228454590e-01 -5.499017834663391113e-01 1.000000000000000000e+00
-3.635650873184204102e-01 -4.784752428531646729e-01 -6.028599143028259277e-01 1.000000000000000000e+00
-1.848729252815246582e-01 -5.252841114997863770e-01 -6.648798584938049316e-01 1.000000000000000000e+00
-7.170750200748443604e-02 -6.023837924003601074e-01 -6.942921280860900879e-01 1.000000000000000000e+00
8.439206331968307495e-02 -6.634701490402221680e-01 -6.866003870964050293e-01 1.000000000000000000e+00
2.659662067890167236e-01 -6.874843835830688477e-01 -6.035888195037841797e-01 1.000000000000000000e+00
4.307448863983154297e-01 -5.839759707450866699e-01 -4.662342965602874756e-01 1.000000000000000000e+00
-2.425940930843353271e-01 -3.527062833309173584e-01 -6.358952522277832031e-01 1.000000000000000000e+00
-2.285056263208389282e-01 -2.265363484621047974e-01 -6.887572407722473145e-01 1.000000000000000000e+00
-2.255611270666122437e-01 -1.270559728145599365e-01 -7.473492026329040527e-01 1.000000000000000000e+00
-2.155833244323730469e-01 -2.779267169535160065e-02 -7.875612974166870117e-01 1.000000000000000000e+00
-2.625823020935058594e-01 6.684370338916778564e-02 -5.534540414810180664e-01 1.000000000000000000e+00
-2.002847641706466675e-01 8.242627233266830444e-02 -5.972057580947875977e-01 1.000000000000000000e+00
-1.383741497993469238e-01 8.613893389701843262e-02 -6.310939788818359375e-01 1.000000000000000000e+00
-7.594968378543853760e-02 5.324814468622207642e-02 -6.403700113296508789e-01 1.000000000000000000e+00
-1.156952232122421265e-02 9.304923005402088165e-03 -6.409621238708496094e-01 1.000000000000000000e+00
-6.113347411155700684e-01 -2.257121503353118896e-01 -2.994192838668823242e-01 1.000000000000000000e+00
-5.530837178230285645e-01 -2.416596561670303345e-01 -4.182302951812744141e-01 1.000000000000000000e+00
-4.752877056598663330e-01 -2.619596719741821289e-01 -4.478226006031036377e-01 1.000000000000000000e+00
-3.807040154933929443e-01 -2.741718590259552002e-01 -4.502643644809722900e-01 1.000000000000000000e+00
-4.611060917377471924e-01 -2.353315353393554688e-01 -4.364803433418273926e-01 1.000000000000000000e+00
-5.425717234611511230e-01 -2.101578712463378906e-01 -3.986246287822723389e-01 1.000000000000000000e+00
-1.194040197879076004e-02 -3.573118448257446289e-01 -5.804275870323181152e-01 1.000000000000000000e+00
6.232798472046852112e-02 -3.860889673233032227e-01 -6.358361244201660156e-01 1.000000000000000000e+00
1.445668786764144897e-01 -4.045187532901763916e-01 -6.595597863197326660e-01 1.000000000000000000e+00
2.606954574584960938e-01 -4.286112785339355469e-01 -6.019465923309326172e-01 1.000000000000000000e+00
1.582419425249099731e-01 -3.708019852638244629e-01 -6.418477892875671387e-01 1.000000000000000000e+00
6.925567239522933960e-02 -3.556157052516937256e-01 -6.201217174530029297e-01 1.000000000000000000e+00
-2.439390867948532104e-01 3.209904134273529053e-01 -3.556915521621704102e-01 1.000000000000000000e+00
-2.377719432115554810e-01 2.574162185192108154e-01 -4.880725741386413574e-01 1.000000000000000000e+00
-1.614177972078323364e-01 2.235637158155441284e-01 -5.893665552139282227e-01 1.000000000000000000e+00
-9.948398172855377197e-02 2.158437818288803101e-01 -6.186287999153137207e-01 1.000000000000000000e+00
-3.441479429602622986e-02 1.936703473329544067e-01 -6.323423385620117188e-01 1.000000000000000000e+00
9.507958590984344482e-02 1.813131272792816162e-01 -5.970796346664428711e-01 1.000000000000000000e+00
2.277895510196685791e-01 2.177103906869888306e-01 -4.944905042648315430e-01 1.000000000000000000e+00
1.761281788349151611e-01 3.414179682731628418e-01 -5.341590046882629395e-01 1.000000000000000000e+00
7.387715578079223633e-02 4.084311127662658691e-01 -5.708673000335693359e-01 1.000000000000000000e+00
2.922379644587635994e-03 4.329903721809387207e-01 -5.574091076850891113e-01 1.000000000000000000e+00
-7.026326656341552734e-02 4.370851814746856689e-01 -5.302274823188781738e-01 1.000000000000000000e+00
-1.689455062150955200e-01 4.128058850765228271e-01 -4.446007013320922852e-01 1.000000000000000000e+00
-2.362321615219116211e-01 3.221033811569213867e-01 -3.529752790927886963e-01 1.000000000000000000e+00
-1.263414323329925537e-01 2.602285444736480713e-01 -5.167814493179321289e-01 0.000000000000000000e+00
-6.704519689083099365e-02 2.442081868648529053e-01 -5.423042178153991699e-01 1.000000000000000000e+00
-3.141714958474040031e-03 2.315180748701095581e-01 -5.584457516670227051e-01 0.000000000000000000e+00
2.254607677459716797e-01 2.174679934978485107e-01 -4.944027364253997803e-01 1.000000000000000000e+00
6.547342240810394287e-02 3.340493440628051758e-01 -5.341179370880126953e-01 1.000000000000000000e+00
-2.660979982465505600e-03 3.512871563434600830e-01 -5.251328349113464355e-01 1.000000000000000000e+00
-7.165048271417617798e-02 3.618618249893188477e-01 -4.972444176673889160e-01 1.000000000000000000e+00
