-6.298155188560485840e-01 -5.154085755348205566e-01
-6.910643577575683594e-01 -3.537874221801757812e-01
-7.196014523506164551e-01 -1.711003482341766357e-01
-7.271034121513366699e-01 -2.180261723697185516e-02
-7.250382900238037109e-01 1.364097148180007935e-01
-6.990166902542114258e-01 3.056420683860778809e-01
-6.415851712226867676e-01 4.796939790248870850e-01
-5.349202156066894531e-01 6.630683541297912598e-01
-4.011076092720031738e-01 7.551271915435791016e-01
-2.128455489873886108e-01 7.661129236221313477e-01
4.816842731088399887e-03 7.248455882072448730e-01
1.915263086557388306e-01 6.342549920082092285e-01
3.626293540000915527e-01 5.103197693824768066e-01
5.050114393234252930e-01 3.557414412498474121e-01
6.069835424423217773e-01 1.917251348495483398e-01
6.865820288658142090e-01 5.931626539677381516e-03
7.643049359321594238e-01 -1.733357012271881104e-01
-5.894262790679931641e-01 -6.047418117523193359e-01
-5.141023397445678711e-01 -7.147473096847534180e-01
-4.030396640300750732e-01 -6.909436583518981934e-01
-2.818917334079742432e-01 -6.213863492012023926e-01
-1.774278879165649414e-01 -5.393558144569396973e-01
6.009720964357256889e-04 -4.884277880191802979e-01
1.365021318197250366e-01 -4.951766431331634521e-01
3.016119301319122314e-01 -4.727011024951934814e-01
4.691251218318939209e-01 -4.146778583526611328e-01
5.546733140945434570e-01 -2.585534751415252686e-01
-1.322596222162246704e-01 -3.676240742206573486e-01
-1.819984614849090576e-01 -2.433778494596481323e-01
-2.272330671548843384e-01 -1.442665308713912964e-01
-2.672389745712280273e-01 -4.350938647985458374e-02
-3.620172142982482910e-01 -2.051284303888678551e-03
-3.151396214962005615e-01 4.323282092809677124e-02
-2.627341747283935547e-01 7.776944339275360107e-02
-1.936058253049850464e-01 8.083816617727279663e-02
-1.177796199917793274e-01 7.512936741113662720e-02
-5.243765115737915039e-01 -4.533546566963195801e-01
-4.602928161621093750e-01 -4.267650246620178223e-01
-3.805196285247802734e-01 -4.047204852104187012e-01
-2.896931767463684082e-01 -3.709341883659362793e-01
-3.815728127956390381e-01 -3.757210075855255127e-01
-4.669321477413177490e-01 -3.958029747009277344e-01
5.720676109194755554e-02 -2.622859776020050049e-01
1.383697986602783203e-01 -2.357145249843597412e-01
2.180020213127136230e-01 -2.085707038640975952e-01
3.308568000793457031e-01 -1.879659146070480347e-01
2.156834900379180908e-01 -1.845500171184539795e-01
1.301965862512588501e-01 -2.171276509761810303e-01
-5.023187398910522461e-01 2.156453877687454224e-01
-4.464327692985534668e-01 1.698085665702819824e-01
-3.545295000076293945e-01 1.838699281215667725e-01
-2.950071394443511963e-01 2.091108858585357666e-01
-2.277733534574508667e-01 2.231067419052124023e-01
-1.155604124069213867e-01 2.735050022602081299e-01
-3.812123090028762817e-02 3.612796962261199951e-01
-1.546766310930252075e-01 4.473379552364349365e-01
-2.787102162837982178e-01 4.614125192165374756e-01
-3.543195724487304688e-01 4.488585591316223145e-01
-4.208134412765502930e-01 4.148011803627014160e-01
-4.927092492580413818e-01 3.398632407188415527e-01
-4.972833096981048584e-01 2.198982089757919312e-01
-3.444532752037048340e-01 2.256934642791748047e-01
-2.840972840785980225e-01 2.425112128257751465e-01
-2.225802540779113770e-01 2.643176019191741943e-01
-3.972092270851135254e-02 3.600313365459442139e-01
-2.528188526630401611e-01 3.889400064945220947e-01
-3.209596872329711914e-01 3.717123270034790039e-01
-3.858813643455505371e-01 3.460587859153747559e-01
