-5.947669744491577148e-01 -5.945903658866882324e-01 2.220274358987808228e-01 1.000000000000000000e+00
-6.167114377021789551e-01 -4.050417244434356689e-01 2.717139124870300293e-01 0.000000000000000000e+00
-6.346187591552734375e-01 -1.893903166055679321e-01 3.154678940773010254e-01 0.000000000000000000e+00
-6.540457606315612793e-01 6.030494347214698792e-03 2.773396968841552734e-01 0.000000000000000000e+00
-6.693423986434936523e-01 1.963165849447250366e-01 1.706089079380035400e-01 0.000000000000000000e+00
-6.684499979019165039e-01 3.705999255180358887e-01 4.407513421028852463e-03 0.000000000000000000e+00
-6.126998066902160645e-01 5.297914147377014160e-01 -1.234396696090698242e-01 1.000000000000000000e+00
-5.235521197319030762e-01 6.661171317100524902e-01 -2.796826958656311035e-01 1.000000000000000000e+00
-3.746209144592285156e-01 7.603275775909423828e-01 -3.297930657863616943e-01 1.000000000000000000e+00
-2.130612283945083618e-01 7.662659287452697754e-01 -3.566217124462127686e-01 1.000000000000000000e+00
1.544859493151307106e-03 7.260136008262634277e-01 -2.807420194149017334e-01 1.000000000000000000e+00
1.871670931577682495e-01 6.382826566696166992e-01 -2.191507220268249512e-01 1.000000000000000000e+00
3.594039678573608398e-01 5.154545307159423828e-01 -1.025950163602828979e-01 1.000000000000000000e+00
5.010442733764648438e-01 3.644630908966064453e-01 -3.218637406826019287e-02 1.000000000000000000e+00
6.105750799179077148e-01 2.028365135192871094e-01 -2.442370168864727020e-02 1.000000000000000000e+00
6.933384537696838379e-01 6.026871968060731888e-03 -9.180317074060440063e-02 1.000000000000000000e+00
7.689933180809020996e-01 -1.694910824298858643e-01 -1.494251638650894165e-01 1.000000000000000000e+00
-5.894262790679931641e-01 -6.047418117523193359e-01 -2.701604068279266357e-01 1.000000000000000000e+00
-5.141023397445678711e-01 -7.147473096847534180e-01 -4.727299213409423828e-01 1.000000000000000000e+00
-4.030396640300750732e-01 -6.909436583518981934e-01 -6.401489377021789551e-01 1.000000000000000000e+00
-2.818917334079742432e-01 -6.213863492012023926e-01 -7.350419759750366211e-01 1.000000000000000000e+00
-1.774278879165649414e-01 -5.393558144569396973e-01 -7.748517394065856934e-01 1.000000000000000000e+00
6.009720964357256889e-04 -4.884277880191802979e-01 -8.240504264831542969e-01 1.000000000000000000e+00
1.365021318197250366e-01 -4.951766431331634521e-01 -8.501822948455810547e-01 1.000000000000000000e+00
3.016119301319122314e-01 -4.727011024951934814e-01 -8.326560854911804199e-01 1.000000000000000000e+00
4.691251218318939209e-01 -4.146778583526611328e-01 -7.324480414390563965e-01 1.000000000000000000e+00
5.546733140945434570e-01 -2.585534751415252686e-01 -5.734666585922241211e-01 1.000000000000000000e+00
-1.322596222162246704e-01 -3.676240742206573486e-01 -7.895369529724121094e-01 1.000000000000000000e+00
-1.819984614849090576e-01 -2.433778494596481323e-01 -8.418852090835571289e-01 1.000000000000000000e+00
-2.272330671548843384e-01 -1.442665308713912964e-01 -8.971672058105468750e-01 1.000000000000000000e+00
-2.672389745712280273e-01 -4.350938647985458374e-02 -9.344401955604553223e-01 1.000000000000000000e+00
-3.620172142982482910e-01 -2.051284303888678551e-03 -6.869631409645080566e-01 1.000000000000000000e+00
-3.151396214962005615e-01 4.323282092809677124e-02 -7.265050411224365234e-01 1.000000000000000000e+00
-2.627341747283935547e-01 7.776944339275360107e-02 -7.555553317070007324e-01 1.000000000000000000e+00
-1.936058253049850464e-01 8.083816617727279663e-02 -7.601333856582641602e-01 1.000000000000000000e+00
-1.177796199917793274e-01 7.512936741113662720e-02 -7.544376850128173828e-01 1.000000000000000000e+00
-5.243765115737915039e-01 -4.533546566963195801e-01 -4.731511771678924561e-01 1.000000000000000000e+00
-4.602928161621093750e-01 -4.267650246620178223e-01 -5.876507163047790527e-01 1.000000000000000000e+00
-3.805196285247802734e-01 -4.047204852104187012e-01 -6.111183166503906250e-01 1.000000000000000000e+00
-2.896931767463684082e-01 -3.709341883659362793e-01 -6.051461100578308105e-01 1.000000000000000000e+00
-3.815728127956390381e-01 -3.757210075855255127e-01 -5.977012515068054199e-01 1.000000000000000000e+00
-4.669321477413177490e-01 -3.958029747009277344e-01 -5.653915405273437500e-01 1.000000000000000000e+00
5.720676109194755554e-02 -2.622859776020050049e-01 -7.048531174659729004e-01 1.000000000000000000e+00
1.383697986602783203e-01 -2.357145249843597412e-01 -7.546408772468566895e-01 1.000000000000000000e+00
2.180020213127136230e-01 -2.085707038640975952e-01 -7.724629640579223633e-01 1.000000000000000000e+00
3.308568000793457031e-01 -1.879659146070480347e-01 -7.076125144958496094e-01 1.000000000000000000e+00
2.156834900379180908e-01 -1.845500171184539795e-01 -7.547686100006103516e-01 1.000000000000000000e+00
1.301965862512588501e-01 -2.171276509761810303e-01 -7.401366829872131348e-01 1.000000000000000000e+00
-5.023187398910522461e-01 2.156453877687454224e-01 -4.494922459125518799e-01 1.000000000000000000e+00
-4.464327692985534668e-01 1.698085665702819824e-01 -6.045476198196411133e-01 1.000000000000000000e+00
-3.545295000076293945e-01 1.838699281215667725e-01 -7.061107754707336426e-01 1.000000000000000000e+00
-2.950071394443511963e-01 2.091108858585357666e-01 -7.310709357261657715e-01 1.000000000000000000e+00
-2.277733534574508667e-01 2.231067419052124023e-01 -7.401612401008605957e-01 1.000000000000000000e+00
-1.155604124069213867e-01 2.735050022602081299e-01 -6.923468708992004395e-01 1.000000000000000000e+00
-3.812123090028762817e-02 3.612796962261199951e-01 -5.712829232215881348e-01 1.000000000000000000e+00
-1.546766310930252075e-01 4.473379552364349365e-01 -6.014254093170166016e-01 1.000000000000000000e+00
-2.787102162837982178e-01 4.614125192165374756e-01 -6.339440941810607910e-01 1.000000000000000000e+00
-3.543195724487304688e-01 4.488585591316223145e-01 -6.188775300979614258e-01 1.000000000000000000e+00
-4.208134412765502930e-01 4.148011803627014160e-01 -5.943634510040283203e-01 1.000000000000000000e+00
-4.927092492580413818e-01 3.398632407188415527e-01 -5.161733627319335938e-01 1.000000000000000000e+00
-4.972833096981048584e-01 2.198982089757919312e-01 -4.454153478145599365e-01 1.000000000000000000e+00
-3.444532752037048340e-01 2.256934642791748047e-01 -6.235857009887695312e-01 0.000000000000000000e+00
-2.840972840785980225e-01 2.425112128257751465e-01 -6.465005874633789062e-01 0.000000000000000000e+00
-2.225802540779113770e-01 2.643176019191741943e-01 -6.569766402244567871e-01 0.000000000000000000e+00
-3.972092270851135254e-02 3.600313365459442139e-01 -5.712971687316894531e-01 1.000000000000000000e+00
-2.528188526630401611e-01 3.889400064945220947e-01 -6.003623008728027344e-01 1.000000000000000000e+00
-3.209596872329711914e-01 3.717123270034790039e-01 -5.907850861549377441e-01 1.000000000000000000e+00
-3.858813643455505371e-01 3.460587859153747559e-01 -5.655294656753540039e-01 1.000000000000000000e+00
