-7.536165118217468262e-01 -4.101105034351348877e-01
-7.671240568161010742e-01 -2.346815019845962524e-01
-7.453513741493225098e-01 -6.185047701001167297e-02
-6.939194798469543457e-01 9.688363224267959595e-02
-6.361865401268005371e-01 2.453812807798385620e-01
-5.531018972396850586e-01 4.002684354782104492e-01
-4.441351890563964844e-01 5.427464842796325684e-01
-3.109062016010284424e-01 6.751148700714111328e-01
-1.604978293180465698e-01 7.138622999191284180e-01
3.058788925409317017e-02 6.801960468292236328e-01
2.415919005870819092e-01 5.903362631797790527e-01
4.177138805389404297e-01 4.708921909332275391e-01
5.702671408653259277e-01 3.040250837802886963e-01
6.762164235115051270e-01 1.068969964981079102e-01
7.425487637519836426e-01 -9.338101744651794434e-02
7.577950954437255859e-01 -3.161777257919311523e-01
7.777768969535827637e-01 -5.160196423530578613e-01
-7.557996511459350586e-01 -5.218281745910644531e-01
-7.388651967048645020e-01 -6.554118394851684570e-01
-6.443666815757751465e-01 -6.594025492668151855e-01
-5.126457810401916504e-01 -6.203490495681762695e-01
-3.866965770721435547e-01 -5.670022964477539062e-01
-1.899125874042510986e-01 -5.692407488822937012e-01
-5.631792172789573669e-02 -6.206056475639343262e-01
1.226224303245544434e-01 -6.558347344398498535e-01
3.203781843185424805e-01 -6.534010171890258789e-01
4.780083000659942627e-01 -5.190339684486389160e-01
-2.854112088680267334e-01 -4.029978811740875244e-01
-3.014498651027679443e-01 -2.572940886020660400e-01
-3.226238787174224854e-01 -1.435338407754898071e-01
-3.367024362087249756e-01 -2.893660590052604675e-02
-3.862845599651336670e-01 3.790846467018127441e-02
-3.312440812587738037e-01 6.978179514408111572e-02
-2.716881930828094482e-01 9.153730422258377075e-02
-2.013904005289077759e-01 7.058984041213989258e-02
-1.275795698165893555e-01 4.077317193150520325e-02
-6.745119094848632812e-01 -3.869958817958831787e-01
-6.190705895423889160e-01 -3.863035142421722412e-01
-5.328103303909301758e-01 -3.858631253242492676e-01
-4.308536648750305176e-01 -3.690470159053802490e-01
-5.196505784988403320e-01 -3.451093435287475586e-01
-6.109693050384521484e-01 -3.410295844078063965e-01
-3.946391493082046509e-02 -3.634210824966430664e-01
4.004872217774391174e-02 -3.770145773887634277e-01
1.305708140134811401e-01 -3.772678673267364502e-01
2.602833509445190430e-01 -3.790088593959808350e-01
1.397569477558135986e-01 -3.338513374328613281e-01
4.111406952142715454e-02 -3.393405973911285400e-01
-4.315410256385803223e-01 2.390043139457702637e-01
-4.055900573730468750e-01 2.195729762315750122e-01
-3.233392834663391113e-01 2.174050062894821167e-01
-2.601572573184967041e-01 2.270340025424957275e-01
-1.907574683427810669e-01 2.179592102766036987e-01
-6.233274191617965698e-02 2.220535874366760254e-01
5.559683963656425476e-02 2.433089017868041992e-01
-3.698023781180381775e-02 3.268415331840515137e-01
-1.603022068738937378e-01 3.680706322193145752e-01
-2.346067726612091064e-01 3.757511973381042480e-01
-3.052705526351928711e-01 3.652788996696472168e-01
-3.891371190547943115e-01 3.218275308609008789e-01
-4.256024658679962158e-01 2.395773828029632568e-01
-2.963232398033142090e-01 2.585631012916564941e-01
-2.325113415718078613e-01 2.592108547687530518e-01
-1.659976094961166382e-01 2.590488493442535400e-01
5.348986387252807617e-02 2.429016232490539551e-01
-1.532749831676483154e-01 2.844618856906890869e-01
-2.269438058137893677e-01 2.869370281696319580e-01
-2.956593930721282959e-01 2.828148305416107178e-01
