-6.885018944740295410e-01 -5.282964110374450684e-01 3.225092589855194092e-01 0.000000000000000000e+00
-6.414793133735656738e-01 -3.297323882579803467e-01 3.713173270225524902e-01 0.000000000000000000e+00
-5.850976705551147461e-01 -1.065689921379089355e-01 4.124658107757568359e-01 0.000000000000000000e+00
-5.431525111198425293e-01 1.001268774271011353e-01 3.622215986251831055e-01 0.000000000000000000e+00
-5.169209241867065430e-01 2.994788885116577148e-01 2.364127635955810547e-01 0.000000000000000000e+00
-4.870655536651611328e-01 4.658539891242980957e-01 3.714277595281600952e-02 0.000000000000000000e+00
-3.968888521194458008e-01 5.839377641677856445e-01 -1.333033740520477295e-01 0.000000000000000000e+00
-2.943301498889923096e-01 6.770948171615600586e-01 -3.375622630119323730e-01 1.000000000000000000e+00
-1.270028799772262573e-01 7.169635295867919922e-01 -4.143740534782409668e-01 1.000000000000000000e+00
3.058788925409317017e-02 6.801960468292236328e-01 -4.546491205692291260e-01 1.000000000000000000e+00
2.415919005870819092e-01 5.903362631797790527e-01 -3.708135783672332764e-01 1.000000000000000000e+00
4.177138805389404297e-01 4.708921909332275391e-01 -3.066935539245605469e-01 1.000000000000000000e+00
5.702671408653259277e-01 3.040250837802886963e-01 -1.827244609594345093e-01 1.000000000000000000e+00
6.762164235115051270e-01 1.068969964981079102e-01 -1.126250028610229492e-01 1.000000000000000000e+00
7.425487637519836426e-01 -9.338101744651794434e-02 -1.117648556828498840e-01 1.000000000000000000e+00
7.577950954437255859e-01 -3.161777257919311523e-01 -1.889134347438812256e-01 1.000000000000000000e+00
7.777768969535827637e-01 -5.160196423530578613e-01 -2.574542462825775146e-01 1.000000000000000000e+00
-7.557996511459350586e-01 -5.218281745910644531e-01 -1.998274773359298706e-01 1.000000000000000000e+00
-7.388651967048645020e-01 -6.554118394851684570e-01 -4.234663546085357666e-01 1.000000000000000000e+00
-6.443666815757751465e-01 -6.594025492668151855e-01 -6.151394248008728027e-01 1.000000000000000000e+00
-5.126457810401916504e-01 -6.203490495681762695e-01 -7.350620031356811523e-01 1.000000000000000000e+00
-3.866965770721435547e-01 -5.670022964477539062e-01 -7.932152152061462402e-01 1.000000000000000000e+00
-1.899125874042510986e-01 -5.692407488822937012e-01 -8.718491196632385254e-01 1.000000000000000000e+00
-5.631792172789573669e-02 -6.206056475639343262e-01 -9.160208702087402344e-01 1.000000000000000000e+00
1.226224303245544434e-01 -6.558347344398498535e-01 -9.167722463607788086e-01 1.000000000000000000e+00
3.203781843185424805e-01 -6.534010171890258789e-01 -8.342234492301940918e-01 1.000000000000000000e+00
4.780083000659942627e-01 -5.190339684486389160e-01 -6.796798110008239746e-01 1.000000000000000000e+00
-2.854112088680267334e-01 -4.029978811740875244e-01 -8.149179220199584961e-01 1.000000000000000000e+00
-3.014498651027679443e-01 -2.572940886020660400e-01 -8.598231673240661621e-01 1.000000000000000000e+00
-3.226238787174224854e-01 -1.435338407754898071e-01 -9.095843434333801270e-01 1.000000000000000000e+00
-3.367024362087249756e-01 -2.893660590052604675e-02 -9.440990090370178223e-01 1.000000000000000000e+00
-3.862845599651336670e-01 3.790846467018127441e-02 -6.778711676597595215e-01 1.000000000000000000e+00
-3.312440812587738037e-01 6.978179514408111572e-02 -7.254766225814819336e-01 1.000000000000000000e+00
-2.716881930828094482e-01 9.153730422258377075e-02 -7.634684443473815918e-01 1.000000000000000000e+00
-2.013904005289077759e-01 7.058984041213989258e-02 -7.772434353828430176e-01 1.000000000000000000e+00
-1.275795698165893555e-01 4.077317193150520325e-02 -7.809333801269531250e-01 1.000000000000000000e+00
-6.745119094848632812e-01 -3.869958817958831787e-01 -4.237091243267059326e-01 1.000000000000000000e+00
-6.190705895423889160e-01 -3.863035142421722412e-01 -5.560022592544555664e-01 1.000000000000000000e+00
-5.328103303909301758e-01 -3.858631253242492676e-01 -5.937317609786987305e-01 1.000000000000000000e+00
-4.308536648750305176e-01 -3.690470159053802490e-01 -5.965295433998107910e-01 1.000000000000000000e+00
-5.196505784988403320e-01 -3.451093435287475586e-01 -5.741925239562988281e-01 1.000000000000000000e+00
-6.109693050384521484e-01 -3.410295844078063965e-01 -5.272022485733032227e-01 1.000000000000000000e+00
-3.946391493082046509e-02 -3.634210824966430664e-01 -7.555218935012817383e-01 1.000000000000000000e+00
4.004872217774391174e-02 -3.770145773887634277e-01 -8.229148387908935547e-01 1.000000000000000000e+00
1.305708140134811401e-01 -3.772678673267364502e-01 -8.530752062797546387e-01 1.000000000000000000e+00
2.602833509445190430e-01 -3.790088593959808350e-01 -7.947119474411010742e-01 1.000000000000000000e+00
1.397569477558135986e-01 -3.338513374328613281e-01 -8.263280987739562988e-01 1.000000000000000000e+00
4.111406952142715454e-02 -3.393405973911285400e-01 -7.985901832580566406e-01 1.000000000000000000e+00
-4.315410256385803223e-01 2.390043139457702637e-01 -4.679098725318908691e-01 1.000000000000000000e+00
-4.055900573730468750e-01 2.195729762315750122e-01 -6.012725830078125000e-01 1.000000000000000000e+00
-3.233392834663391113e-01 2.174050062894821167e-01 -7.053681015968322754e-01 1.000000000000000000e+00
-2.601572573184967041e-01 2.270340025424957275e-01 -7.382606267929077148e-01 1.000000000000000000e+00
-1.907574683427810669e-01 2.179592102766036987e-01 -7.578800916671752930e-01 1.000000000000000000e+00
-6.233274191617965698e-02 2.220535874366760254e-01 -7.353602051734924316e-01 1.000000000000000000e+00
5.559683963656425476e-02 2.433089017868041992e-01 -6.510007977485656738e-01 1.000000000000000000e+00
-3.698023781180381775e-02 3.268415331840515137e-01 -6.897736787796020508e-01 1.000000000000000000e+00
-1.603022068738937378e-01 3.680706322193145752e-01 -7.164947986602783203e-01 1.000000000000000000e+00
-2.346067726612091064e-01 3.757511973381042480e-01 -6.941336393356323242e-01 1.000000000000000000e+00
-3.052705526351928711e-01 3.652788996696472168e-01 -6.603312492370605469e-01 1.000000000000000000e+00
-3.891371190547943115e-01 3.218275308609008789e-01 -5.631263852119445801e-01 1.000000000000000000e+00
-4.256024658679962158e-01 2.395773828029632568e-01 -4.677159488201141357e-01 1.000000000000000000e+00
-2.963232398033142090e-01 2.585631012916564941e-01 -6.354760527610778809e-01 0.000000000000000000e+00
-2.325113415718078613e-01 2.592108547687530518e-01 -6.645324230194091797e-01 0.000000000000000000e+00
-1.659976094961166382e-01 2.590488493442535400e-01 -6.872540712356567383e-01 0.000000000000000000e+00
5.348986387252807617e-02 2.429016232490539551e-01 -6.509571075439453125e-01 1.000000000000000000e+00
-1.532749831676483154e-01 2.844618856906890869e-01 -6.952039003372192383e-01 1.000000000000000000e+00
-2.269438058137893677e-01 2.869370281696319580e-01 -6.793708205223083496e-01 1.000000000000000000e+00
-2.956593930721282959e-01 2.828148305416107178e-01 -6.419038176536560059e-01 1.000000000000000000e+00
