-7.044850587844848633e-01 -6.576521992683410645e-01
-7.192697525024414062e-01 -4.182415902614593506e-01
-7.211336493492126465e-01 -2.255336195230484009e-01
-7.254551649093627930e-01 -3.765308111906051636e-02
-7.008927464485168457e-01 1.673293858766555786e-01
-6.342994570732116699e-01 3.532967567443847656e-01
-5.055038332939147949e-01 5.191942453384399414e-01
-3.404729962348937988e-01 6.712253093719482422e-01
-1.754276603460311890e-01 7.404071092605590820e-01
3.131082979962229729e-03 7.274220585823059082e-01
2.073292136192321777e-01 6.388630270957946777e-01
3.713652789592742920e-01 5.280284285545349121e-01
4.952299296855926514e-01 3.831908404827117920e-01
5.812257528305053711e-01 2.121836245059967041e-01
6.469631791114807129e-01 4.980794712901115417e-02
7.233893871307373047e-01 -1.214827671647071838e-01
8.030020594596862793e-01 -3.510937690734863281e-01
-5.893011093139648438e-01 -5.891849398612976074e-01
-4.682616591453552246e-01 -6.797952055931091309e-01
-3.150854706764221191e-01 -6.364077925682067871e-01
-1.610495448112487793e-01 -5.564733743667602539e-01
-3.569967299699783325e-02 -4.760599136352539062e-01
1.715024411678314209e-01 -4.385165870189666748e-01
3.196101486682891846e-01 -4.657872021198272705e-01
4.888461828231811523e-01 -4.783302247524261475e-01
6.374070644378662109e-01 -4.663552939891815186e-01
6.995697021484375000e-01 -3.424260914325714111e-01
3.198822215199470520e-02 -2.927123606204986572e-01
4.643976222723722458e-03 -1.356927752494812012e-01
-2.017721533775329590e-02 -9.570363909006118774e-03
-4.382225498557090759e-02 1.148967295885086060e-01
-1.989167481660842896e-01 1.138936206698417664e-01
-1.360996067523956299e-01 1.611932665109634399e-01
-7.041327655315399170e-02 1.975830346345901489e-01
5.153475329279899597e-03 1.891098916530609131e-01
8.110246062278747559e-02 1.708728969097137451e-01
-4.614380002021789551e-01 -4.052214622497558594e-01
-3.640204370021820068e-01 -3.748157024383544922e-01
-2.702448368072509766e-01 -3.553768992424011230e-01
-1.791076660156250000e-01 -3.224356472492218018e-01
-2.731376886367797852e-01 -3.144907653331756592e-01
-3.753083944320678711e-01 -3.314602375030517578e-01
2.236520349979400635e-01 -2.389269173145294189e-01
3.242179751396179199e-01 -2.345704138278961182e-01
4.203936755657196045e-01 -2.188342213630676270e-01
5.175135731697082520e-01 -2.106644511222839355e-01
4.085448980331420898e-01 -1.740926206111907959e-01
3.080203235149383545e-01 -1.967795342206954956e-01
-3.623265326023101807e-01 2.384798675775527954e-01
-2.818334996700286865e-01 2.540347874164581299e-01
-1.638296991586685181e-01 2.862639129161834717e-01
-9.226207435131072998e-02 3.117406666278839111e-01
-1.632887683808803558e-02 3.156422078609466553e-01
9.576009958982467651e-02 3.282696604728698730e-01
1.707433164119720459e-01 3.342314958572387695e-01
7.648979872465133667e-02 4.116021692752838135e-01
-4.230022057890892029e-02 4.451498985290527344e-01
-1.222225502133369446e-01 4.396392405033111572e-01
-1.988351792097091675e-01 4.167197644710540771e-01
-3.050772249698638916e-01 3.438367247581481934e-01
-3.580794334411621094e-01 2.404733598232269287e-01
-1.718411892652511597e-01 3.137836158275604248e-01
-9.905114024877548218e-02 3.289460837841033936e-01
-2.641694806516170502e-02 3.423542976379394531e-01
1.691688150167465210e-01 3.339701592922210693e-01
-2.913432382047176361e-02 3.616130650043487549e-01
-1.071902438998222351e-01 3.550250232219696045e-01
-1.857684403657913208e-01 3.349848687648773193e-01
