-7.137677073478698730e-01 -6.844962239265441895e-01 -2.283827811479568481e-01 1.000000000000000000e+00
-7.277107834815979004e-01 -4.920762777328491211e-01 -1.408321112394332886e-01 1.000000000000000000e+00
-7.309610247611999512e-01 -2.708710730075836182e-01 -5.182562768459320068e-02 1.000000000000000000e+00
-7.121202945709228516e-01 -4.980206862092018127e-02 -5.493373796343803406e-02 0.000000000000000000e+00
-6.787481307983398438e-01 1.751739829778671265e-01 -1.367560476064682007e-01 0.000000000000000000e+00
-6.146702766418457031e-01 3.810051381587982178e-01 -2.906931340694427490e-01 1.000000000000000000e+00
-4.895308911800384521e-01 5.361010432243347168e-01 -4.060318470001220703e-01 1.000000000000000000e+00
-3.372095823287963867e-01 6.726955771446228027e-01 -5.521211624145507812e-01 1.000000000000000000e+00
-1.633107364177703857e-01 7.401245832443237305e-01 -5.617622137069702148e-01 1.000000000000000000e+00
-2.371596638113260269e-04 7.271150350570678711e-01 -5.475375652313232422e-01 1.000000000000000000e+00
1.808267086744308472e-01 6.520349979400634766e-01 -3.985857963562011719e-01 1.000000000000000000e+00
3.391308486461639404e-01 5.473507642745971680e-01 -2.816730737686157227e-01 0.000000000000000000e+00
4.615045189857482910e-01 3.798537850379943848e-01 -1.244859620928764343e-01 0.000000000000000000e+00
5.701462626457214355e-01 1.874740272760391235e-01 -4.018836095929145813e-02 0.000000000000000000e+00
6.688931584358215332e-01 -8.522589341737329960e-04 -3.705090284347534180e-02 1.000000000000000000e+00
7.513373494148254395e-01 -2.026055604219436646e-01 -1.286174952983856201e-01 1.000000000000000000e+00
8.264498114585876465e-01 -3.843503892421722412e-01 -2.067763656377792358e-01 1.000000000000000000e+00
-5.893011093139648438e-01 -5.891849398612976074e-01 -7.340040802955627441e-01 1.000000000000000000e+00
-4.682616591453552246e-01 -6.797952055931091309e-01 -9.498307108879089355e-01 1.000000000000000000e+00
-3.150854706764221191e-01 -6.364077925682067871e-01 -1.090719580650329590e+00 1.000000000000000000e+00
-1.610495448112487793e-01 -5.564733743667602539e-01 -1.147863626480102539e+00 1.000000000000000000e+00
-3.569967299699783325e-02 -4.760599136352539062e-01 -1.145897984504699707e+00 1.000000000000000000e+00
1.715024411678314209e-01 -4.385165870189666748e-01 -1.144334435462951660e+00 1.000000000000000000e+00
3.196101486682891846e-01 -4.657872021198272705e-01 -1.142217636108398438e+00 1.000000000000000000e+00
4.888461828231811523e-01 -4.783302247524261475e-01 -1.077178835868835449e+00 1.000000000000000000e+00
6.374070644378662109e-01 -4.663552939891815186e-01 -9.262982606887817383e-01 1.000000000000000000e+00
6.995697021484375000e-01 -3.424260914325714111e-01 -7.083800435066223145e-01 1.000000000000000000e+00
3.198822215199470520e-02 -2.927123606204986572e-01 -1.105441451072692871e+00 1.000000000000000000e+00
4.643976222723722458e-03 -1.356927752494812012e-01 -1.137710094451904297e+00 1.000000000000000000e+00
-2.017721533775329590e-02 -9.570363909006118774e-03 -1.176631093025207520e+00 1.000000000000000000e+00
-4.382225498557090759e-02 1.148967295885086060e-01 -1.201717734336853027e+00 1.000000000000000000e+00
-1.989167481660842896e-01 1.138936206698417664e-01 -9.560776948928833008e-01 1.000000000000000000e+00
-1.360996067523956299e-01 1.611932665109634399e-01 -9.748475551605224609e-01 1.000000000000000000e+00
-7.041327655315399170e-02 1.975830346345901489e-01 -9.836566448211669922e-01 1.000000000000000000e+00
5.153475329279899597e-03 1.891098916530609131e-01 -9.737248420715332031e-01 1.000000000000000000e+00
8.110246062278747559e-02 1.708728969097137451e-01 -9.530531764030456543e-01 0.000000000000000000e+00
-4.614380002021789551e-01 -4.052214622497558594e-01 -8.917042613029479980e-01 1.000000000000000000e+00
-3.640204370021820068e-01 -3.748157024383544922e-01 -9.947583675384521484e-01 1.000000000000000000e+00
-2.702448368072509766e-01 -3.553768992424011230e-01 -9.955207109451293945e-01 1.000000000000000000e+00
-1.791076660156250000e-01 -3.224356472492218018e-01 -9.537963867187500000e-01 1.000000000000000000e+00
-2.731376886367797852e-01 -3.144907653331756592e-01 -9.642621874809265137e-01 1.000000000000000000e+00
-3.753083944320678711e-01 -3.314602375030517578e-01 -9.559133052825927734e-01 1.000000000000000000e+00
2.236520349979400635e-01 -2.389269173145294189e-01 -9.523250460624694824e-01 1.000000000000000000e+00
3.242179751396179199e-01 -2.345704138278961182e-01 -9.906804561614990234e-01 1.000000000000000000e+00
4.203936755657196045e-01 -2.188342213630676270e-01 -9.846836328506469727e-01 1.000000000000000000e+00
5.175135731697082520e-01 -2.106644511222839355e-01 -8.776029944419860840e-01 1.000000000000000000e+00
4.085448980331420898e-01 -1.740926206111907959e-01 -9.453158974647521973e-01 1.000000000000000000e+00
3.080203235149383545e-01 -1.967795342206954956e-01 -9.578375816345214844e-01 1.000000000000000000e+00
-3.623265326023101807e-01 2.384798675775527954e-01 -7.350373268127441406e-01 1.000000000000000000e+00
-2.818334996700286865e-01 2.540347874164581299e-01 -8.587443828582763672e-01 1.000000000000000000e+00
-1.638296991586685181e-01 2.862639129161834717e-01 -9.260573983192443848e-01 1.000000000000000000e+00
-9.226207435131072998e-02 3.117406666278839111e-01 -9.312865734100341797e-01 1.000000000000000000e+00
-1.632887683808803558e-02 3.156422078609466553e-01 -9.252952337265014648e-01 1.000000000000000000e+00
9.576009958982467651e-02 3.282696604728698730e-01 -8.545477390289306641e-01 1.000000000000000000e+00
1.707433164119720459e-01 3.342314958572387695e-01 -7.300601601600646973e-01 1.000000000000000000e+00
7.648979872465133667e-02 4.116021692752838135e-01 -7.994874715805053711e-01 1.000000000000000000e+00
-4.230022057890892029e-02 4.451498985290527344e-01 -8.640376329421997070e-01 1.000000000000000000e+00
-1.222225502133369446e-01 4.396392405033111572e-01 -8.677428364753723145e-01 1.000000000000000000e+00
-1.988351792097091675e-01 4.167197644710540771e-01 -8.613187074661254883e-01 1.000000000000000000e+00
-3.050772249698638916e-01 3.438367247581481934e-01 -8.018549084663391113e-01 1.000000000000000000e+00
-3.580794334411621094e-01 2.404733598232269287e-01 -7.326485514640808105e-01 1.000000000000000000e+00
-1.718411892652511597e-01 3.137836158275604248e-01 -8.444171547889709473e-01 0.000000000000000000e+00
-9.905114024877548218e-02 3.289460837841033936e-01 -8.464177250862121582e-01 0.000000000000000000e+00
-2.641694806516170502e-02 3.423542976379394531e-01 -8.432546854019165039e-01 0.000000000000000000e+00
1.691688150167465210e-01 3.339701592922210693e-01 -7.306688427925109863e-01 1.000000000000000000e+00
-2.913432382047176361e-02 3.616130650043487549e-01 -8.467667698860168457e-01 1.000000000000000000e+00
-1.071902438998222351e-01 3.550250232219696045e-01 -8.600041270256042480e-01 1.000000000000000000e+00
-1.857684403657913208e-01 3.349848687648773193e-01 -8.458016514778137207e-01 1.000000000000000000e+00
