-7.111136317253112793e-01 -2.077314406633377075e-01
-6.886246204376220703e-01 -4.491920769214630127e-02
-6.236132383346557617e-01 1.216737553477287292e-01
-5.495035648345947266e-01 2.702261507511138916e-01
-4.657565951347351074e-01 4.083894193172454834e-01
-3.520103394985198975e-01 5.432935953140258789e-01
-2.127583622932434082e-01 6.628821492195129395e-01
-2.685431018471717834e-02 7.573118805885314941e-01
1.353073865175247192e-01 7.648927569389343262e-01
3.066703379154205322e-01 6.865966916084289551e-01
4.751926660537719727e-01 5.555749535560607910e-01
5.935781002044677734e-01 3.899210989475250244e-01
6.848539113998413086e-01 2.056972533464431763e-01
7.370371222496032715e-01 7.626269944012165070e-03
7.476453185081481934e-01 -1.888571530580520630e-01
7.176126837730407715e-01 -4.031089246273040771e-01
6.947636008262634277e-01 -5.993210077285766602e-01
-7.260684967041015625e-01 -3.083368539810180664e-01
-7.264417409896850586e-01 -4.533714056015014648e-01
-6.289601325988769531e-01 -4.985418319702148438e-01
-4.937637448310852051e-01 -5.021467804908752441e-01
-3.632218241691589355e-01 -4.836882650852203369e-01
-1.825480461120605469e-01 -5.331605076789855957e-01
-6.857874244451522827e-02 -6.120770573616027832e-01
8.788633346557617188e-02 -6.750301122665405273e-01
2.696897685527801514e-01 -7.015547752380371094e-01
4.342855811119079590e-01 -5.988536477088928223e-01
-2.390407770872116089e-01 -3.586494028568267822e-01
-2.226684093475341797e-01 -2.320867180824279785e-01
-2.174364924430847168e-01 -1.318588405847549438e-01
-2.053534686565399170e-01 -3.194561228156089783e-02
-2.581033408641815186e-01 6.681374460458755493e-02
-1.933241486549377441e-01 8.134396374225616455e-02
-1.295660883188247681e-01 8.368842303752899170e-02
-6.614233553409576416e-02 4.988016188144683838e-02
-7.495083846151828766e-04 4.620060790330171585e-03
-6.166386008262634277e-01 -2.235581278800964355e-01
-5.549364686012268066e-01 -2.405537515878677368e-01
-4.758415520191192627e-01 -2.623857259750366211e-01
-3.800756037235260010e-01 -2.768197953701019287e-01
-4.619295299053192139e-01 -2.364983260631561279e-01
-5.445306301116943359e-01 -2.098472565412521362e-01
-8.512743748724460602e-03 -3.654485344886779785e-01
6.846406310796737671e-02 -3.938234150409698486e-01
1.516054570674896240e-01 -4.130652248859405518e-01
2.670651972293853760e-01 -4.402236938476562500e-01
1.647185683250427246e-01 -3.816668093204498291e-01
7.493297010660171509e-02 -3.653151392936706543e-01
-2.402810752391815186e-01 3.342613577842712402e-01
-2.323794364929199219e-01 2.627377808094024658e-01
-1.522688418626785278e-01 2.252794653177261353e-01
-8.861649036407470703e-02 2.162035256624221802e-01
-2.219633944332599640e-02 1.930777132511138916e-01
1.100654080510139465e-01 1.802340447902679443e-01
2.452255040407180786e-01 2.209699451923370361e-01
1.945944428443908691e-01 3.516845703125000000e-01
9.153942018747329712e-02 4.217334091663360596e-01
1.887186244130134583e-02 4.482886195182800293e-01
-5.667825043201446533e-02 4.534965753555297852e-01
-1.596976071596145630e-01 4.307112991809844971e-01
-2.323194295167922974e-01 3.354786932468414307e-01
-1.175391972064971924e-01 2.621995806694030762e-01
-5.675722658634185791e-02 2.447309345006942749e-01
8.908468298614025116e-03 2.312739342451095581e-01
2.428226917982101440e-01 2.207011878490447998e-01
8.126209676265716553e-02 3.471587896347045898e-01
1.196905318647623062e-02 3.657186627388000488e-01
-5.899791792035102844e-02 3.777393102645874023e-01
