-6.953333020210266113e-01 -2.618876397609710693e-01 3.949210345745086670e-01 0.000000000000000000e+00
-6.136547327041625977e-01 -8.388254046440124512e-02 4.252182841300964355e-01 0.000000000000000000e+00
-5.215760469436645508e-01 1.171541959047317505e-01 4.458022415637969971e-01 0.000000000000000000e+00
-4.434420764446258545e-01 2.946016192436218262e-01 3.867753744125366211e-01 0.000000000000000000e+00
-3.685549497604370117e-01 4.610025286674499512e-01 2.591918408870697021e-01 0.000000000000000000e+00
-2.895295321941375732e-01 5.996261835098266602e-01 7.182507216930389404e-02 0.000000000000000000e+00
-1.609935760498046875e-01 7.001027464866638184e-01 -7.184141129255294800e-02 1.000000000000000000e+00
-1.462357025593519211e-02 7.582336664199829102e-01 -2.398644685745239258e-01 1.000000000000000000e+00
1.625511050224304199e-01 7.618172764778137207e-01 -2.933449149131774902e-01 1.000000000000000000e+00
3.063954412937164307e-01 6.870065331459045410e-01 -3.168027102947235107e-01 1.000000000000000000e+00
4.745184481143951416e-01 5.560724139213562012e-01 -2.387018650770187378e-01 1.000000000000000000e+00
5.932799577713012695e-01 3.917133808135986328e-01 -1.737477332353591919e-01 1.000000000000000000e+00
6.850393414497375488e-01 2.078930437564849854e-01 -4.866262897849082947e-02 1.000000000000000000e+00
7.371762394905090332e-01 1.048726215958595276e-02 3.202041611075401306e-02 1.000000000000000000e+00
7.496212720870971680e-01 -1.860697716474533081e-01 5.308908969163894653e-02 1.000000000000000000e+00
7.189512848854064941e-01 -4.038726985454559326e-01 3.611454449128359556e-04 1.000000000000000000e+00
6.961558461189270020e-01 -5.983641147613525391e-01 -4.550078138709068298e-02 1.000000000000000000e+00
-7.260684967041015625e-01 -3.083368539810180664e-01 -9.856303781270980835e-02 1.000000000000000000e+00
-7.264417409896850586e-01 -4.533714056015014648e-01 -2.910899519920349121e-01 1.000000000000000000e+00
-6.289601325988769531e-01 -4.985418319702148438e-01 -4.626249372959136963e-01 1.000000000000000000e+00
-4.937637448310852051e-01 -5.021467804908752441e-01 -5.671810507774353027e-01 1.000000000000000000e+00
-3.632218241691589355e-01 -4.836882650852203369e-01 -6.178476810455322266e-01 1.000000000000000000e+00
-1.825480461120605469e-01 -5.331605076789855957e-01 -6.760272979736328125e-01 1.000000000000000000e+00
-6.857874244451522827e-02 -6.120770573616027832e-01 -7.030133008956909180e-01 1.000000000000000000e+00
8.788633346557617188e-02 -6.750301122665405273e-01 -6.911906003952026367e-01 1.000000000000000000e+00
2.696897685527801514e-01 -7.015547752380371094e-01 -6.027678847312927246e-01 1.000000000000000000e+00
4.342855811119079590e-01 -5.988536477088928223e-01 -4.610433578491210938e-01 1.000000000000000000e+00
-2.390407770872116089e-01 -3.586494028568267822e-01 -6.491463780403137207e-01 1.000000000000000000e+00
-2.226684093475341797e-01 -2.320867180824279785e-01 -7.041229009628295898e-01 1.000000000000000000e+00
-2.174364924430847168e-01 -1.318588405847549438e-01 -7.651797533035278320e-01 1.000000000000000000e+00
-2.053534686565399170e-01 -3.194561228156089783e-02 -8.070747852325439453e-01 1.000000000000000000e+00
-2.581033408641815186e-01 6.681374460458755493e-02 -5.712585449218750000e-01 1.000000000000000000e+00
-1.933241486549377441e-01 8.134396374225616455e-02 -6.147133708000183105e-01 1.000000000000000000e+00
-1.295660883188247681e-01 8.368842303752899170e-02 -6.477506756782531738e-01 1.000000000000000000e+00
-6.614233553409576416e-02 4.988016188144683838e-02 -6.557054519653320312e-01 1.000000000000000000e+00
-7.495083846151828766e-04 4.620060790330171585e-03 -6.544711589813232422e-01 1.000000000000000000e+00
-6.166386008262634277e-01 -2.235581278800964355e-01 -3.179667592048645020e-01 1.000000000000000000e+00
-5.549364686012268066e-01 -2.405537515878677368e-01 -4.367445707321166992e-01 1.000000000000000000e+00
-4.758415520191192627e-01 -2.623857259750366211e-01 -4.645592272281646729e-01 1.000000000000000000e+00
-3.800756037235260010e-01 -2.768197953701019287e-01 -4.649070799350738525e-01 1.000000000000000000e+00
-4.619295299053192139e-01 -2.364983260631561279e-01 -4.532074332237243652e-01 1.000000000000000000e+00
-5.445306301116943359e-01 -2.098472565412521362e-01 -4.171047508716583252e-01 1.000000000000000000e+00
-8.512743748724460602e-03 -3.654485344886779785e-01 -5.868804454803466797e-01 1.000000000000000000e+00
6.846406310796737671e-02 -3.938234150409698486e-01 -6.408803462982177734e-01 1.000000000000000000e+00
1.516054570674896240e-01 -4.130652248859405518e-01 -6.631485819816589355e-01 1.000000000000000000e+00
2.670651972293853760e-01 -4.402236938476562500e-01 -6.024229526519775391e-01 1.000000000000000000e+00
1.647185683250427246e-01 -3.816668093204498291e-01 -6.457541584968566895e-01 1.000000000000000000e+00
7.493297010660171509e-02 -3.653151392936706543e-01 -6.257688403129577637e-01 1.000000000000000000e+00
-2.402810752391815186e-01 3.342613577842712402e-01 -3.644365370273590088e-01 1.000000000000000000e+00
-2.323794364929199219e-01 2.627377808094024658e-01 -5.032456517219543457e-01 1.000000000000000000e+00
-1.522688418626785278e-01 2.252794653177261353e-01 -6.063877940177917480e-01 1.000000000000000000e+00
-8.861649036407470703e-02 2.162035256624221802e-01 -6.348120570182800293e-01 1.000000000000000000e+00
-2.219633944332599640e-02 1.930777132511138916e-01 -6.470637321472167969e-01 1.000000000000000000e+00
1.100654080510139465e-01 1.802340447902679443e-01 -6.068066358566284180e-01 1.000000000000000000e+00
2.452255040407180786e-01 2.209699451923370361e-01 -4.964639246463775635e-01 1.000000000000000000e+00
1.945944428443908691e-01 3.516845703125000000e-01 -5.375407934188842773e-01 1.000000000000000000e+00
9.153942018747329712e-02 4.217334091663360596e-01 -5.769329071044921875e-01 1.000000000000000000e+00
1.887186244130134583e-02 4.482886195182800293e-01 -5.646293163299560547e-01 1.000000000000000000e+00
-5.667825043201446533e-02 4.534965753555297852e-01 -5.381044149398803711e-01 1.000000000000000000e+00
-1.596976071596145630e-01 4.307112991809844971e-01 -4.524710178375244141e-01 1.000000000000000000e+00
-2.323194295167922974e-01 3.354786932468414307e-01 -3.612087368965148926e-01 1.000000000000000000e+00
-1.175391972064971924e-01 2.621995806694030762e-01 -5.303924083709716797e-01 0.000000000000000000e+00
-5.675722658634185791e-02 2.447309345006942749e-01 -5.554252266883850098e-01 1.000000000000000000e+00
8.908468298614025116e-03 2.312739342451095581e-01 -5.700505971908569336e-01 0.000000000000000000e+00
2.428226917982101440e-01 2.207011878490447998e-01 -4.964120686054229736e-01 1.000000000000000000e+00
8.126209676265716553e-02 3.471587896347045898e-01 -5.375121235847473145e-01 1.000000000000000000e+00
1.196905318647623062e-02 3.657186627388000488e-01 -5.294716358184814453e-01 1.000000000000000000e+00
-5.899791792035102844e-02 3.777393102645874023e-01 -5.026147365570068359e-01 1.000000000000000000e+00
