-7.246867418289184570e-01 -1.516837030649185181e-01
-6.908786296844482422e-01 2.074006199836730957e-02
-6.128429770469665527e-01 1.837390959262847900e-01
-5.323558449745178223e-01 3.246986865997314453e-01
-4.440344274044036865e-01 4.620626866817474365e-01
-3.333362340927124023e-01 5.909652113914489746e-01
-1.918629109859466553e-01 6.851550936698913574e-01
-1.383082661777734756e-02 7.507272362709045410e-01
1.455713659524917603e-01 7.380107641220092773e-01
3.159447312355041504e-01 6.567323803901672363e-01
4.806919693946838379e-01 5.317811369895935059e-01
6.022702455520629883e-01 3.802433013916015625e-01
6.913952231407165527e-01 1.975883394479751587e-01
7.361408472061157227e-01 -5.535653326660394669e-03
7.416986823081970215e-01 -2.035164237022399902e-01
7.057347893714904785e-01 -4.123911261558532715e-01
6.772158741950988770e-01 -6.097336411476135254e-01
-7.459247708320617676e-01 -2.536949217319488525e-01
-7.523469924926757812e-01 -4.105285704135894775e-01
-6.569167375564575195e-01 -4.596280157566070557e-01
-5.172798633575439453e-01 -4.670003056526184082e-01
-3.825230896472930908e-01 -4.512299001216888428e-01
-1.922815889120101929e-01 -5.077707767486572266e-01
-7.800863683223724365e-02 -5.951625704765319824e-01
7.971011847257614136e-02 -6.711978912353515625e-01
2.580659985542297363e-01 -7.019900083541870117e-01
4.262794554233551025e-01 -5.901649594306945801e-01
-2.452369630336761475e-01 -3.231613636016845703e-01
-2.224036455154418945e-01 -1.878622323274612427e-01
-2.125335633754730225e-01 -8.419539779424667358e-02
-1.965297907590866089e-01 2.041074819862842560e-02
-2.345151156187057495e-01 1.356653422117233276e-01
-1.760960221290588379e-01 1.452135145664215088e-01
-1.166003271937370300e-01 1.498214900493621826e-01
-5.806797742843627930e-02 1.131460368633270264e-01
4.168324521742761135e-04 7.117767632007598877e-02
-6.343712210655212402e-01 -1.866456717252731323e-01
-5.826588273048400879e-01 -2.341449707746505737e-01
-4.952720403671264648e-01 -2.555248737335205078e-01
-3.930872380733489990e-01 -2.435226440429687500e-01
-4.672884941101074219e-01 -1.949970424175262451e-01
-5.533997416496276855e-01 -1.654272824525833130e-01
-9.873948991298675537e-03 -3.480616211891174316e-01
5.214990675449371338e-02 -4.138928949832916260e-01
1.431688666343688965e-01 -4.455505609512329102e-01
2.671360373497009277e-01 -4.409474432468414307e-01
1.679022610187530518e-01 -3.655606508255004883e-01
7.352588325738906860e-02 -3.432470262050628662e-01
-2.222785651683807373e-01 4.018499851226806641e-01
-2.027117609977722168e-01 3.503704667091369629e-01
-1.317066699266433716e-01 3.101716935634613037e-01
-7.421571016311645508e-02 3.011834919452667236e-01
-1.519393455237150192e-02 2.776038944721221924e-01
9.888978302478790283e-02 2.663732767105102539e-01
2.102422118186950684e-01 2.768214941024780273e-01
1.560341566801071167e-01 3.559939563274383545e-01
6.138598546385765076e-02 4.173491299152374268e-01
-1.725918147712945938e-03 4.429704248905181885e-01
-6.748576462268829346e-02 4.540560841560363770e-01
-1.566455513238906860e-01 4.459888041019439697e-01
-2.156693190336227417e-01 4.005308151245117188e-01
-9.816354513168334961e-02 3.605253994464874268e-01
-4.265058785676956177e-02 3.449122905731201172e-01
1.596160605549812317e-02 3.287733197212219238e-01
2.078260481357574463e-01 2.772398591041564941e-01
4.359571263194084167e-02 3.452151715755462646e-01
-1.960597373545169830e-02 3.650956749916076660e-01
-8.086193352937698364e-02 3.817785680294036865e-01
