-7.183049917221069336e-01 -2.106807082891464233e-01 3.693264126777648926e-01 1.000000000000000000e+00
-6.289295554161071777e-01 -3.276409208774566650e-02 4.022383689880371094e-01 0.000000000000000000e+00
-5.260433554649353027e-01 1.664386689662933350e-01 4.250966608524322510e-01 0.000000000000000000e+00
-4.338644742965698242e-01 3.411016464233398438e-01 3.615384399890899658e-01 0.000000000000000000e+00
-3.496339917182922363e-01 5.071349143981933594e-01 2.251309305429458618e-01 0.000000000000000000e+00
-2.656322717666625977e-01 6.390703916549682617e-01 2.089174091815948486e-02 0.000000000000000000e+00
-1.372841000556945801e-01 7.131019234657287598e-01 -1.415819823741912842e-01 1.000000000000000000e+00
5.685020587407052517e-04 7.532042264938354492e-01 -3.271135091781616211e-01 1.000000000000000000e+00
1.758822351694107056e-01 7.370947599411010742e-01 -3.883625864982604980e-01 1.000000000000000000e+00
3.157928287982940674e-01 6.575375795364379883e-01 -4.146713018417358398e-01 1.000000000000000000e+00
4.794584810733795166e-01 5.326789617538452148e-01 -3.189236521720886230e-01 1.000000000000000000e+00
6.015892028808593750e-01 3.832251131534576416e-01 -2.341511100530624390e-01 1.000000000000000000e+00
6.915959119796752930e-01 2.011594176292419434e-01 -8.442856371402740479e-02 1.000000000000000000e+00
7.366794943809509277e-01 -8.843877003528177738e-05 1.107693091034889221e-02 1.000000000000000000e+00
7.461420297622680664e-01 -1.978873759508132935e-01 3.750137612223625183e-02 1.000000000000000000e+00
7.084838151931762695e-01 -4.136472046375274658e-01 -1.462769880890846252e-02 1.000000000000000000e+00
6.801022291183471680e-01 -6.083899736404418945e-01 -6.140946224331855774e-02 1.000000000000000000e+00
-7.459247708320617676e-01 -2.536949217319488525e-01 -1.301825493574142456e-01 1.000000000000000000e+00
-7.523469924926757812e-01 -4.105285704135894775e-01 -3.274322152137756348e-01 1.000000000000000000e+00
-6.569167375564575195e-01 -4.596280157566070557e-01 -5.017352700233459473e-01 1.000000000000000000e+00
-5.172798633575439453e-01 -4.670003056526184082e-01 -6.084021925926208496e-01 1.000000000000000000e+00
-3.825230896472930908e-01 -4.512299001216888428e-01 -6.593937277793884277e-01 1.000000000000000000e+00
-1.922815889120101929e-01 -5.077707767486572266e-01 -7.187099456787109375e-01 1.000000000000000000e+00
-7.800863683223724365e-02 -5.951625704765319824e-01 -7.442802786827087402e-01 1.000000000000000000e+00
7.971011847257614136e-02 -6.711978912353515625e-01 -7.258738875389099121e-01 1.000000000000000000e+00
2.580659985542297363e-01 -7.019900083541870117e-01 -6.310293078422546387e-01 1.000000000000000000e+00
4.262794554233551025e-01 -5.901649594306945801e-01 -4.844064712524414062e-01 1.000000000000000000e+00
-2.452369630336761475e-01 -3.231613636016845703e-01 -6.893844008445739746e-01 1.000000000000000000e+00
-2.224036455154418945e-01 -1.878622323274612427e-01 -7.464820146560668945e-01 1.000000000000000000e+00
-2.125335633754730225e-01 -8.419539779424667358e-02 -8.061093091964721680e-01 1.000000000000000000e+00
-1.965297907590866089e-01 2.041074819862842560e-02 -8.481160402297973633e-01 1.000000000000000000e+00
-2.345151156187057495e-01 1.356653422117233276e-01 -6.149862408638000488e-01 1.000000000000000000e+00
-1.760960221290588379e-01 1.452135145664215088e-01 -6.579695940017700195e-01 1.000000000000000000e+00
-1.166003271937370300e-01 1.498214900493621826e-01 -6.928765177726745605e-01 1.000000000000000000e+00
-5.806797742843627930e-02 1.131460368633270264e-01 -6.954789757728576660e-01 1.000000000000000000e+00
4.168324521742761135e-04 7.117767632007598877e-02 -6.890118718147277832e-01 1.000000000000000000e+00
-6.343712210655212402e-01 -1.866456717252731323e-01 -3.464741110801696777e-01 1.000000000000000000e+00
-5.826588273048400879e-01 -2.341449707746505737e-01 -4.690015316009521484e-01 1.000000000000000000e+00
-4.952720403671264648e-01 -2.555248737335205078e-01 -5.013977885246276855e-01 1.000000000000000000e+00
-3.930872380733489990e-01 -2.435226440429687500e-01 -4.952301681041717529e-01 1.000000000000000000e+00
-4.672884941101074219e-01 -1.949970424175262451e-01 -4.812476634979248047e-01 1.000000000000000000e+00
-5.533997416496276855e-01 -1.654272824525833130e-01 -4.440349340438842773e-01 1.000000000000000000e+00
-9.873948991298675537e-03 -3.480616211891174316e-01 -6.170338392257690430e-01 1.000000000000000000e+00
5.214990675449371338e-02 -4.138928949832916260e-01 -6.755666136741638184e-01 1.000000000000000000e+00
1.431688666343688965e-01 -4.455505609512329102e-01 -6.965183019638061523e-01 1.000000000000000000e+00
2.671360373497009277e-01 -4.409474432468414307e-01 -6.249455213546752930e-01 1.000000000000000000e+00
1.679022610187530518e-01 -3.655606508255004883e-01 -6.666506528854370117e-01 1.000000000000000000e+00
7.352588325738906860e-02 -3.432470262050628662e-01 -6.494537591934204102e-01 1.000000000000000000e+00
-2.222785651683807373e-01 4.018499851226806641e-01 -4.732135534286499023e-01 1.000000000000000000e+00
-2.027117609977722168e-01 3.503704667091369629e-01 -5.909881591796875000e-01 1.000000000000000000e+00
-1.317066699266433716e-01 3.101716935634613037e-01 -6.744171977043151855e-01 1.000000000000000000e+00
-7.421571016311645508e-02 3.011834919452667236e-01 -6.997898221015930176e-01 1.000000000000000000e+00
-1.519393455237150192e-02 2.776038944721221924e-01 -7.111957073211669922e-01 1.000000000000000000e+00
9.888978302478790283e-02 2.663732767105102539e-01 -6.833167672157287598e-01 1.000000000000000000e+00
2.102422118186950684e-01 2.768214941024780273e-01 -6.014809012413024902e-01 1.000000000000000000e+00
1.560341566801071167e-01 3.559939563274383545e-01 -6.432484984397888184e-01 1.000000000000000000e+00
6.138598546385765076e-02 4.173491299152374268e-01 -6.715849637985229492e-01 1.000000000000000000e+00
-1.725918147712945938e-03 4.429704248905181885e-01 -6.575398445129394531e-01 1.000000000000000000e+00
-6.748576462268829346e-02 4.540560841560363770e-01 -6.319407820701599121e-01 1.000000000000000000e+00
-1.566455513238906860e-01 4.459888041019439697e-01 -5.544638037681579590e-01 1.000000000000000000e+00
-2.156693190336227417e-01 4.005308151245117188e-01 -4.720383286476135254e-01 1.000000000000000000e+00
-9.816354513168334961e-02 3.605253994464874268e-01 -6.148352026939392090e-01 1.000000000000000000e+00
-4.265058785676956177e-02 3.449122905731201172e-01 -6.373319029808044434e-01 1.000000000000000000e+00
1.596160605549812317e-02 3.287733197212219238e-01 -6.490951776504516602e-01 1.000000000000000000e+00
2.078260481357574463e-01 2.772398591041564941e-01 -6.009953022003173828e-01 1.000000000000000000e+00
4.359571263194084167e-02 3.452151715755462646e-01 -6.534965634346008301e-01 1.000000000000000000e+00
-1.960597373545169830e-02 3.650956749916076660e-01 -6.414759159088134766e-01 1.000000000000000000e+00
-8.086193352937698364e-02 3.817785680294036865e-01 -6.167665719985961914e-01 1.000000000000000000e+00
