-7.092693448066711426e-01 -1.876113116741180420e-01
-6.771809458732604980e-01 -1.431633438915014267e-02
-5.978894233703613281e-01 1.477651447057723999e-01
-5.148719549179077148e-01 2.869587540626525879e-01
-4.329122304916381836e-01 4.238059222698211670e-01
-3.253721594810485840e-01 5.527226328849792480e-01
-1.904588937759399414e-01 6.513054370880126953e-01
-1.922966167330741882e-02 7.236984372138977051e-01
1.368374377489089966e-01 7.168048024177551270e-01
3.038891255855560303e-01 6.389846801757812500e-01
4.679426550865173340e-01 5.164509415626525879e-01
5.896971225738525391e-01 3.670579493045806885e-01
6.822031736373901367e-01 1.847254931926727295e-01
7.354129552841186523e-01 -1.491260994225740433e-02
7.444902062416076660e-01 -2.109324783086776733e-01
7.093657255172729492e-01 -4.230684041976928711e-01
6.816169619560241699e-01 -6.162893772125244141e-01
-7.319343090057373047e-01 -2.895466387271881104e-01
-7.400847077369689941e-01 -4.354649484157562256e-01
-6.476680040359497070e-01 -4.782342314720153809e-01
-5.127430558204650879e-01 -4.813586473464965820e-01
-3.833376765251159668e-01 -4.662924408912658691e-01
-1.994467824697494507e-01 -5.175057053565979004e-01
-8.664474636316299438e-02 -5.968770980834960938e-01
7.038062810897827148e-02 -6.676585674285888672e-01
2.497749775648117065e-01 -6.983354091644287109e-01
4.182663559913635254e-01 -5.938941836357116699e-01
-2.534033358097076416e-01 -3.419000208377838135e-01
-2.344243973493576050e-01 -2.081318348646163940e-01
-2.283085882663726807e-01 -1.071784794330596924e-01
-2.154086828231811523e-01 -4.747249186038970947e-03
-2.413045912981033325e-01 1.116830855607986450e-01
-1.872916072607040405e-01 1.233362182974815369e-01
-1.325735747814178467e-01 1.314517557621002197e-01
-7.742978632450103760e-02 9.640138596296310425e-02
-2.077706344425678253e-02 5.692644044756889343e-02
-6.221636533737182617e-01 -2.030547261238098145e-01
-5.630686879158020020e-01 -2.200996577739715576e-01
-4.840367734432220459e-01 -2.434689998626708984e-01
-3.895304799079895020e-01 -2.583944201469421387e-01
-4.668909907341003418e-01 -2.148912549018859863e-01
-5.506755113601684570e-01 -1.862922757863998413e-01
-1.808618754148483276e-02 -3.518750667572021484e-01
5.608020722866058350e-02 -3.834623694419860840e-01
1.402688473463058472e-01 -4.035698175430297852e-01
2.557238638401031494e-01 -4.304479956626892090e-01
1.561080217361450195e-01 -3.675440251827239990e-01
6.342132389545440674e-02 -3.496288359165191650e-01
-2.214767485857009888e-01 3.836605250835418701e-01
-2.045897394418716431e-01 3.406422436237335205e-01
-1.390900015830993652e-01 3.070358932018280029e-01
-8.515323698520660400e-02 3.010986447334289551e-01
-2.867222763597965240e-02 2.787815332412719727e-01
8.294883370399475098e-02 2.665033042430877686e-01
1.983896195888519287e-01 2.689461112022399902e-01
1.493643969297409058e-01 3.489055633544921875e-01
5.780000984668731689e-02 4.101589918136596680e-01
-3.813333343714475632e-03 4.353555738925933838e-01
-6.892437487840652466e-02 4.439416229724884033e-01
-1.548920571804046631e-01 4.320490062236785889e-01
-2.148539423942565918e-01 3.830722868442535400e-01
-1.050963699817657471e-01 3.554840683937072754e-01
-5.145780369639396667e-02 3.433406054973602295e-01
5.558147560805082321e-03 3.272795677185058594e-01
1.961018741130828857e-01 2.695777714252471924e-01
4.057490080595016479e-02 3.352878987789154053e-01
-2.105488814413547516e-02 3.536669611930847168e-01
-8.235464990139007568e-02 3.695505559444427490e-01
