-6.954383254051208496e-01 -2.581067085266113281e-01 3.661776781082153320e-01 0.000000000000000000e+00
-6.084527969360351562e-01 -8.079110831022262573e-02 4.020115137100219727e-01 0.000000000000000000e+00
-5.085974931716918945e-01 1.186793223023414612e-01 4.277975261211395264e-01 0.000000000000000000e+00
-4.202598035335540771e-01 2.949501574039459229e-01 3.683065772056579590e-01 0.000000000000000000e+00
-3.389469683170318604e-01 4.621361792087554932e-01 2.350667119026184082e-01 0.000000000000000000e+00
-2.605437934398651123e-01 6.001164317131042480e-01 3.639868646860122681e-02 0.000000000000000000e+00
-1.378048509359359741e-01 6.799516677856445312e-01 -1.254636347293853760e-01 1.000000000000000000e+00
-4.839654546231031418e-03 7.244512438774108887e-01 -3.102793097496032715e-01 1.000000000000000000e+00
1.665326356887817383e-01 7.140957713127136230e-01 -3.732885718345642090e-01 1.000000000000000000e+00
3.037958443164825439e-01 6.391514539718627930e-01 -4.029435813426971436e-01 1.000000000000000000e+00
4.676682949066162109e-01 5.166020393371582031e-01 -3.135642111301422119e-01 1.000000000000000000e+00
5.895898342132568359e-01 3.676453530788421631e-01 -2.350072562694549561e-01 1.000000000000000000e+00
6.823082566261291504e-01 1.853888928890228271e-01 -9.614048153162002563e-02 1.000000000000000000e+00
7.354933619499206543e-01 -1.381695643067359924e-02 -1.029239967465400696e-02 1.000000000000000000e+00
7.454063892364501953e-01 -2.098009586334228516e-01 8.098780177533626556e-03 1.000000000000000000e+00
7.099047303199768066e-01 -4.233544170856475830e-01 -4.900969564914703369e-02 1.000000000000000000e+00
6.821369528770446777e-01 -6.159423589706420898e-01 -1.000688299536705017e-01 1.000000000000000000e+00
-7.319343090057373047e-01 -2.895466387271881104e-01 -1.296327710151672363e-01 1.000000000000000000e+00
-7.400847077369689941e-01 -4.354649484157562256e-01 -3.309364616870880127e-01 1.000000000000000000e+00
-6.476680040359497070e-01 -4.782342314720153809e-01 -5.056855082511901855e-01 1.000000000000000000e+00
-5.127430558204650879e-01 -4.813586473464965820e-01 -6.138333678245544434e-01 1.000000000000000000e+00
-3.833376765251159668e-01 -4.662924408912658691e-01 -6.655277013778686523e-01 1.000000000000000000e+00
-1.994467824697494507e-01 -5.175057053565979004e-01 -7.287285327911376953e-01 1.000000000000000000e+00
-8.664474636316299438e-02 -5.968770980834960938e-01 -7.578760385513305664e-01 1.000000000000000000e+00
7.038062810897827148e-02 -6.676585674285888672e-01 -7.475598454475402832e-01 1.000000000000000000e+00
2.497749775648117065e-01 -6.983354091644287109e-01 -6.600368618965148926e-01 1.000000000000000000e+00
4.182663559913635254e-01 -5.938941836357116699e-01 -5.139470696449279785e-01 1.000000000000000000e+00
-2.534033358097076416e-01 -3.419000208377838135e-01 -6.960848569869995117e-01 1.000000000000000000e+00
-2.344243973493576050e-01 -2.081318348646163940e-01 -7.508471608161926270e-01 1.000000000000000000e+00
-2.283085882663726807e-01 -1.071784794330596924e-01 -8.093646168708801270e-01 1.000000000000000000e+00
-2.154086828231811523e-01 -4.747249186038970947e-03 -8.488022685050964355e-01 1.000000000000000000e+00
-2.413045912981033325e-01 1.116830855607986450e-01 -6.161931753158569336e-01 1.000000000000000000e+00
-1.872916072607040405e-01 1.233362182974815369e-01 -6.596456170082092285e-01 1.000000000000000000e+00
-1.325735747814178467e-01 1.314517557621002197e-01 -6.951006054878234863e-01 1.000000000000000000e+00
-7.742978632450103760e-02 9.640138596296310425e-02 -6.988784670829772949e-01 1.000000000000000000e+00
-2.077706344425678253e-02 5.692644044756889343e-02 -6.939469575881958008e-01 1.000000000000000000e+00
-6.221636533737182617e-01 -2.030547261238098145e-01 -3.470676243305206299e-01 1.000000000000000000e+00
-5.630686879158020020e-01 -2.200996577739715576e-01 -4.668174088001251221e-01 1.000000000000000000e+00
-4.840367734432220459e-01 -2.434689998626708984e-01 -4.969490468502044678e-01 1.000000000000000000e+00
-3.895304799079895020e-01 -2.583944201469421387e-01 -4.985604584217071533e-01 1.000000000000000000e+00
-4.668909907341003418e-01 -2.148912549018859863e-01 -4.840754866600036621e-01 1.000000000000000000e+00
-5.506755113601684570e-01 -1.862922757863998413e-01 -4.447404444217681885e-01 1.000000000000000000e+00
-1.808618754148483276e-02 -3.518750667572021484e-01 -6.281490325927734375e-01 1.000000000000000000e+00
5.608020722866058350e-02 -3.834623694419860840e-01 -6.841450929641723633e-01 1.000000000000000000e+00
1.402688473463058472e-01 -4.035698175430297852e-01 -7.074865698814392090e-01 1.000000000000000000e+00
2.557238638401031494e-01 -4.304479956626892090e-01 -6.472079753875732422e-01 1.000000000000000000e+00
1.561080217361450195e-01 -3.675440251827239990e-01 -6.856105327606201172e-01 1.000000000000000000e+00
6.342132389545440674e-02 -3.496288359165191650e-01 -6.649652719497680664e-01 1.000000000000000000e+00
-2.214767485857009888e-01 3.836605250835418701e-01 -4.676802754402160645e-01 1.000000000000000000e+00
-2.045897394418716431e-01 3.406422436237335205e-01 -5.839419960975646973e-01 1.000000000000000000e+00
-1.390900015830993652e-01 3.070358932018280029e-01 -6.689414978027343750e-01 1.000000000000000000e+00
-8.515323698520660400e-02 3.010986447334289551e-01 -6.953331232070922852e-01 1.000000000000000000e+00
-2.867222763597965240e-02 2.787815332412719727e-01 -7.067084908485412598e-01 1.000000000000000000e+00
8.294883370399475098e-02 2.665033042430877686e-01 -6.781799793243408203e-01 1.000000000000000000e+00
1.983896195888519287e-01 2.689461112022399902e-01 -6.001440286636352539e-01 1.000000000000000000e+00
1.493643969297409058e-01 3.489055633544921875e-01 -6.358084082603454590e-01 1.000000000000000000e+00
5.780000984668731689e-02 4.101589918136596680e-01 -6.633017659187316895e-01 1.000000000000000000e+00
-3.813333343714475632e-03 4.353555738925933838e-01 -6.473510861396789551e-01 1.000000000000000000e+00
-6.892437487840652466e-02 4.439416229724884033e-01 -6.210591793060302734e-01 1.000000000000000000e+00
-1.548920571804046631e-01 4.320490062236785889e-01 -5.449042916297912598e-01 1.000000000000000000e+00
-2.148539423942565918e-01 3.830722868442535400e-01 -4.668671190738677979e-01 1.000000000000000000e+00
-1.050963699817657471e-01 3.554840683937072754e-01 -6.061266064643859863e-01 0.000000000000000000e+00
-5.145780369639396667e-02 3.433406054973602295e-01 -6.311599612236022949e-01 1.000000000000000000e+00
5.558147560805082321e-03 3.272795677185058594e-01 -6.419852972030639648e-01 0.000000000000000000e+00
1.961018741130828857e-01 2.695777714252471924e-01 -5.999786257743835449e-01 1.000000000000000000e+00
4.057490080595016479e-02 3.352878987789154053e-01 -6.473111510276794434e-01 1.000000000000000000e+00
-2.105488814413547516e-02 3.536669611930847168e-01 -6.339284777641296387e-01 1.000000000000000000e+00
-8.235464990139007568e-02 3.695505559444427490e-01 -6.094547510147094727e-01 1.000000000000000000e+00
