-5.373935103416442871e-01 -6.355893611907958984e-01
-6.225250363349914551e-01 -4.491305649280548096e-01
-6.769760251045227051e-01 -2.738648653030395508e-01
-7.211602330207824707e-01 -1.294009387493133545e-01
-7.557682991027832031e-01 3.918886929750442505e-02
-7.547577619552612305e-01 2.168172895908355713e-01
-6.991103887557983398e-01 4.088304042816162109e-01
-5.928229093551635742e-01 5.992399454116821289e-01
-4.579936265945434570e-01 7.070497274398803711e-01
-2.805724740028381348e-01 7.498959898948669434e-01
-6.259212642908096313e-02 7.442042231559753418e-01
1.366059780120849609e-01 6.894581317901611328e-01
3.030645251274108887e-01 5.863614678382873535e-01
4.606166183948516846e-01 4.432261884212493896e-01
5.785296559333801270e-01 2.968045771121978760e-01
6.927189230918884277e-01 1.354383975267410278e-01
7.973957061767578125e-01 -2.134562097489833832e-02
-4.651910960674285889e-01 -6.593040823936462402e-01
-3.488251864910125732e-01 -7.368050217628479004e-01
-2.304420173168182373e-01 -6.765705347061157227e-01
-1.141424253582954407e-01 -5.725688934326171875e-01
-2.058316208422183990e-02 -4.663545191287994385e-01
1.568973213434219360e-01 -3.769657909870147705e-01
2.992812991142272949e-01 -3.608044683933258057e-01
4.601707458496093750e-01 -3.154900670051574707e-01
6.038313508033752441e-01 -2.417103201150894165e-01
6.451370716094970703e-01 -8.575563877820968628e-02
-4.671444650739431381e-03 -2.810876071453094482e-01
-7.495167106389999390e-02 -1.529152691364288330e-01
-1.359078884124755859e-01 -5.080921947956085205e-02
-1.941122114658355713e-01 5.267341434955596924e-02
-3.182904720306396484e-01 4.353550449013710022e-02
-2.746748924255371094e-01 1.022112593054771423e-01
-2.246376723051071167e-01 1.529707610607147217e-01
-1.513531208038330078e-01 1.669764816761016846e-01
-7.394031435251235962e-02 1.733062118291854858e-01
-4.024638533592224121e-01 -4.903530478477478027e-01
-3.258295059204101562e-01 -4.606487751007080078e-01
-2.443152815103530884e-01 -4.153229594230651855e-01
-1.713328957557678223e-01 -3.474409282207489014e-01
-2.618269026279449463e-01 -3.640739321708679199e-01
-3.483642339706420898e-01 -4.052479565143585205e-01
1.686316877603530884e-01 -1.657290607690811157e-01
2.599247395992279053e-01 -1.512266993522644043e-01
3.473388552665710449e-01 -1.107763871550559998e-01
4.350989460945129395e-01 -5.145953595638275146e-02
3.168865144252777100e-01 -5.404927209019660950e-02
2.315347939729690552e-01 -1.020373925566673279e-01
-4.970697760581970215e-01 1.638655662536621094e-01
-4.299392700195312500e-01 1.750991791486740112e-01
-3.348915576934814453e-01 2.264483869075775146e-01
-2.764416337013244629e-01 2.676562368869781494e-01
-2.078301161527633667e-01 2.932136952877044678e-01
-1.013118177652359009e-01 3.472877740859985352e-01
-2.442546002566814423e-02 4.013122320175170898e-01
-1.449744552373886108e-01 4.458810687065124512e-01
-2.712389230728149414e-01 4.364768862724304199e-01
-3.443948924541473389e-01 4.090879857540130615e-01
-4.084037840366363525e-01 3.679394423961639404e-01
-4.819215238094329834e-01 2.785739004611968994e-01
-4.930742979049682617e-01 1.674812734127044678e-01
-3.427919447422027588e-01 2.597670555114746094e-01
-2.794701159000396729e-01 2.924770712852478027e-01
-2.160901725292205811e-01 3.265106678009033203e-01
-2.590900100767612457e-02 4.002939760684967041e-01
-2.354501485824584961e-01 3.682945370674133301e-01
-3.065180778503417969e-01 3.393670618534088135e-01
-3.724326193332672119e-01 3.011329770088195801e-01
