-5.175480246543884277e-01 -7.136557698249816895e-01 2.130338456481695175e-03 1.000000000000000000e+00
-5.772912502288818359e-01 -5.318398475646972656e-01 7.013022154569625854e-02 1.000000000000000000e+00
-6.383073329925537109e-01 -3.205995857715606689e-01 1.335502862930297852e-01 0.000000000000000000e+00
-6.874552369117736816e-01 -1.188715547323226929e-01 1.076294481754302979e-01 0.000000000000000000e+00
-7.258899807929992676e-01 8.569388091564178467e-02 5.957469809800386429e-03 0.000000000000000000e+00
-7.386526465415954590e-01 2.780520915985107422e-01 -1.646370440721511841e-01 0.000000000000000000e+00
-6.794924139976501465e-01 4.504170715808868408e-01 -2.969766259193420410e-01 1.000000000000000000e+00
-5.861133933067321777e-01 6.056591868400573730e-01 -4.567030668258666992e-01 1.000000000000000000e+00
-4.411834776401519775e-01 7.164995670318603516e-01 -4.914839863777160645e-01 1.000000000000000000e+00
-2.817822098731994629e-01 7.504157423973083496e-01 -4.971508979797363281e-01 1.000000000000000000e+00
-7.482626289129257202e-02 7.480930685997009277e-01 -3.806793689727783203e-01 1.000000000000000000e+00
1.139659807085990906e-01 6.999266147613525391e-01 -2.845059335231781006e-01 1.000000000000000000e+00
2.898569703102111816e-01 5.943397283554077148e-01 -1.371131539344787598e-01 1.000000000000000000e+00
4.498254358768463135e-01 4.571646749973297119e-01 -5.213285610079765320e-02 1.000000000000000000e+00
5.860618352890014648e-01 3.107715249061584473e-01 -4.124297946691513062e-02 1.000000000000000000e+00
7.060890793800354004e-01 1.349075287580490112e-01 -1.192030161619186401e-01 1.000000000000000000e+00
8.142418265342712402e-01 -2.196625061333179474e-02 -1.876970529556274414e-01 1.000000000000000000e+00
-4.651910960674285889e-01 -6.593040823936462402e-01 -4.961961805820465088e-01 1.000000000000000000e+00
-3.488251864910125732e-01 -7.368050217628479004e-01 -7.038776874542236328e-01 1.000000000000000000e+00
-2.304420173168182373e-01 -6.765705347061157227e-01 -8.586741089820861816e-01 1.000000000000000000e+00
-1.141424253582954407e-01 -5.725688934326171875e-01 -9.359847307205200195e-01 1.000000000000000000e+00
-2.058316208422183990e-02 -4.663545191287994385e-01 -9.563322663307189941e-01 1.000000000000000000e+00
1.568973213434219360e-01 -3.769657909870147705e-01 -9.826892018318176270e-01 1.000000000000000000e+00
2.992812991142272949e-01 -3.608044683933258057e-01 -9.957308173179626465e-01 1.000000000000000000e+00
4.601707458496093750e-01 -3.154900670051574707e-01 -9.552150964736938477e-01 1.000000000000000000e+00
6.038313508033752441e-01 -2.417103201150894165e-01 -8.323397040367126465e-01 1.000000000000000000e+00
6.451370716094970703e-01 -8.575563877820968628e-02 -6.473859548568725586e-01 1.000000000000000000e+00
-4.671444650739431381e-03 -2.810876071453094482e-01 -9.513421058654785156e-01 1.000000000000000000e+00
-7.495167106389999390e-02 -1.529152691364288330e-01 -9.989123344421386719e-01 1.000000000000000000e+00
-1.359078884124755859e-01 -5.080921947956085205e-02 -1.049477577209472656e+00 1.000000000000000000e+00
-1.941122114658355713e-01 5.267341434955596924e-02 -1.083984255790710449e+00 1.000000000000000000e+00
-3.182904720306396484e-01 4.353550449013710022e-02 -8.283756375312805176e-01 1.000000000000000000e+00
-2.746748924255371094e-01 1.022112593054771423e-01 -8.592486977577209473e-01 1.000000000000000000e+00
-2.246376723051071167e-01 1.529707610607147217e-01 -8.790555000305175781e-01 1.000000000000000000e+00
-1.513531208038330078e-01 1.669764816761016846e-01 -8.773536682128906250e-01 1.000000000000000000e+00
-7.394031435251235962e-02 1.733062118291854858e-01 -8.635160923004150391e-01 1.000000000000000000e+00
-4.024638533592224121e-01 -4.903530478477478027e-01 -6.749305129051208496e-01 1.000000000000000000e+00
-3.258295059204101562e-01 -4.606487751007080078e-01 -7.875996232032775879e-01 1.000000000000000000e+00
-2.443152815103530884e-01 -4.153229594230651855e-01 -8.022748231887817383e-01 1.000000000000000000e+00
-1.713328957557678223e-01 -3.474409282207489014e-01 -7.748119831085205078e-01 1.000000000000000000e+00
-2.618269026279449463e-01 -3.640739321708679199e-01 -7.742939591407775879e-01 1.000000000000000000e+00
-3.483642339706420898e-01 -4.052479565143585205e-01 -7.529938220977783203e-01 1.000000000000000000e+00
1.686316877603530884e-01 -1.657290607690811157e-01 -8.268435597419738770e-01 1.000000000000000000e+00
2.599247395992279053e-01 -1.512266993522644043e-01 -8.779439926147460938e-01 1.000000000000000000e+00
3.473388552665710449e-01 -1.107763871550559998e-01 -8.848224282264709473e-01 1.000000000000000000e+00
4.350989460945129395e-01 -5.145953595638275146e-02 -7.929110527038574219e-01 1.000000000000000000e+00
3.168865144252777100e-01 -5.404927209019660950e-02 -8.470766544342041016e-01 1.000000000000000000e+00
2.315347939729690552e-01 -1.020373925566673279e-01 -8.453282713890075684e-01 1.000000000000000000e+00
-4.970697760581970215e-01 1.638655662536621094e-01 -5.912567377090454102e-01 1.000000000000000000e+00
-4.299392700195312500e-01 1.750991791486740112e-01 -7.290098667144775391e-01 1.000000000000000000e+00
-3.348915576934814453e-01 2.264483869075775146e-01 -8.143434524536132812e-01 1.000000000000000000e+00
-2.764416337013244629e-01 2.676562368869781494e-01 -8.299182057380676270e-01 1.000000000000000000e+00
-2.078301161527633667e-01 2.932136952877044678e-01 -8.331200480461120605e-01 1.000000000000000000e+00
-1.013118177652359009e-01 3.472877740859985352e-01 -7.755588889122009277e-01 1.000000000000000000e+00
-2.442546002566814423e-02 4.013122320175170898e-01 -6.583167910575866699e-01 1.000000000000000000e+00
-1.449744552373886108e-01 4.458810687065124512e-01 -7.166146636009216309e-01 1.000000000000000000e+00
-2.712389230728149414e-01 4.364768862724304199e-01 -7.653743624687194824e-01 1.000000000000000000e+00
-3.443948924541473389e-01 4.090879857540130615e-01 -7.603002786636352539e-01 1.000000000000000000e+00
-4.084037840366363525e-01 3.679394423961639404e-01 -7.426115870475769043e-01 1.000000000000000000e+00
-4.819215238094329834e-01 2.785739004611968994e-01 -6.672820448875427246e-01 1.000000000000000000e+00
-4.930742979049682617e-01 1.674812734127044678e-01 -5.886185765266418457e-01 1.000000000000000000e+00
-3.427919447422027588e-01 2.597670555114746094e-01 -7.343966364860534668e-01 0.000000000000000000e+00
-2.794701159000396729e-01 2.924770712852478027e-01 -7.473376393318176270e-01 0.000000000000000000e+00
-2.160901725292205811e-01 3.265106678009033203e-01 -7.529427409172058105e-01 0.000000000000000000e+00
-2.590900100767612457e-02 4.002939760684967041e-01 -6.585527062416076660e-01 1.000000000000000000e+00
-2.354501485824584961e-01 3.682945370674133301e-01 -7.392718791961669922e-01 1.000000000000000000e+00
-3.065180778503417969e-01 3.393670618534088135e-01 -7.418524026870727539e-01 1.000000000000000000e+00
-3.724326193332672119e-01 3.011329770088195801e-01 -7.180514335632324219e-01 1.000000000000000000e+00
