-6.912021636962890625e-01 -4.714647233486175537e-01
-7.292903065681457520e-01 -3.047107458114624023e-01
-7.324823737144470215e-01 -1.241454631090164185e-01
-7.161823511123657227e-01 3.508955612778663635e-02
-6.860837936401367188e-01 1.973313242197036743e-01
-6.277810335159301758e-01 3.630455434322357178e-01
-5.287593603134155273e-01 5.172084569931030273e-01
-3.883574604988098145e-01 6.612029075622558594e-01
-2.367332279682159424e-01 7.159092426300048828e-01
-4.517683014273643494e-02 7.038508653640747070e-01
1.650636792182922363e-01 6.437726020812988281e-01
3.412262201309204102e-01 5.412738323211669922e-01
4.939881861209869385e-01 3.997438251972198486e-01
6.123445034027099609e-01 2.240880429744720459e-01
6.920444369316101074e-01 4.036325588822364807e-02
7.392009496688842773e-01 -1.653639227151870728e-01
7.864897847175598145e-01 -3.606374859809875488e-01
-6.688119769096374512e-01 -5.710939168930053711e-01
-6.128058433532714844e-01 -7.105232477188110352e-01
-5.032950639724731445e-01 -7.146999835968017578e-01
-3.704235255718231201e-01 -6.690347194671630859e-01
-2.499395012855529785e-01 -6.034580469131469727e-01
-5.328681692481040955e-02 -5.810884237289428711e-01
8.610293269157409668e-02 -6.143378615379333496e-01
2.591474056243896484e-01 -6.205192804336547852e-01
4.369668960571289062e-01 -5.830182433128356934e-01
5.507438778877258301e-01 -4.242296814918518066e-01
-1.717468053102493286e-01 -4.334046840667724609e-01
-2.039759606122970581e-01 -2.970913648605346680e-01
-2.357859909534454346e-01 -1.888824999332427979e-01
-2.615000605583190918e-01 -7.868589460849761963e-02
-3.489545583724975586e-01 -2.999117365106940269e-03
-2.928307354450225830e-01 3.046011924743652344e-02
-2.325893193483352661e-01 5.738078430294990540e-02
-1.597168743610382080e-01 4.744201153516769409e-02
-8.369278162717819214e-02 3.183329850435256958e-02
-5.791682600975036621e-01 -4.667708873748779297e-01
-5.114581584930419922e-01 -4.958204627037048340e-01
-4.194864928722381592e-01 -4.793151617050170898e-01
-3.284874558448791504e-01 -4.207249283790588379e-01
-4.178304374217987061e-01 -4.029707908630371094e-01
-5.093894004821777344e-01 -4.104146659374237061e-01
5.072594061493873596e-02 -3.699536919593811035e-01
1.346331685781478882e-01 -4.087715744972229004e-01
2.326608598232269287e-01 -4.037249386310577393e-01
3.456003069877624512e-01 -3.499995470046997070e-01
2.231970727443695068e-01 -3.158409297466278076e-01
1.273982673883438110e-01 -3.314422369003295898e-01
-4.442454576492309570e-01 2.030180245637893677e-01
-3.974118530750274658e-01 1.777302324771881104e-01
-3.054322004318237305e-01 1.820638626813888550e-01
-2.415852993726730347e-01 1.972250789403915405e-01
-1.714986115694046021e-01 1.993216723203659058e-01
-4.749406874179840088e-02 2.237711399793624878e-01
6.205787882208824158e-02 2.668559551239013672e-01
-4.231332987546920776e-02 3.405609428882598877e-01
-1.680670529603958130e-01 3.643597364425659180e-01
-2.445057481527328491e-01 3.629181981086730957e-01
-3.152662515640258789e-01 3.458547294139862061e-01
-4.018146693706512451e-01 2.962270379066467285e-01
-4.390351176261901855e-01 2.053858190774917603e-01
-2.921108007431030273e-01 2.287687063217163086e-01
-2.266552299261093140e-01 2.359343618154525757e-01
-1.581468582153320312e-01 2.458847314119338989e-01
6.012302264571189880e-02 2.662335336208343506e-01
-1.536229252815246582e-01 2.920790016651153564e-01
-2.281962931156158447e-01 2.867424786090850830e-01
-2.977506220340728760e-01 2.743677794933319092e-01
