-6.629855632781982422e-01 -5.367389321327209473e-01 3.094054162502288818e-01 0.000000000000000000e+00
-6.522641777992248535e-01 -3.383309543132781982e-01 3.499152362346649170e-01 0.000000000000000000e+00
-6.337639093399047852e-01 -1.139616668224334717e-01 3.814794123172760010e-01 0.000000000000000000e+00
-6.190535426139831543e-01 8.648017048835754395e-02 3.261736333370208740e-01 0.000000000000000000e+00
-6.062127947807312012e-01 2.764143347740173340e-01 1.987007111310958862e-01 0.000000000000000000e+00
-5.789003372192382812e-01 4.370841085910797119e-01 4.260963294655084610e-03 0.000000000000000000e+00
-4.882880449295043945e-01 5.666042566299438477e-01 -1.505258232355117798e-01 1.000000000000000000e+00
-3.758726119995117188e-01 6.682366728782653809e-01 -3.353472948074340820e-01 1.000000000000000000e+00
-2.083389163017272949e-01 7.247633934020996094e-01 -3.967020511627197266e-01 1.000000000000000000e+00
-4.559952393174171448e-02 7.047694325447082520e-01 -4.205077290534973145e-01 1.000000000000000000e+00
1.627522706985473633e-01 6.446570754051208496e-01 -3.253196775913238525e-01 1.000000000000000000e+00
3.382808566093444824e-01 5.451561212539672852e-01 -2.464579939842224121e-01 1.000000000000000000e+00
4.919011592864990234e-01 4.049812257289886475e-01 -1.052947267889976501e-01 1.000000000000000000e+00
6.101915240287780762e-01 2.318136990070343018e-01 -1.616265252232551575e-02 1.000000000000000000e+00
6.954876780509948730e-01 4.997384920716285706e-02 5.776922684162855148e-03 1.000000000000000000e+00
7.440291643142700195e-01 -1.656170487403869629e-01 -5.259983986616134644e-02 1.000000000000000000e+00
7.901678681373596191e-01 -3.576419055461883545e-01 -1.041689217090606689e-01 1.000000000000000000e+00
-6.688119769096374512e-01 -5.710939168930053711e-01 -1.943723261356353760e-01 1.000000000000000000e+00
-6.128058433532714844e-01 -7.105232477188110352e-01 -3.965826034545898438e-01 1.000000000000000000e+00
-5.032950639724731445e-01 -7.146999835968017578e-01 -5.714428424835205078e-01 1.000000000000000000e+00
-3.704235255718231201e-01 -6.690347194671630859e-01 -6.756746768951416016e-01 1.000000000000000000e+00
-2.499395012855529785e-01 -6.034580469131469727e-01 -7.222689390182495117e-01 1.000000000000000000e+00
-5.328681692481040955e-02 -5.810884237289428711e-01 -7.794131040573120117e-01 1.000000000000000000e+00
8.610293269157409668e-02 -6.143378615379333496e-01 -8.073830008506774902e-01 1.000000000000000000e+00
2.591474056243896484e-01 -6.205192804336547852e-01 -7.873005270957946777e-01 1.000000000000000000e+00
4.369668960571289062e-01 -5.830182433128356934e-01 -6.884698867797851562e-01 1.000000000000000000e+00
5.507438778877258301e-01 -4.242296814918518066e-01 -5.343653559684753418e-01 1.000000000000000000e+00
-1.717468053102493286e-01 -4.334046840667724609e-01 -7.466633915901184082e-01 1.000000000000000000e+00
-2.039759606122970581e-01 -2.970913648605346680e-01 -8.056353926658630371e-01 1.000000000000000000e+00
-2.357859909534454346e-01 -1.888824999332427979e-01 -8.657326698303222656e-01 1.000000000000000000e+00
-2.615000605583190918e-01 -7.868589460849761963e-02 -9.092537760734558105e-01 1.000000000000000000e+00
-3.489545583724975586e-01 -2.999117365106940269e-03 -6.549393534660339355e-01 1.000000000000000000e+00
-2.928307354450225830e-01 3.046011924743652344e-02 -6.976721286773681641e-01 1.000000000000000000e+00
-2.325893193483352661e-01 5.738078430294990540e-02 -7.301442623138427734e-01 1.000000000000000000e+00
-1.597168743610382080e-01 4.744201153516769409e-02 -7.355034351348876953e-01 1.000000000000000000e+00
-8.369278162717819214e-02 3.183329850435256958e-02 -7.303620576858520508e-01 1.000000000000000000e+00
-5.791682600975036621e-01 -4.667708873748779297e-01 -3.990392982959747314e-01 1.000000000000000000e+00
-5.114581584930419922e-01 -4.958204627037048340e-01 -5.236239433288574219e-01 1.000000000000000000e+00
-4.194864928722381592e-01 -4.793151617050170898e-01 -5.553187727928161621e-01 1.000000000000000000e+00
-3.284874558448791504e-01 -4.207249283790588379e-01 -5.442128181457519531e-01 1.000000000000000000e+00
-4.178304374217987061e-01 -4.029707908630371094e-01 -5.309841632843017578e-01 1.000000000000000000e+00
-5.093894004821777344e-01 -4.104146659374237061e-01 -4.949796795845031738e-01 1.000000000000000000e+00
5.072594061493873596e-02 -3.699536919593811035e-01 -6.562463641166687012e-01 1.000000000000000000e+00
1.346331685781478882e-01 -4.087715744972229004e-01 -7.169483304023742676e-01 1.000000000000000000e+00
2.326608598232269287e-01 -4.037249386310577393e-01 -7.380266785621643066e-01 1.000000000000000000e+00
3.456003069877624512e-01 -3.499995470046997070e-01 -6.627852320671081543e-01 1.000000000000000000e+00
2.231970727443695068e-01 -3.158409297466278076e-01 -7.051239013671875000e-01 1.000000000000000000e+00
1.273982673883438110e-01 -3.314422369003295898e-01 -6.888117790222167969e-01 1.000000000000000000e+00
-4.442454576492309570e-01 2.030180245637893677e-01 -4.322423338890075684e-01 1.000000000000000000e+00
-3.974118530750274658e-01 1.777302324771881104e-01 -5.778643488883972168e-01 1.000000000000000000e+00
-3.054322004318237305e-01 1.820638626813888550e-01 -6.776621341705322266e-01 1.000000000000000000e+00
-2.415852993726730347e-01 1.972250789403915405e-01 -7.042402029037475586e-01 1.000000000000000000e+00
-1.714986115694046021e-01 1.993216723203659058e-01 -7.159398794174194336e-01 1.000000000000000000e+00
-4.749406874179840088e-02 2.237711399793624878e-01 -6.771020293235778809e-01 1.000000000000000000e+00
6.205787882208824158e-02 2.668559551239013672e-01 -5.718234181404113770e-01 1.000000000000000000e+00
-4.231332987546920776e-02 3.405609428882598877e-01 -6.228595972061157227e-01 1.000000000000000000e+00
-1.680670529603958130e-01 3.643597364425659180e-01 -6.600436568260192871e-01 1.000000000000000000e+00
-2.445057481527328491e-01 3.629181981086730957e-01 -6.463865041732788086e-01 1.000000000000000000e+00
-3.152662515640258789e-01 3.458547294139862061e-01 -6.182900071144104004e-01 1.000000000000000000e+00
-4.018146693706512451e-01 2.962270379066467285e-01 -5.250971317291259766e-01 1.000000000000000000e+00
-4.390351176261901855e-01 2.053858190774917603e-01 -4.311331510543823242e-01 1.000000000000000000e+00
-2.921108007431030273e-01 2.287687063217163086e-01 -6.058146357536315918e-01 0.000000000000000000e+00
-2.266552299261093140e-01 2.359343618154525757e-01 -6.298624873161315918e-01 0.000000000000000000e+00
-1.581468582153320312e-01 2.458847314119338989e-01 -6.438369154930114746e-01 0.000000000000000000e+00
6.012302264571189880e-02 2.662335336208343506e-01 -5.720751285552978516e-01 1.000000000000000000e+00
-1.536229252815246582e-01 2.920790016651153564e-01 -6.320058107376098633e-01 1.000000000000000000e+00
-2.281962931156158447e-01 2.867424786090850830e-01 -6.235315799713134766e-01 1.000000000000000000e+00
-2.977506220340728760e-01 2.743677794933319092e-01 -5.914157629013061523e-01 1.000000000000000000e+00
