-7.171634435653686523e-01 -1.737029701471328735e-01
-6.827028393745422363e-01 2.647694665938615799e-03
-6.031916737556457520e-01 1.650108397006988525e-01
-5.159130096435546875e-01 3.068879842758178711e-01
-4.316314756870269775e-01 4.457450211048126221e-01
-3.218756914138793945e-01 5.745664834976196289e-01
-1.861952245235443115e-01 6.722713708877563477e-01
-1.862476021051406860e-02 7.437086701393127441e-01
1.384865343570709229e-01 7.343700528144836426e-01
3.091095983982086182e-01 6.570830941200256348e-01
4.759817719459533691e-01 5.333074927330017090e-01
6.034780740737915039e-01 3.836360275745391846e-01
7.006369829177856445e-01 1.979606151580810547e-01
7.531828880310058594e-01 -6.247855257242918015e-03
7.627694010734558105e-01 -2.071684449911117554e-01
7.231571674346923828e-01 -4.241398274898529053e-01
6.937509775161743164e-01 -6.202415227890014648e-01
-7.434876561164855957e-01 -2.780970633029937744e-01
-7.570527195930480957e-01 -4.271938502788543701e-01
-6.676609516143798828e-01 -4.686392843723297119e-01
-5.329422354698181152e-01 -4.706591367721557617e-01
-4.023164212703704834e-01 -4.543760120868682861e-01
-2.148199230432510376e-01 -5.073130130767822266e-01
-1.014237254858016968e-01 -5.894448757171630859e-01
5.794325470924377441e-02 -6.638988852500915527e-01
2.411171942949295044e-01 -6.979517936706542969e-01
4.174321889877319336e-01 -5.917459130287170410e-01
-2.684591114521026611e-01 -3.257617056369781494e-01
-2.487856596708297729e-01 -1.881812363862991333e-01
-2.427259534597396851e-01 -8.430057764053344727e-02
-2.299930900335311890e-01 2.118609286844730377e-02
-2.527820467948913574e-01 1.361083537340164185e-01
-1.980631500482559204e-01 1.477899402379989624e-01
-1.419837772846221924e-01 1.558958292007446289e-01
-8.528304845094680786e-02 1.190502867102622986e-01
-2.694345079362392426e-02 7.790581881999969482e-02
-6.345436573028564453e-01 -1.855648010969161987e-01
-5.772388577461242676e-01 -2.012489587068557739e-01
-4.979237616062164307e-01 -2.255059778690338135e-01
-4.021198451519012451e-01 -2.416797131299972534e-01
-4.797345101833343506e-01 -1.977173537015914917e-01
-5.644605755805969238e-01 -1.684365719556808472e-01
-2.597858011722564697e-02 -3.386370241641998291e-01
4.826815798878669739e-02 -3.701377511024475098e-01
1.331765353679656982e-01 -3.905125856399536133e-01
2.511129677295684814e-01 -4.201892912387847900e-01
1.501534730195999146e-01 -3.559393286705017090e-01
5.578791722655296326e-02 -3.371519148349761963e-01
-2.255219370126724243e-01 3.996358215808868408e-01
-2.125825583934783936e-01 3.602167069911956787e-01
-1.482902467250823975e-01 3.259049952030181885e-01
-9.417061507701873779e-02 3.202190101146697998e-01
-3.784967586398124695e-02 2.963969707489013672e-01
7.446581870317459106e-02 2.828959226608276367e-01
1.906282007694244385e-01 2.828764021396636963e-01
1.409569680690765381e-01 3.524892926216125488e-01
4.842429235577583313e-02 4.094149172306060791e-01
-1.251722406595945358e-02 4.340948462486267090e-01
-7.708863168954849243e-02 4.435607492923736572e-01
-1.614005714654922485e-01 4.364906847476959229e-01
-2.189484089612960815e-01 3.975512087345123291e-01
-1.133053675293922424e-01 3.753268718719482422e-01
-5.955498665571212769e-02 3.630892336368560791e-01
-2.798983827233314514e-03 3.458255231380462646e-01
1.882435083389282227e-01 2.833534181118011475e-01
3.045007772743701935e-02 3.319988846778869629e-01
-3.110736981034278870e-02 3.494872450828552246e-01
-9.220489859580993652e-02 3.669144511222839355e-01
