-6.952173113822937012e-01 -2.514875233173370361e-01 3.893643021583557129e-01 0.000000000000000000e+00
-6.049351692199707031e-01 -7.126169651746749878e-02 4.243473112583160400e-01 0.000000000000000000e+00
-5.029152631759643555e-01 1.317856609821319580e-01 4.488504827022552490e-01 0.000000000000000000e+00
-4.128839671611785889e-01 3.124425411224365234e-01 3.856405317783355713e-01 0.000000000000000000e+00
-3.327795863151550293e-01 4.844129085540771484e-01 2.470261901617050171e-01 0.000000000000000000e+00
-2.550480067729949951e-01 6.239696145057678223e-01 3.906926885247230530e-02 0.000000000000000000e+00
-1.330555826425552368e-01 7.022508382797241211e-01 -1.332478672266006470e-01 1.000000000000000000e+00
-3.386813215911388397e-03 7.453855872154235840e-01 -3.292749822139739990e-01 1.000000000000000000e+00
1.697993725538253784e-01 7.329248785972595215e-01 -3.974597454071044922e-01 1.000000000000000000e+00
3.091095983982086182e-01 6.570830941200256348e-01 -4.281762242317199707e-01 1.000000000000000000e+00
4.759817719459533691e-01 5.333074927330017090e-01 -3.334913253784179688e-01 1.000000000000000000e+00
6.034780740737915039e-01 3.836360275745391846e-01 -2.522807717323303223e-01 1.000000000000000000e+00
7.006369829177856445e-01 1.979606151580810547e-01 -1.104590147733688354e-01 1.000000000000000000e+00
7.531828880310058594e-01 -6.247855257242918015e-03 -2.311933040618896484e-02 1.000000000000000000e+00
7.627694010734558105e-01 -2.071684449911117554e-01 -4.719241522252559662e-03 1.000000000000000000e+00
7.231571674346923828e-01 -4.241398274898529053e-01 -6.229274719953536987e-02 1.000000000000000000e+00
6.937509775161743164e-01 -6.202415227890014648e-01 -1.152792274951934814e-01 1.000000000000000000e+00
-7.434876561164855957e-01 -2.780970633029937744e-01 -1.148653030395507812e-01 1.000000000000000000e+00
-7.570527195930480957e-01 -4.271938502788543701e-01 -3.205070197582244873e-01 1.000000000000000000e+00
-6.676609516143798828e-01 -4.686392843723297119e-01 -5.010308623313903809e-01 1.000000000000000000e+00
-5.329422354698181152e-01 -4.706591367721557617e-01 -6.150472760200500488e-01 1.000000000000000000e+00
-4.023164212703704834e-01 -4.543760120868682861e-01 -6.707137227058410645e-01 1.000000000000000000e+00
-2.148199230432510376e-01 -5.073130130767822266e-01 -7.395448684692382812e-01 1.000000000000000000e+00
-1.014237254858016968e-01 -5.894448757171630859e-01 -7.714583277702331543e-01 1.000000000000000000e+00
5.794325470924377441e-02 -6.638988852500915527e-01 -7.632616758346557617e-01 1.000000000000000000e+00
2.411171942949295044e-01 -6.979517936706542969e-01 -6.772871613502502441e-01 1.000000000000000000e+00
4.174321889877319336e-01 -5.917459130287170410e-01 -5.311760902404785156e-01 1.000000000000000000e+00
-2.684591114521026611e-01 -3.257617056369781494e-01 -7.034106850624084473e-01 1.000000000000000000e+00
-2.487856596708297729e-01 -1.881812363862991333e-01 -7.580575346946716309e-01 1.000000000000000000e+00
-2.427259534597396851e-01 -8.430057764053344727e-02 -8.162851929664611816e-01 1.000000000000000000e+00
-2.299930900335311890e-01 2.118609286844730377e-02 -8.575319647789001465e-01 1.000000000000000000e+00
-2.527820467948913574e-01 1.361083537340164185e-01 -6.191767454147338867e-01 1.000000000000000000e+00
-1.980631500482559204e-01 1.477899402379989624e-01 -6.647022366523742676e-01 1.000000000000000000e+00
-1.419837772846221924e-01 1.558958292007446289e-01 -7.024232149124145508e-01 1.000000000000000000e+00
-8.528304845094680786e-02 1.190502867102622986e-01 -7.076384425163269043e-01 1.000000000000000000e+00
-2.694345079362392426e-02 7.790581881999969482e-02 -7.040545344352722168e-01 1.000000000000000000e+00
-6.345436573028564453e-01 -1.855648010969161987e-01 -3.375017046928405762e-01 1.000000000000000000e+00
-5.772388577461242676e-01 -2.012489587068557739e-01 -4.607686698436737061e-01 1.000000000000000000e+00
-4.979237616062164307e-01 -2.255059778690338135e-01 -4.932260513305664062e-01 1.000000000000000000e+00
-4.021198451519012451e-01 -2.416797131299972534e-01 -4.969616830348968506e-01 1.000000000000000000e+00
-4.797345101833343506e-01 -1.977173537015914917e-01 -4.798094332218170166e-01 1.000000000000000000e+00
-5.644605755805969238e-01 -1.684365719556808472e-01 -4.377272725105285645e-01 1.000000000000000000e+00
-2.597858011722564697e-02 -3.386370241641998291e-01 -6.369524598121643066e-01 1.000000000000000000e+00
4.826815798878669739e-02 -3.701377511024475098e-01 -6.957517266273498535e-01 1.000000000000000000e+00
1.331765353679656982e-01 -3.905125856399536133e-01 -7.210850715637207031e-01 1.000000000000000000e+00
2.511129677295684814e-01 -4.201892912387847900e-01 -6.617129445075988770e-01 1.000000000000000000e+00
1.501534730195999146e-01 -3.559393286705017090e-01 -6.984739899635314941e-01 1.000000000000000000e+00
5.578791722655296326e-02 -3.371519148349761963e-01 -6.754826307296752930e-01 1.000000000000000000e+00
-2.255219370126724243e-01 3.996358215808868408e-01 -4.854982495307922363e-01 1.000000000000000000e+00
-2.125825583934783936e-01 3.602167069911956787e-01 -5.921964049339294434e-01 1.000000000000000000e+00
-1.482902467250823975e-01 3.259049952030181885e-01 -6.748470664024353027e-01 1.000000000000000000e+00
-9.417061507701873779e-02 3.202190101146697998e-01 -7.018243074417114258e-01 1.000000000000000000e+00
-3.784967586398124695e-02 2.963969707489013672e-01 -7.150747776031494141e-01 1.000000000000000000e+00
7.446581870317459106e-02 2.828959226608276367e-01 -6.924923658370971680e-01 1.000000000000000000e+00
1.906282007694244385e-01 2.828764021396636963e-01 -6.236666440963745117e-01 1.000000000000000000e+00
1.409569680690765381e-01 3.524892926216125488e-01 -6.620029807090759277e-01 1.000000000000000000e+00
4.842429235577583313e-02 4.094149172306060791e-01 -6.890169382095336914e-01 1.000000000000000000e+00
-1.251722406595945358e-02 4.340948462486267090e-01 -6.723496317863464355e-01 1.000000000000000000e+00
-7.708863168954849243e-02 4.435607492923736572e-01 -6.454793810844421387e-01 1.000000000000000000e+00
-1.614005714654922485e-01 4.364906847476959229e-01 -5.685178041458129883e-01 1.000000000000000000e+00
-2.189484089612960815e-01 3.975512087345123291e-01 -4.849472045898437500e-01 1.000000000000000000e+00
-1.133053675293922424e-01 3.753268718719482422e-01 -6.157849431037902832e-01 0.000000000000000000e+00
-5.955498665571212769e-02 3.630892336368560791e-01 -6.409916281700134277e-01 1.000000000000000000e+00
-2.798983827233314514e-03 3.458255231380462646e-01 -6.543509960174560547e-01 0.000000000000000000e+00
1.882435083389282227e-01 2.833534181118011475e-01 -6.232208609580993652e-01 1.000000000000000000e+00
3.045007772743701935e-02 3.319988846778869629e-01 -6.744146943092346191e-01 1.000000000000000000e+00
-3.110736981034278870e-02 3.494872450828552246e-01 -6.598449349403381348e-01 1.000000000000000000e+00
-9.220489859580993652e-02 3.669144511222839355e-01 -6.350978612899780273e-01 1.000000000000000000e+00
