-7.122095823287963867e-01 -1.793168336153030396e-01
-6.811319589614868164e-01 -6.830311380326747894e-03
-6.032851338386535645e-01 1.560212224721908569e-01
-5.193231105804443359e-01 2.959217131137847900e-01
-4.358817040920257568e-01 4.326065778732299805e-01
-3.272932469844818115e-01 5.623794794082641602e-01
-1.920071542263031006e-01 6.640931963920593262e-01
-1.992968842387199402e-02 7.402453422546386719e-01
1.364666372537612915e-01 7.347292900085449219e-01
3.037442266941070557e-01 6.550931930541992188e-01
4.680920541286468506e-01 5.297076702117919922e-01
5.888398885726928711e-01 3.772383034229278564e-01
6.819057464599609375e-01 1.936693489551544189e-01
7.347789406776428223e-01 -6.165030412375926971e-03
7.442829012870788574e-01 -2.019072920083999634e-01
7.088453769683837891e-01 -4.140301644802093506e-01
6.808037757873535156e-01 -6.071154475212097168e-01
-7.344039082527160645e-01 -2.812512516975402832e-01
-7.442840337753295898e-01 -4.266206920146942139e-01
-6.531491279602050781e-01 -4.697001874446868896e-01
-5.192770957946777344e-01 -4.727528095245361328e-01
-3.900845646858215332e-01 -4.572997391223907471e-01
-2.069640755653381348e-01 -5.086433291435241699e-01
-9.419452399015426636e-02 -5.884940624237060547e-01
6.289107352495193481e-02 -6.589653491973876953e-01
2.436715811491012573e-01 -6.897910833358764648e-01
4.132251441478729248e-01 -5.862057209014892578e-01
-2.612090110778808594e-01 -3.340279161930084229e-01
-2.432273477315902710e-01 -2.015552371740341187e-01
-2.378008812665939331e-01 -1.005504950881004333e-01
-2.253821194171905518e-01 1.792341587133705616e-03
-2.502186596393585205e-01 1.158286556601524353e-01
-1.960548013448715210e-01 1.281497776508331299e-01
-1.411603093147277832e-01 1.358163654804229736e-01
-8.553738147020339966e-02 1.008846387267112732e-01
-2.861317060887813568e-02 6.053363904356956482e-02
-6.266379356384277344e-01 -1.958933174610137939e-01
-5.687389373779296875e-01 -2.136353701353073120e-01
-4.898537695407867432e-01 -2.368911802768707275e-01
-3.950744867324829102e-01 -2.512825131416320801e-01
-4.727818369865417480e-01 -2.077808976173400879e-01
-5.558273792266845703e-01 -1.793170273303985596e-01
-2.511021681129932404e-02 -3.447539508342742920e-01
4.836737364530563354e-02 -3.772377371788024902e-01
1.324102878570556641e-01 -3.976573050022125244e-01
2.488112300634384155e-01 -4.235922098159790039e-01
1.483213007450103760e-01 -3.605102896690368652e-01
5.638180673122406006e-02 -3.425931930541992188e-01
-2.267947643995285034e-01 3.927215337753295898e-01
-2.138335555791854858e-01 3.433151841163635254e-01
-1.485822796821594238e-01 3.084337115287780762e-01
-9.418120235204696655e-02 3.019751906394958496e-01
-3.691488876938819885e-02 2.798134386539459229e-01
7.736212015151977539e-02 2.683515846729278564e-01
1.966687291860580444e-01 2.772775292396545410e-01
1.486635059118270874e-01 3.648829162120819092e-01
5.624926090240478516e-02 4.283140897750854492e-01
-6.152621004730463028e-03 4.539946019649505615e-01
-7.202947884798049927e-02 4.623616039752960205e-01
-1.590248644351959229e-01 4.486575126647949219e-01
-2.198008000850677490e-01 3.924587965011596680e-01
-1.131484657526016235e-01 3.554923832416534424e-01
-5.949812754988670349e-02 3.426220118999481201e-01
-1.971328165382146835e-03 3.271635174751281738e-01
1.943508833646774292e-01 2.778096199035644531e-01
3.981510549783706665e-02 3.541346490383148193e-01
-2.205130085349082947e-02 3.728019297122955322e-01
-8.371888846158981323e-02 3.883070051670074463e-01
