-6.923649907112121582e-01 -2.487731873989105225e-01 3.815473318099975586e-01 0.000000000000000000e+00
-6.052537560462951660e-01 -7.168802618980407715e-02 4.163344204425811768e-01 0.000000000000000000e+00
-5.051022768020629883e-01 1.274210363626480103e-01 4.409568905830383301e-01 0.000000000000000000e+00
-4.181841015815734863e-01 3.035208284854888916e-01 3.811605572700500488e-01 0.000000000000000000e+00
-3.386035263538360596e-01 4.710465371608734131e-01 2.487113624811172485e-01 0.000000000000000000e+00
-2.613420188426971436e-01 6.098683476448059082e-01 5.161774158477783203e-02 0.000000000000000000e+00
-1.389928162097930908e-01 6.931791305541992188e-01 -1.082651317119598389e-01 1.000000000000000000e+00
-5.495105404406785965e-03 7.404807209968566895e-01 -2.911694645881652832e-01 1.000000000000000000e+00
1.663033366203308105e-01 7.311907410621643066e-01 -3.552396297454833984e-01 1.000000000000000000e+00
3.036521077156066895e-01 6.552571058273315430e-01 -3.868969082832336426e-01 1.000000000000000000e+00
4.678185284137725830e-01 5.298644304275512695e-01 -3.029586374759674072e-01 1.000000000000000000e+00
5.887492895126342773e-01 3.778292536735534668e-01 -2.287799865007400513e-01 1.000000000000000000e+00
6.820294260978698730e-01 1.943383961915969849e-01 -9.365817159414291382e-02 1.000000000000000000e+00
7.348607182502746582e-01 -5.074513610452413559e-03 -9.709822945296764374e-03 1.000000000000000000e+00
7.452244162559509277e-01 -2.007888108491897583e-01 8.399601094424724579e-03 1.000000000000000000e+00
7.093925476074218750e-01 -4.143170416355133057e-01 -4.842903837561607361e-02 1.000000000000000000e+00
6.813281774520874023e-01 -6.067671775817871094e-01 -9.903921931982040405e-02 1.000000000000000000e+00
-7.344039082527160645e-01 -2.812512516975402832e-01 -1.136061921715736389e-01 1.000000000000000000e+00
-7.442840337753295898e-01 -4.266206920146942139e-01 -3.141369223594665527e-01 1.000000000000000000e+00
-6.531491279602050781e-01 -4.697001874446868896e-01 -4.899057745933532715e-01 1.000000000000000000e+00
-5.192770957946777344e-01 -4.727528095245361328e-01 -5.993455648422241211e-01 1.000000000000000000e+00
-3.900845646858215332e-01 -4.572997391223907471e-01 -6.528433561325073242e-01 1.000000000000000000e+00
-2.069640755653381348e-01 -5.086433291435241699e-01 -7.178532481193542480e-01 1.000000000000000000e+00
-9.419452399015426636e-02 -5.884940624237060547e-01 -7.479326128959655762e-01 1.000000000000000000e+00
6.289107352495193481e-02 -6.589653491973876953e-01 -7.392517328262329102e-01 1.000000000000000000e+00
2.436715811491012573e-01 -6.897910833358764648e-01 -6.536656618118286133e-01 1.000000000000000000e+00
4.132251441478729248e-01 -5.862057209014892578e-01 -5.099192261695861816e-01 1.000000000000000000e+00
-2.612090110778808594e-01 -3.340279161930084229e-01 -6.855480074882507324e-01 1.000000000000000000e+00
-2.432273477315902710e-01 -2.015552371740341187e-01 -7.402005791664123535e-01 1.000000000000000000e+00
-2.378008812665939331e-01 -1.005504950881004333e-01 -7.988677024841308594e-01 1.000000000000000000e+00
-2.253821194171905518e-01 1.792341587133705616e-03 -8.386849761009216309e-01 1.000000000000000000e+00
-2.502186596393585205e-01 1.158286556601524353e-01 -6.047328710556030273e-01 1.000000000000000000e+00
-1.960548013448715210e-01 1.281497776508331299e-01 -6.488626003265380859e-01 1.000000000000000000e+00
-1.411603093147277832e-01 1.358163654804229736e-01 -6.848009228706359863e-01 1.000000000000000000e+00
-8.553738147020339966e-02 1.008846387267112732e-01 -6.895179152488708496e-01 1.000000000000000000e+00
-2.861317060887813568e-02 6.053363904356956482e-02 -6.852707266807556152e-01 1.000000000000000000e+00
-6.266379356384277344e-01 -1.958933174610137939e-01 -3.315955698490142822e-01 1.000000000000000000e+00
-5.687389373779296875e-01 -2.136353701353073120e-01 -4.518859684467315674e-01 1.000000000000000000e+00
-4.898537695407867432e-01 -2.368911802768707275e-01 -4.827534556388854980e-01 1.000000000000000000e+00
-3.950744867324829102e-01 -2.512825131416320801e-01 -4.854387342929840088e-01 1.000000000000000000e+00
-4.727818369865417480e-01 -2.077808976173400879e-01 -4.702046811580657959e-01 1.000000000000000000e+00
-5.558273792266845703e-01 -1.793170273303985596e-01 -4.302972555160522461e-01 1.000000000000000000e+00
-2.511021681129932404e-02 -3.447539508342742920e-01 -6.187426447868347168e-01 1.000000000000000000e+00
4.836737364530563354e-02 -3.772377371788024902e-01 -6.755005717277526855e-01 1.000000000000000000e+00
1.324102878570556641e-01 -3.976573050022125244e-01 -6.998475193977355957e-01 1.000000000000000000e+00
2.488112300634384155e-01 -4.235922098159790039e-01 -6.408514380455017090e-01 1.000000000000000000e+00
1.483213007450103760e-01 -3.605102896690368652e-01 -6.782622337341308594e-01 1.000000000000000000e+00
5.638180673122406006e-02 -3.425931930541992188e-01 -6.566266417503356934e-01 1.000000000000000000e+00
-2.267947643995285034e-01 3.927215337753295898e-01 -4.473343193531036377e-01 1.000000000000000000e+00
-2.138335555791854858e-01 3.433151841163635254e-01 -5.681892633438110352e-01 1.000000000000000000e+00
-1.485822796821594238e-01 3.084337115287780762e-01 -6.565525531768798828e-01 1.000000000000000000e+00
-9.418120235204696655e-02 3.019751906394958496e-01 -6.838811635971069336e-01 1.000000000000000000e+00
-3.691488876938819885e-02 2.798134386539459229e-01 -6.960570812225341797e-01 1.000000000000000000e+00
7.736212015151977539e-02 2.683515846729278564e-01 -6.671234965324401855e-01 1.000000000000000000e+00
1.966687291860580444e-01 2.772775292396545410e-01 -5.857388377189636230e-01 1.000000000000000000e+00
1.486635059118270874e-01 3.648829162120819092e-01 -6.197819113731384277e-01 1.000000000000000000e+00
5.624926090240478516e-02 4.283140897750854492e-01 -6.458289623260498047e-01 1.000000000000000000e+00
-6.152621004730463028e-03 4.539946019649505615e-01 -6.291508674621582031e-01 1.000000000000000000e+00
-7.202947884798049927e-02 4.623616039752960205e-01 -6.019120216369628906e-01 1.000000000000000000e+00
-1.590248644351959229e-01 4.486575126647949219e-01 -5.245204567909240723e-01 1.000000000000000000e+00
-2.198008000850677490e-01 3.924587965011596680e-01 -4.460102617740631104e-01 1.000000000000000000e+00
-1.131484657526016235e-01 3.554923832416534424e-01 -5.916661620140075684e-01 0.000000000000000000e+00
-5.949812754988670349e-02 3.426220118999481201e-01 -6.174993515014648438e-01 1.000000000000000000e+00
-1.971328165382146835e-03 3.271635174751281738e-01 -6.291455626487731934e-01 0.000000000000000000e+00
1.943508833646774292e-01 2.778096199035644531e-01 -5.854679346084594727e-01 1.000000000000000000e+00
3.981510549783706665e-02 3.541346490383148193e-01 -6.268790960311889648e-01 1.000000000000000000e+00
-2.205130085349082947e-02 3.728019297122955322e-01 -6.128558516502380371e-01 1.000000000000000000e+00
-8.371888846158981323e-02 3.883070051670074463e-01 -5.875763297080993652e-01 1.000000000000000000e+00
