-7.152743339538574219e-01 -1.596076339483261108e-01
-6.813830733299255371e-01 1.491612941026687622e-02
-6.019468307495117188e-01 1.761056482791900635e-01
-5.225274562835693359e-01 3.141807913780212402e-01
-4.368690252304077148e-01 4.516305327415466309e-01
-3.308156430721282959e-01 5.792136788368225098e-01
-1.932441890239715576e-01 6.683383584022521973e-01
-2.030092291533946991e-02 7.289950847625732422e-01
1.374965459108352661e-01 7.145437002182006836e-01
3.068915605545043945e-01 6.364730000495910645e-01
4.702331721782684326e-01 5.185505747795104980e-01
5.939446091651916504e-01 3.758983016014099121e-01
6.857256889343261719e-01 1.981819719076156616e-01
7.338238358497619629e-01 -2.622954314574599266e-03
7.411446571350097656e-01 -1.986311525106430054e-01
7.078728675842285156e-01 -4.060166776180267334e-01
6.816546916961669922e-01 -6.025097370147705078e-01
-7.365043163299560547e-01 -2.616668045520782471e-01
-7.413669228553771973e-01 -4.196995496749877930e-01
-6.464996933937072754e-01 -4.676987528800964355e-01
-5.077540874481201172e-01 -4.746485054492950439e-01
-3.745804727077484131e-01 -4.591863155364990234e-01
-1.837467104196548462e-01 -5.125515460968017578e-01
-6.890127807855606079e-02 -5.967200398445129395e-01
8.913630992174148560e-02 -6.712779402732849121e-01
2.661248147487640381e-01 -6.991638541221618652e-01
4.324277639389038086e-01 -5.838414430618286133e-01
-2.387698143720626831e-01 -3.305124938488006592e-01
-2.177204340696334839e-01 -1.933501958847045898e-01
-2.085114270448684692e-01 -8.813269436359405518e-02
-1.931568384170532227e-01 1.874393410980701447e-02
-2.253549695014953613e-01 1.398444771766662598e-01
-1.706839352846145630e-01 1.487315446138381958e-01
-1.140120029449462891e-01 1.553519517183303833e-01
-5.765662342309951782e-02 1.197989508509635925e-01
-1.297580893151462078e-03 8.138106018304824829e-02
-6.253058314323425293e-01 -1.985569447278976440e-01
-5.756845474243164062e-01 -2.513147890567779541e-01
-4.867024123668670654e-01 -2.712625563144683838e-01
-3.840852677822113037e-01 -2.523823976516723633e-01
-4.565043449401855469e-01 -2.033879458904266357e-01
-5.432621240615844727e-01 -1.747331619262695312e-01
-4.211516585201025009e-03 -3.521682322025299072e-01
5.621595680713653564e-02 -4.213748872280120850e-01
1.484167724847793579e-01 -4.527769386768341064e-01
2.726518809795379639e-01 -4.414951205253601074e-01
1.735361069440841675e-01 -3.660261034965515137e-01
7.830835133790969849e-02 -3.447026014328002930e-01
-2.156466096639633179e-01 4.021198153495788574e-01
-1.934392750263214111e-01 3.619115054607391357e-01
-1.268738210201263428e-01 3.238628208637237549e-01
-7.240970432758331299e-02 3.161714673042297363e-01
-1.606814377009868622e-02 2.944656908512115479e-01
9.132264554500579834e-02 2.857052385807037354e-01
1.962495148181915283e-01 2.850295305252075195e-01
1.430817991495132446e-01 3.469944000244140625e-01
5.276201665401458740e-02 4.044964611530303955e-01
-7.162559311836957932e-03 4.287168383598327637e-01
-6.994472444057464600e-02 4.395101070404052734e-01
-1.539633274078369141e-01 4.322803020477294922e-01
-2.095218747854232788e-01 4.005299210548400879e-01
-9.418229013681411743e-02 3.786663115024566650e-01
-4.112501814961433411e-02 3.652284145355224609e-01
1.491861045360565186e-02 3.498211503028869629e-01
1.939072310924530029e-01 2.857402861118316650e-01
3.355236724019050598e-02 3.326075971126556396e-01
-2.706079743802547455e-02 3.518167734146118164e-01
-8.545544743537902832e-02 3.679211735725402832e-01
