-7.114857435226440430e-01 -2.180456966161727905e-01 3.608185648918151855e-01 1.000000000000000000e+00
-6.244170069694519043e-01 -3.965274244546890259e-02 3.944391012191772461e-01 0.000000000000000000e+00
-5.233278870582580566e-01 1.595044136047363281e-01 4.178372323513031006e-01 0.000000000000000000e+00
-4.321168065071105957e-01 3.333474695682525635e-01 3.535246253013610840e-01 0.000000000000000000e+00
-3.482509255409240723e-01 4.978671371936798096e-01 2.151210010051727295e-01 0.000000000000000000e+00
-2.652901709079742432e-01 6.272934079170227051e-01 7.854749448597431183e-03 0.000000000000000000e+00
-1.398072540760040283e-01 6.950809955596923828e-01 -1.580964624881744385e-01 1.000000000000000000e+00
-5.812523886561393738e-03 7.321615219116210938e-01 -3.465590178966522217e-01 1.000000000000000000e+00
1.679821908473968506e-01 7.145465612411499023e-01 -4.085530042648315430e-01 1.000000000000000000e+00
3.067583739757537842e-01 6.373047232627868652e-01 -4.348801374435424805e-01 1.000000000000000000e+00
4.689863920211791992e-01 5.193755030632019043e-01 -3.343489766120910645e-01 1.000000000000000000e+00
5.931985378265380859e-01 3.788024485111236572e-01 -2.448595315217971802e-01 1.000000000000000000e+00
6.858804225921630859e-01 2.016209065914154053e-01 -9.083612263202667236e-02 1.000000000000000000e+00
7.343289852142333984e-01 2.862091874703764915e-03 7.407613098621368408e-03 1.000000000000000000e+00
7.456884980201721191e-01 -1.927302181720733643e-01 3.433370217680931091e-02 1.000000000000000000e+00
7.107255458831787109e-01 -4.071503579616546631e-01 -1.764186285436153412e-02 1.000000000000000000e+00
6.845403909683227539e-01 -6.011472344398498535e-01 -6.473355740308761597e-02 1.000000000000000000e+00
-7.365043163299560547e-01 -2.616668045520782471e-01 -1.355428993701934814e-01 1.000000000000000000e+00
-7.413669228553771973e-01 -4.196995496749877930e-01 -3.327343761920928955e-01 1.000000000000000000e+00
-6.464996933937072754e-01 -4.676987528800964355e-01 -5.061523914337158203e-01 1.000000000000000000e+00
-5.077540874481201172e-01 -4.746485054492950439e-01 -6.124810576438903809e-01 1.000000000000000000e+00
-3.745804727077484131e-01 -4.591863155364990234e-01 -6.626997590065002441e-01 1.000000000000000000e+00
-1.837467104196548462e-01 -5.125515460968017578e-01 -7.217759490013122559e-01 1.000000000000000000e+00
-6.890127807855606079e-02 -5.967200398445129395e-01 -7.472199201583862305e-01 1.000000000000000000e+00
8.913630992174148560e-02 -6.712779402732849121e-01 -7.277689576148986816e-01 1.000000000000000000e+00
2.661248147487640381e-01 -6.991638541221618652e-01 -6.325374245643615723e-01 1.000000000000000000e+00
4.324277639389038086e-01 -5.838414430618286133e-01 -4.855507314205169678e-01 1.000000000000000000e+00
-2.387698143720626831e-01 -3.305124938488006592e-01 -6.936177611351013184e-01 1.000000000000000000e+00
-2.177204340696334839e-01 -1.933501958847045898e-01 -7.530215978622436523e-01 1.000000000000000000e+00
-2.085114270448684692e-01 -8.813269436359405518e-02 -8.122050762176513672e-01 1.000000000000000000e+00
-1.931568384170532227e-01 1.874393410980701447e-02 -8.542173504829406738e-01 1.000000000000000000e+00
-2.253549695014953613e-01 1.398444771766662598e-01 -6.228933930397033691e-01 1.000000000000000000e+00
-1.706839352846145630e-01 1.487315446138381958e-01 -6.654790639877319336e-01 1.000000000000000000e+00
-1.140120029449462891e-01 1.553519517183303833e-01 -7.007159590721130371e-01 1.000000000000000000e+00
-5.765662342309951782e-02 1.197989508509635925e-01 -7.011272311210632324e-01 1.000000000000000000e+00
-1.297580893151462078e-03 8.138106018304824829e-02 -6.928121447563171387e-01 1.000000000000000000e+00
-6.253058314323425293e-01 -1.985569447278976440e-01 -3.481049239635467529e-01 1.000000000000000000e+00
-5.756845474243164062e-01 -2.513147890567779541e-01 -4.708434641361236572e-01 1.000000000000000000e+00
-4.867024123668670654e-01 -2.712625563144683838e-01 -5.038887262344360352e-01 1.000000000000000000e+00
-3.840852677822113037e-01 -2.523823976516723633e-01 -4.959785640239715576e-01 1.000000000000000000e+00
-4.565043449401855469e-01 -2.033879458904266357e-01 -4.816111326217651367e-01 1.000000000000000000e+00
-5.432621240615844727e-01 -1.747331619262695312e-01 -4.441485404968261719e-01 1.000000000000000000e+00
-4.211516585201025009e-03 -3.521682322025299072e-01 -6.157455444335937500e-01 1.000000000000000000e+00
5.621595680713653564e-02 -4.213748872280120850e-01 -6.749063730239868164e-01 1.000000000000000000e+00
1.484167724847793579e-01 -4.527769386768341064e-01 -6.957427859306335449e-01 1.000000000000000000e+00
2.726518809795379639e-01 -4.414951205253601074e-01 -6.225661635398864746e-01 1.000000000000000000e+00
1.735361069440841675e-01 -3.660261034965515137e-01 -6.630890369415283203e-01 1.000000000000000000e+00
7.830835133790969849e-02 -3.447026014328002930e-01 -6.466175913810729980e-01 1.000000000000000000e+00
-2.156466096639633179e-01 4.021198153495788574e-01 -5.012155771255493164e-01 1.000000000000000000e+00
-1.934392750263214111e-01 3.619115054607391357e-01 -6.119487285614013672e-01 1.000000000000000000e+00
-1.268738210201263428e-01 3.238628208637237549e-01 -6.888309717178344727e-01 1.000000000000000000e+00
-7.240970432758331299e-02 3.161714673042297363e-01 -7.131317257881164551e-01 1.000000000000000000e+00
-1.606814377009868622e-02 2.944656908512115479e-01 -7.234715223312377930e-01 1.000000000000000000e+00
9.132264554500579834e-02 2.857052385807037354e-01 -6.981147527694702148e-01 1.000000000000000000e+00
1.962495148181915283e-01 2.850295305252075195e-01 -6.238801479339599609e-01 1.000000000000000000e+00
1.430817991495132446e-01 3.469944000244140625e-01 -6.638209223747253418e-01 1.000000000000000000e+00
5.276201665401458740e-02 4.044964611530303955e-01 -6.895777583122253418e-01 1.000000000000000000e+00
-7.162559311836957932e-03 4.287168383598327637e-01 -6.752970814704895020e-01 1.000000000000000000e+00
-6.994472444057464600e-02 4.395101070404052734e-01 -6.512156128883361816e-01 1.000000000000000000e+00
-1.539633274078369141e-01 4.322803020477294922e-01 -5.780254006385803223e-01 1.000000000000000000e+00
-2.095218747854232788e-01 4.005299210548400879e-01 -5.009369850158691406e-01 1.000000000000000000e+00
-9.418229013681411743e-02 3.786663115024566650e-01 -6.335936188697814941e-01 1.000000000000000000e+00
-4.112501814961433411e-02 3.652284145355224609e-01 -6.555133461952209473e-01 1.000000000000000000e+00
1.491861045360565186e-02 3.498211503028869629e-01 -6.652747392654418945e-01 1.000000000000000000e+00
1.939072310924530029e-01 2.857402861118316650e-01 -6.234809756278991699e-01 1.000000000000000000e+00
3.355236724019050598e-02 3.326075971126556396e-01 -6.789785027503967285e-01 1.000000000000000000e+00
-2.706079743802547455e-02 3.518167734146118164e-01 -6.664216518402099609e-01 1.000000000000000000e+00
-8.545544743537902832e-02 3.679211735725402832e-01 -6.434584259986877441e-01 1.000000000000000000e+00
