-7.151629924774169922e-01 -1.822138130664825439e-01
-6.899802684783935547e-01 -2.008019573986530304e-02
-6.223698258399963379e-01 1.450198739767074585e-01
-5.462017655372619629e-01 2.935045957565307617e-01
-4.604974389076232910e-01 4.306758344173431396e-01
-3.444793820381164551e-01 5.632125735282897949e-01
-2.031811624765396118e-01 6.796815395355224609e-01
-1.513626240193843842e-02 7.688836455345153809e-01
1.474918276071548462e-01 7.732375860214233398e-01
3.174593150615692139e-01 6.911695003509521484e-01
4.835949838161468506e-01 5.572410821914672852e-01
5.986146330833435059e-01 3.894675970077514648e-01
6.864516139030456543e-01 2.051519155502319336e-01
7.344909906387329102e-01 7.715872954577207565e-03
7.404477596282958984e-01 -1.879412531852722168e-01
7.063023447990417480e-01 -4.015986621379852295e-01
6.799955964088439941e-01 -5.974770188331604004e-01
-7.318863272666931152e-01 -2.827198505401611328e-01
-7.342599034309387207e-01 -4.302735924720764160e-01
-6.374101042747497559e-01 -4.785335659980773926e-01
-5.025638341903686523e-01 -4.856244921684265137e-01
-3.716588318347930908e-01 -4.695405066013336182e-01
-1.917539983987808228e-01 -5.225160121917724609e-01
-7.940924167633056641e-02 -6.034700274467468262e-01
7.535354048013687134e-02 -6.693312525749206543e-01
2.559970021247863770e-01 -6.985875964164733887e-01
4.215892851352691650e-01 -5.970904231071472168e-01
-2.447327524423599243e-01 -3.466166257858276367e-01
-2.259055823087692261e-01 -2.215889096260070801e-01
-2.186379134654998779e-01 -1.229862794280052185e-01
-2.045870721340179443e-01 -2.471253834664821625e-02
-2.571481168270111084e-01 7.715637981891632080e-02
-1.917786300182342529e-01 8.995276689529418945e-02
-1.279550343751907349e-01 9.046915173530578613e-02
-6.520392000675201416e-02 5.573989450931549072e-02
-5.627708742395043373e-04 9.322100318968296051e-03
-6.200961470603942871e-01 -2.019488811492919922e-01
-5.588324069976806641e-01 -2.218478024005889893e-01
-4.802011549472808838e-01 -2.452176064252853394e-01
-3.848477602005004883e-01 -2.606526613235473633e-01
-4.657597243785858154e-01 -2.189001142978668213e-01
-5.476104021072387695e-01 -1.905124187469482422e-01
-1.534583326429128647e-02 -3.572648763656616211e-01
6.162996590137481689e-02 -3.862972259521484375e-01
1.439433693885803223e-01 -4.068937301635742188e-01
2.580301463603973389e-01 -4.365778863430023193e-01
1.571606844663619995e-01 -3.774419426918029785e-01
6.803202629089355469e-02 -3.594246506690979004e-01
-2.353000342845916748e-01 3.499413132667541504e-01
-2.284041345119476318e-01 2.737641930580139160e-01
-1.485860198736190796e-01 2.328878492116928101e-01
-8.528843522071838379e-02 2.221974730491638184e-01
-1.959113404154777527e-02 1.979092359542846680e-01
1.119788214564323425e-01 1.837794780731201172e-01
2.466376125812530518e-01 2.258533984422683716e-01
1.980134844779968262e-01 3.573833703994750977e-01
9.647522121667861938e-02 4.285035729408264160e-01
2.457914128899574280e-02 4.567719697952270508e-01
-5.063592270016670227e-02 4.636640846729278564e-01
-1.535055935382843018e-01 4.444357156753540039e-01
-2.271946072578430176e-01 3.509020805358886719e-01
-1.134471371769905090e-01 2.699591815471649170e-01
-5.328344926238059998e-02 2.510196864604949951e-01
1.175800804048776627e-02 2.364291697740554810e-01
2.441903352737426758e-01 2.255794107913970947e-01
8.448114991188049316e-02 3.549491763114929199e-01
1.599739678204059601e-02 3.747383952140808105e-01
-5.426964163780212402e-02 3.886479735374450684e-01
