-7.010722756385803223e-01 -2.313497811555862427e-01 4.058437049388885498e-01 0.000000000000000000e+00
-6.168753504753112793e-01 -5.464770272374153137e-02 4.344658851623535156e-01 0.000000000000000000e+00
-5.219881534576416016e-01 1.446650475263595581e-01 4.533249139785766602e-01 0.000000000000000000e+00
-4.417445361614227295e-01 3.200057744979858398e-01 3.932052254676818848e-01 0.000000000000000000e+00
-3.638596236705780029e-01 4.834131300449371338e-01 2.646939754486083984e-01 0.000000000000000000e+00
-2.816224694252014160e-01 6.187816858291625977e-01 7.716199010610580444e-02 0.000000000000000000e+00
-1.508358865976333618e-01 7.159596085548400879e-01 -6.638011336326599121e-02 1.000000000000000000e+00
-3.027783008292317390e-03 7.697539925575256348e-01 -2.343907803297042847e-01 1.000000000000000000e+00
1.746692955493927002e-01 7.697995305061340332e-01 -2.882470190525054932e-01 1.000000000000000000e+00
3.171938061714172363e-01 6.915942430496215820e-01 -3.112843334674835205e-01 1.000000000000000000e+00
4.829291105270385742e-01 5.577470064163208008e-01 -2.324801683425903320e-01 1.000000000000000000e+00
5.983543992042541504e-01 3.912914991378784180e-01 -1.663737297058105469e-01 1.000000000000000000e+00
6.866846680641174316e-01 2.074077874422073364e-01 -3.983094915747642517e-02 1.000000000000000000e+00
7.346838116645812988e-01 1.057345978915691376e-02 4.297241196036338806e-02 1.000000000000000000e+00
7.424256801605224609e-01 -1.851370781660079956e-01 6.648709625005722046e-02 1.000000000000000000e+00
7.076121568679809570e-01 -4.023508429527282715e-01 1.664794422686100006e-02 1.000000000000000000e+00
6.813952922821044922e-01 -5.965166091918945312e-01 -2.688410878181457520e-02 1.000000000000000000e+00
-7.318863272666931152e-01 -2.827198505401611328e-01 -8.596973121166229248e-02 1.000000000000000000e+00
-7.342599034309387207e-01 -4.302735924720764160e-01 -2.760715186595916748e-01 1.000000000000000000e+00
-6.374101042747497559e-01 -4.785335659980773926e-01 -4.467363059520721436e-01 1.000000000000000000e+00
-5.025638341903686523e-01 -4.856244921684265137e-01 -5.507710576057434082e-01 1.000000000000000000e+00
-3.716588318347930908e-01 -4.695405066013336182e-01 -6.012429594993591309e-01 1.000000000000000000e+00
-1.917539983987808228e-01 -5.225160121917724609e-01 -6.583034396171569824e-01 1.000000000000000000e+00
-7.940924167633056641e-02 -6.034700274467468262e-01 -6.843318939208984375e-01 1.000000000000000000e+00
7.535354048013687134e-02 -6.693312525749206543e-01 -6.713724732398986816e-01 1.000000000000000000e+00
2.559970021247863770e-01 -6.985875964164733887e-01 -5.819746255874633789e-01 1.000000000000000000e+00
4.215892851352691650e-01 -5.970904231071472168e-01 -4.418117403984069824e-01 1.000000000000000000e+00
-2.447327524423599243e-01 -3.466166257858276367e-01 -6.324970126152038574e-01 1.000000000000000000e+00
-2.259055823087692261e-01 -2.215889096260070801e-01 -6.883399486541748047e-01 1.000000000000000000e+00
-2.186379134654998779e-01 -1.229862794280052185e-01 -7.500851154327392578e-01 1.000000000000000000e+00
-2.045870721340179443e-01 -2.471253834664821625e-02 -7.926681637763977051e-01 1.000000000000000000e+00
-2.571481168270111084e-01 7.715637981891632080e-02 -5.600297451019287109e-01 1.000000000000000000e+00
-1.917786300182342529e-01 8.995276689529418945e-02 -6.032125353813171387e-01 1.000000000000000000e+00
-1.279550343751907349e-01 9.046915173530578613e-02 -6.357950568199157715e-01 1.000000000000000000e+00
-6.520392000675201416e-02 5.573989450931549072e-02 -6.432662606239318848e-01 1.000000000000000000e+00
-5.627708742395043373e-04 9.322100318968296051e-03 -6.415706872940063477e-01 1.000000000000000000e+00
-6.200961470603942871e-01 -2.019488811492919922e-01 -3.058457970619201660e-01 1.000000000000000000e+00
-5.588324069976806641e-01 -2.218478024005889893e-01 -4.240400791168212891e-01 1.000000000000000000e+00
-4.802011549472808838e-01 -2.452176064252853394e-01 -4.515193700790405273e-01 1.000000000000000000e+00
-3.848477602005004883e-01 -2.606526613235473633e-01 -4.514135420322418213e-01 1.000000000000000000e+00
-4.657597243785858154e-01 -2.189001142978668213e-01 -4.402596354484558105e-01 1.000000000000000000e+00
-5.476104021072387695e-01 -1.905124187469482422e-01 -4.047807157039642334e-01 1.000000000000000000e+00
-1.534583326429128647e-02 -3.572648763656616211e-01 -5.713343024253845215e-01 1.000000000000000000e+00
6.162996590137481689e-02 -3.862972259521484375e-01 -6.243112683296203613e-01 1.000000000000000000e+00
1.439433693885803223e-01 -4.068937301635742188e-01 -6.460356116294860840e-01 1.000000000000000000e+00
2.580301463603973389e-01 -4.365778863430023193e-01 -5.850533843040466309e-01 1.000000000000000000e+00
1.571606844663619995e-01 -3.774419426918029785e-01 -6.296041011810302734e-01 1.000000000000000000e+00
6.803202629089355469e-02 -3.594246506690979004e-01 -6.101167798042297363e-01 1.000000000000000000e+00
-2.353000342845916748e-01 3.499413132667541504e-01 -3.573575317859649658e-01 1.000000000000000000e+00
-2.284041345119476318e-01 2.737641930580139160e-01 -4.953342676162719727e-01 1.000000000000000000e+00
-1.485860198736190796e-01 2.328878492116928101e-01 -5.974590778350830078e-01 1.000000000000000000e+00
-8.528843522071838379e-02 2.221974730491638184e-01 -6.253442764282226562e-01 1.000000000000000000e+00
-1.959113404154777527e-02 1.979092359542846680e-01 -6.370652318000793457e-01 1.000000000000000000e+00
1.119788214564323425e-01 1.837794780731201172e-01 -5.967568159103393555e-01 1.000000000000000000e+00
2.466376125812530518e-01 2.258533984422683716e-01 -4.876686632633209229e-01 1.000000000000000000e+00
1.980134844779968262e-01 3.573833703994750977e-01 -5.297100543975830078e-01 1.000000000000000000e+00
9.647522121667861938e-02 4.285035729408264160e-01 -5.691294074058532715e-01 1.000000000000000000e+00
2.457914128899574280e-02 4.567719697952270508e-01 -5.569561123847961426e-01 1.000000000000000000e+00
-5.063592270016670227e-02 4.636640846729278564e-01 -5.304014086723327637e-01 1.000000000000000000e+00
-1.535055935382843018e-01 4.444357156753540039e-01 -4.451336860656738281e-01 1.000000000000000000e+00
-2.271946072578430176e-01 3.509020805358886719e-01 -3.540014326572418213e-01 1.000000000000000000e+00
-1.134471371769905090e-01 2.699591815471649170e-01 -5.222190618515014648e-01 0.000000000000000000e+00
-5.328344926238059998e-02 2.510196864604949951e-01 -5.466850996017456055e-01 1.000000000000000000e+00
1.175800804048776627e-02 2.364291697740554810e-01 -5.609890818595886230e-01 0.000000000000000000e+00
2.441903352737426758e-01 2.255794107913970947e-01 -4.875491559505462646e-01 1.000000000000000000e+00
8.448114991188049316e-02 3.549491763114929199e-01 -5.287781357765197754e-01 1.000000000000000000e+00
1.599739678204059601e-02 3.747383952140808105e-01 -5.205415487289428711e-01 1.000000000000000000e+00
-5.426964163780212402e-02 3.886479735374450684e-01 -4.941438436508178711e-01 1.000000000000000000e+00
