-7.249218821525573730e-01 -1.598880589008331299e-01
-6.927240490913391113e-01 2.018705755472183228e-02
-6.148520708084106445e-01 1.835689693689346313e-01
-5.292731523513793945e-01 3.241644799709320068e-01
-4.496442079544067383e-01 4.628501832485198975e-01
-3.467365503311157227e-01 5.914129018783569336e-01
-2.171013057231903076e-01 6.845982670783996582e-01
-5.753916501998901367e-02 7.545526027679443359e-01
9.613958001136779785e-02 7.483896017074584961e-01
2.663562595844268799e-01 6.733505129814147949e-01
4.396646916866302490e-01 5.552258491516113281e-01
5.746071338653564453e-01 4.133006632328033447e-01
6.778225898742675781e-01 2.297134101390838623e-01
7.366084456443786621e-01 2.589568682014942169e-02
7.526664733886718750e-01 -1.751245111227035522e-01
7.186822295188903809e-01 -3.917240500450134277e-01
6.936566829681396484e-01 -5.881100296974182129e-01
-7.507097721099853516e-01 -2.659517824649810791e-01
-7.621946334838867188e-01 -4.150218665599822998e-01
-6.720323562622070312e-01 -4.515030682086944580e-01
-5.364357829093933105e-01 -4.475992023944854736e-01
-4.054657518863677979e-01 -4.268320798873901367e-01
-2.165414243936538696e-01 -4.758186638355255127e-01
-1.015743091702461243e-01 -5.573942661285400391e-01
5.986892431974411011e-02 -6.323286890983581543e-01
2.434511482715606689e-01 -6.655945777893066406e-01
4.179353117942810059e-01 -5.555861592292785645e-01
-2.722071409225463867e-01 -2.925258874893188477e-01
-2.547009587287902832e-01 -1.517990976572036743e-01
-2.503374516963958740e-01 -4.634873196482658386e-02
-2.394388318061828613e-01 6.092855334281921387e-02
-2.620651721954345703e-01 1.689162850379943848e-01
-2.092258334159851074e-01 1.830302923917770386e-01
-1.549165695905685425e-01 1.931663900613784790e-01
-9.854578971862792969e-02 1.576829552650451660e-01
-4.111152887344360352e-02 1.175438910722732544e-01
-6.419519186019897461e-01 -1.631843298673629761e-01
-5.839409232139587402e-01 -1.747579425573348999e-01
-5.040684938430786133e-01 -1.971864998340606689e-01
-4.077690243721008301e-01 -2.121970653533935547e-01
-4.861001968383789062e-01 -1.698292493820190430e-01
-5.721524953842163086e-01 -1.422103196382522583e-01
-3.077240847051143646e-02 -3.011128306388854980e-01
4.489538073539733887e-02 -3.293769359588623047e-01
1.302501410245895386e-01 -3.480890691280364990e-01
2.486970424652099609e-01 -3.789434731006622314e-01
1.465812176465988159e-01 -3.151364624500274658e-01
5.086177587509155273e-02 -2.981422841548919678e-01
-2.510067224502563477e-01 4.320864975452423096e-01
-2.330902516841888428e-01 3.942054212093353271e-01
-1.681767255067825317e-01 3.606179654598236084e-01
-1.139930933713912964e-01 3.564718663692474365e-01
-5.766572803258895874e-02 3.337602615356445312e-01
5.107617378234863281e-02 3.242830932140350342e-01
1.557997912168502808e-01 3.259066939353942871e-01
1.004541590809822083e-01 3.908472359180450439e-01
7.800339255481958389e-03 4.486262202262878418e-01
-5.232670158147811890e-02 4.721105992794036865e-01
-1.159110516309738159e-01 4.799977838993072510e-01
-1.974205374717712402e-01 4.678086638450622559e-01
-2.448000758886337280e-01 4.302951991558074951e-01
-1.334257125854492188e-01 4.108066856861114502e-01
-8.007822930812835693e-02 4.002113938331604004e-01
-2.480905316770076752e-02 3.844772875308990479e-01
1.535532623529434204e-01 3.265303969383239746e-01
-1.000447012484073639e-02 3.708276152610778809e-01
-7.087703049182891846e-02 3.877256810665130615e-01
-1.302863806486129761e-01 4.031580090522766113e-01
