-7.010248303413391113e-01 -2.484112977981567383e-01 3.685989081859588623e-01 0.000000000000000000e+00
-6.137156486511230469e-01 -6.672871857881546021e-02 4.069807231426239014e-01 0.000000000000000000e+00
-5.129149556159973145e-01 1.366063505411148071e-01 4.359534680843353271e-01 0.000000000000000000e+00
-4.243327379226684570e-01 3.192019462585449219e-01 3.761432766914367676e-01 0.000000000000000000e+00
-3.475593626499176025e-01 4.933049380779266357e-01 2.393686920404434204e-01 0.000000000000000000e+00
-2.775652408599853516e-01 6.356061100959777832e-01 3.317905217409133911e-02 0.000000000000000000e+00
-1.626458317041397095e-01 7.104929089546203613e-01 -1.405423730611801147e-01 1.000000000000000000e+00
-4.102704674005508423e-02 7.549463510513305664e-01 -3.391301333904266357e-01 1.000000000000000000e+00
1.281785666942596436e-01 7.459753751754760742e-01 -4.102796912193298340e-01 1.000000000000000000e+00
2.663562595844268799e-01 6.733505129814147949e-01 -4.454983770847320557e-01 1.000000000000000000e+00
4.396646916866302490e-01 5.552258491516113281e-01 -3.527566194534301758e-01 1.000000000000000000e+00
5.746071338653564453e-01 4.133006632328033447e-01 -2.720597982406616211e-01 1.000000000000000000e+00
6.778225898742675781e-01 2.297134101390838623e-01 -1.294091641902923584e-01 1.000000000000000000e+00
7.366084456443786621e-01 2.589568682014942169e-02 -4.346227645874023438e-02 1.000000000000000000e+00
7.526664733886718750e-01 -1.751245111227035522e-01 -2.898506633937358856e-02 1.000000000000000000e+00
7.186822295188903809e-01 -3.917240500450134277e-01 -9.031131863594055176e-02 1.000000000000000000e+00
6.936566829681396484e-01 -5.881100296974182129e-01 -1.452628821134567261e-01 1.000000000000000000e+00
-7.507097721099853516e-01 -2.659517824649810791e-01 -1.383618563413619995e-01 1.000000000000000000e+00
-7.621946334838867188e-01 -4.150218665599822998e-01 -3.481166064739227295e-01 1.000000000000000000e+00
-6.720323562622070312e-01 -4.515030682086944580e-01 -5.302900671958923340e-01 1.000000000000000000e+00
-5.364357829093933105e-01 -4.475992023944854736e-01 -6.454553008079528809e-01 1.000000000000000000e+00
-4.054657518863677979e-01 -4.268320798873901367e-01 -7.014141082763671875e-01 1.000000000000000000e+00
-2.165414243936538696e-01 -4.758186638355255127e-01 -7.714669704437255859e-01 1.000000000000000000e+00
-1.015743091702461243e-01 -5.573942661285400391e-01 -8.049249649047851562e-01 1.000000000000000000e+00
5.986892431974411011e-02 -6.323286890983581543e-01 -7.975004911422729492e-01 1.000000000000000000e+00
2.434511482715606689e-01 -6.655945777893066406e-01 -7.107753753662109375e-01 1.000000000000000000e+00
4.179353117942810059e-01 -5.555861592292785645e-01 -5.621534585952758789e-01 1.000000000000000000e+00
-2.722071409225463867e-01 -2.925258874893188477e-01 -7.304018735885620117e-01 1.000000000000000000e+00
-2.547009587287902832e-01 -1.517990976572036743e-01 -7.832764387130737305e-01 1.000000000000000000e+00
-2.503374516963958740e-01 -4.634873196482658386e-02 -8.393983244895935059e-01 1.000000000000000000e+00
-2.394388318061828613e-01 6.092855334281921387e-02 -8.787637948989868164e-01 1.000000000000000000e+00
-2.620651721954345703e-01 1.689162850379943848e-01 -6.372663378715515137e-01 1.000000000000000000e+00
-2.092258334159851074e-01 1.830302923917770386e-01 -6.824223995208740234e-01 1.000000000000000000e+00
-1.549165695905685425e-01 1.931663900613784790e-01 -7.198778986930847168e-01 1.000000000000000000e+00
-9.854578971862792969e-02 1.576829552650451660e-01 -7.252503037452697754e-01 1.000000000000000000e+00
-4.111152887344360352e-02 1.175438910722732544e-01 -7.217732667922973633e-01 1.000000000000000000e+00
-6.419519186019897461e-01 -1.631843298673629761e-01 -3.628303110599517822e-01 1.000000000000000000e+00
-5.839409232139587402e-01 -1.747579425573348999e-01 -4.872625172138214111e-01 1.000000000000000000e+00
-5.040684938430786133e-01 -1.971864998340606689e-01 -5.201585292816162109e-01 1.000000000000000000e+00
-4.077690243721008301e-01 -2.121970653533935547e-01 -5.236162543296813965e-01 1.000000000000000000e+00
-4.861001968383789062e-01 -1.698292493820190430e-01 -5.060109496116638184e-01 1.000000000000000000e+00
-5.721524953842163086e-01 -1.422103196382522583e-01 -4.630706906318664551e-01 1.000000000000000000e+00
-3.077240847051143646e-02 -3.011128306388854980e-01 -6.665433049201965332e-01 1.000000000000000000e+00
4.489538073539733887e-02 -3.293769359588623047e-01 -7.263758182525634766e-01 1.000000000000000000e+00
1.302501410245895386e-01 -3.480890691280364990e-01 -7.519387006759643555e-01 1.000000000000000000e+00
2.486970424652099609e-01 -3.789434731006622314e-01 -6.923994421958923340e-01 1.000000000000000000e+00
1.465812176465988159e-01 -3.151364624500274658e-01 -7.286500334739685059e-01 1.000000000000000000e+00
5.086177587509155273e-02 -2.981422841548919678e-01 -7.052277326583862305e-01 1.000000000000000000e+00
-2.510067224502563477e-01 4.320864975452423096e-01 -5.061046481132507324e-01 1.000000000000000000e+00
-2.330902516841888428e-01 3.942054212093353271e-01 -6.136222481727600098e-01 1.000000000000000000e+00
-1.681767255067825317e-01 3.606179654598236084e-01 -6.955926418304443359e-01 1.000000000000000000e+00
-1.139930933713912964e-01 3.564718663692474365e-01 -7.231958508491516113e-01 1.000000000000000000e+00
-5.766572803258895874e-02 3.337602615356445312e-01 -7.372596859931945801e-01 1.000000000000000000e+00
5.107617378234863281e-02 3.242830932140350342e-01 -7.167133688926696777e-01 1.000000000000000000e+00
1.557997912168502808e-01 3.259066939353942871e-01 -6.512585282325744629e-01 1.000000000000000000e+00
1.004541590809822083e-01 3.908472359180450439e-01 -6.865006089210510254e-01 1.000000000000000000e+00
7.800339255481958389e-03 4.486262202262878418e-01 -7.075670361518859863e-01 1.000000000000000000e+00
-5.232670158147811890e-02 4.721105992794036865e-01 -6.878012418746948242e-01 1.000000000000000000e+00
-1.159110516309738159e-01 4.799977838993072510e-01 -6.599546670913696289e-01 1.000000000000000000e+00
-1.974205374717712402e-01 4.678086638450622559e-01 -5.845682621002197266e-01 1.000000000000000000e+00
-2.448000758886337280e-01 4.302951991558074951e-01 -5.057177543640136719e-01 1.000000000000000000e+00
-1.334257125854492188e-01 4.108066856861114502e-01 -6.361466050148010254e-01 0.000000000000000000e+00
-8.007822930812835693e-02 4.002113938331604004e-01 -6.612018346786499023e-01 1.000000000000000000e+00
-2.480905316770076752e-02 3.844772875308990479e-01 -6.750721335411071777e-01 0.000000000000000000e+00
1.535532623529434204e-01 3.265303969383239746e-01 -6.506585478782653809e-01 1.000000000000000000e+00
-1.000447012484073639e-02 3.708276152610778809e-01 -6.953260302543640137e-01 1.000000000000000000e+00
-7.087703049182891846e-02 3.877256810665130615e-01 -6.785963177680969238e-01 1.000000000000000000e+00
-1.302863806486129761e-01 4.031580090522766113e-01 -6.526035070419311523e-01 1.000000000000000000e+00
