-7.098422646522521973e-01 -1.529529392719268799e-01
-6.761974096298217773e-01 1.567064039409160614e-02
-6.001765131950378418e-01 1.769227832555770874e-01
-5.207244157791137695e-01 3.168130218982696533e-01
-4.321056008338928223e-01 4.533055722713470459e-01
-3.219235539436340332e-01 5.809949636459350586e-01
-1.800155788660049438e-01 6.782352328300476074e-01
2.613354008644819260e-04 7.474141120910644531e-01
1.596821993589401245e-01 7.367758750915527344e-01
3.276335597038269043e-01 6.546668410301208496e-01
4.887571930885314941e-01 5.259857773780822754e-01
6.046691536903381348e-01 3.700518310070037842e-01
6.902932524681091309e-01 1.880473941564559937e-01
7.320246696472167969e-01 -1.255040895193815231e-02
7.345043420791625977e-01 -2.070667147636413574e-01
6.995045542716979980e-01 -4.108943343162536621e-01
6.700755357742309570e-01 -6.066275238990783691e-01
-7.291191816329956055e-01 -2.526290714740753174e-01
-7.346162796020507812e-01 -4.074564278125762939e-01
-6.387319564819335938e-01 -4.591737091541290283e-01
-5.005702376365661621e-01 -4.690946340560913086e-01
-3.673252463340759277e-01 -4.550083577632904053e-01
-1.812814921140670776e-01 -5.123910307884216309e-01
-6.893832981586456299e-02 -5.989919900894165039e-01
8.594133704900741577e-02 -6.728721857070922852e-01
2.618669569492340088e-01 -7.027620673179626465e-01
4.266360700130462646e-01 -5.936965942382812500e-01
-2.329005450010299683e-01 -3.319698572158813477e-01
-2.101841270923614502e-01 -2.018548846244812012e-01
-1.999085098505020142e-01 -1.010148823261260986e-01
-1.835641115903854370e-01 7.401795592159032822e-04
-2.252660095691680908e-01 1.142482310533523560e-01
-1.657795459032058716e-01 1.239047572016716003e-01
-1.058141663670539856e-01 1.270981729030609131e-01
-4.725470766425132751e-02 9.056633710861206055e-02
1.118309237062931061e-02 4.734141752123832703e-02
-6.174796223640441895e-01 -1.894275546073913574e-01
-5.646020770072937012e-01 -2.355076670646667480e-01
-4.792385995388031006e-01 -2.578347027301788330e-01
-3.789997696876525879e-01 -2.496671229600906372e-01
-4.533677399158477783e-01 -2.015119493007659912e-01
-5.375915765762329102e-01 -1.715940833091735840e-01
-1.887304824776947498e-03 -3.554596304893493652e-01
6.075574085116386414e-02 -4.187129735946655273e-01
1.498864889144897461e-01 -4.497804343700408936e-01
2.709430754184722900e-01 -4.471959173679351807e-01
1.731179803609848022e-01 -3.741551339626312256e-01
8.102788031101226807e-02 -3.519513309001922607e-01
-2.100714594125747681e-01 3.866408467292785645e-01
-1.938479542732238770e-01 3.259114325046539307e-01
-1.218708157539367676e-01 2.835136651992797852e-01
-6.366605311632156372e-02 2.733922600746154785e-01
-3.810162190347909927e-03 2.496090531349182129e-01
1.125749573111534119e-01 2.389135211706161499e-01
2.271687388420104980e-01 2.600786387920379639e-01
1.770001947879791260e-01 3.518547117710113525e-01
8.280353993177413940e-02 4.158063530921936035e-01
1.854245923459529877e-02 4.420610070228576660e-01
-4.862262681126594543e-02 4.526439607143402100e-01
-1.407564133405685425e-01 4.423425793647766113e-01
-2.030888199806213379e-01 3.859217762947082520e-01
-8.799552172422409058e-02 3.318072557449340820e-01
-3.233354166150093079e-02 3.147864043712615967e-01
2.694369107484817505e-02 2.991168498992919922e-01
2.247263044118881226e-01 2.603494524955749512e-01
6.595947593450546265e-02 3.445824980735778809e-01
2.583166584372520447e-03 3.645996451377868652e-01
-5.971765145659446716e-02 3.807666897773742676e-01
