-7.048071622848510742e-01 -2.031295448541641235e-01 3.735836148262023926e-01 1.000000000000000000e+00
-6.169816255569458008e-01 -2.792385965585708618e-02 4.046628773212432861e-01 0.000000000000000000e+00
-5.157235860824584961e-01 1.678898483514785767e-01 4.257272779941558838e-01 0.000000000000000000e+00
-4.259107708930969238e-01 3.383998274803161621e-01 3.625221550464630127e-01 0.000000000000000000e+00
-3.418410122394561768e-01 5.000303983688354492e-01 2.286823391914367676e-01 0.000000000000000000e+00
-2.558681368827819824e-01 6.286544203758239746e-01 2.968404255807399750e-02 0.000000000000000000e+00
-1.271371245384216309e-01 7.065216302871704102e-01 -1.256475299596786499e-01 1.000000000000000000e+00
1.347288489341735840e-02 7.494885325431823730e-01 -3.025788962841033936e-01 1.000000000000000000e+00
1.884459406137466431e-01 7.355035543441772461e-01 -3.599043786525726318e-01 1.000000000000000000e+00
3.276129662990570068e-01 6.557063460350036621e-01 -3.839459717273712158e-01 1.000000000000000000e+00
4.870675206184387207e-01 5.275810360908508301e-01 -2.919016182422637939e-01 1.000000000000000000e+00
6.036795973777770996e-01 3.746227920055389404e-01 -2.099005728960037231e-01 1.000000000000000000e+00
6.906234622001647949e-01 1.936569064855575562e-01 -6.453178077936172485e-02 1.000000000000000000e+00
7.329906225204467773e-01 -4.444099962711334229e-03 2.978031523525714874e-02 1.000000000000000000e+00
7.414360642433166504e-01 -1.988909691572189331e-01 5.788699537515640259e-02 1.000000000000000000e+00
7.037307024002075195e-01 -4.124957323074340820e-01 8.329557254910469055e-03 1.000000000000000000e+00
6.746600270271301270e-01 -6.049431562423706055e-01 -3.586556017398834229e-02 1.000000000000000000e+00
-7.291191816329956055e-01 -2.526290714740753174e-01 -1.185416206717491150e-01 1.000000000000000000e+00
-7.346162796020507812e-01 -4.074564278125762939e-01 -3.106065392494201660e-01 1.000000000000000000e+00
-6.387319564819335938e-01 -4.591737091541290283e-01 -4.810238182544708252e-01 1.000000000000000000e+00
-5.005702376365661621e-01 -4.690946340560913086e-01 -5.843607783317565918e-01 1.000000000000000000e+00
-3.673252463340759277e-01 -4.550083577632904053e-01 -6.339261531829833984e-01 1.000000000000000000e+00
-1.812814921140670776e-01 -5.123910307884216309e-01 -6.901358366012573242e-01 1.000000000000000000e+00
-6.893832981586456299e-02 -5.989919900894165039e-01 -7.136918902397155762e-01 1.000000000000000000e+00
8.594133704900741577e-02 -6.728721857070922852e-01 -6.943489313125610352e-01 1.000000000000000000e+00
2.618669569492340088e-01 -7.027620673179626465e-01 -5.993860363960266113e-01 1.000000000000000000e+00
4.266360700130462646e-01 -5.936965942382812500e-01 -4.551706314086914062e-01 1.000000000000000000e+00
-2.329005450010299683e-01 -3.319698572158813477e-01 -6.645012497901916504e-01 1.000000000000000000e+00
-2.101841270923614502e-01 -2.018548846244812012e-01 -7.217239737510681152e-01 1.000000000000000000e+00
-1.999085098505020142e-01 -1.010148823261260986e-01 -7.820028066635131836e-01 1.000000000000000000e+00
-1.835641115903854370e-01 7.401795592159032822e-04 -8.244825005531311035e-01 1.000000000000000000e+00
-2.252660095691680908e-01 1.142482310533523560e-01 -5.951619148254394531e-01 1.000000000000000000e+00
-1.657795459032058716e-01 1.239047572016716003e-01 -6.378347277641296387e-01 1.000000000000000000e+00
-1.058141663670539856e-01 1.270981729030609131e-01 -6.719276309013366699e-01 1.000000000000000000e+00
-4.725470766425132751e-02 9.056633710861206055e-02 -6.743023395538330078e-01 1.000000000000000000e+00
1.118309237062931061e-02 4.734141752123832703e-02 -6.671836376190185547e-01 1.000000000000000000e+00
-6.174796223640441895e-01 -1.894275546073913574e-01 -3.319024443626403809e-01 1.000000000000000000e+00
-5.646020770072937012e-01 -2.355076670646667480e-01 -4.510300755500793457e-01 1.000000000000000000e+00
-4.792385995388031006e-01 -2.578347027301788330e-01 -4.814037382602691650e-01 1.000000000000000000e+00
-3.789997696876525879e-01 -2.496671229600906372e-01 -4.755261242389678955e-01 1.000000000000000000e+00
-4.533677399158477783e-01 -2.015119493007659912e-01 -4.635832607746124268e-01 1.000000000000000000e+00
-5.375915765762329102e-01 -1.715940833091735840e-01 -4.282554686069488525e-01 1.000000000000000000e+00
-1.887304824776947498e-03 -3.554596304893493652e-01 -5.916208624839782715e-01 1.000000000000000000e+00
6.075574085116386414e-02 -4.187129735946655273e-01 -6.476542353630065918e-01 1.000000000000000000e+00
1.498864889144897461e-01 -4.497804343700408936e-01 -6.675105094909667969e-01 1.000000000000000000e+00
2.709430754184722900e-01 -4.471959173679351807e-01 -5.971378684043884277e-01 1.000000000000000000e+00
1.731179803609848022e-01 -3.741551339626312256e-01 -6.404204368591308594e-01 1.000000000000000000e+00
8.102788031101226807e-02 -3.519513309001922607e-01 -6.241914033889770508e-01 1.000000000000000000e+00
-2.100714594125747681e-01 3.866408467292785645e-01 -4.469384253025054932e-01 1.000000000000000000e+00
-1.938479542732238770e-01 3.259114325046539307e-01 -5.683402419090270996e-01 1.000000000000000000e+00
-1.218708157539367676e-01 2.835136651992797852e-01 -6.541267633438110352e-01 1.000000000000000000e+00
-6.366605311632156372e-02 2.733922600746154785e-01 -6.793447732925415039e-01 1.000000000000000000e+00
-3.810162190347909927e-03 2.496090531349182129e-01 -6.901435852050781250e-01 1.000000000000000000e+00
1.125749573111534119e-01 2.389135211706161499e-01 -6.588005423545837402e-01 1.000000000000000000e+00
2.271687388420104980e-01 2.600786387920379639e-01 -5.698849558830261230e-01 1.000000000000000000e+00
1.770001947879791260e-01 3.518547117710113525e-01 -6.113901138305664062e-01 1.000000000000000000e+00
8.280353993177413940e-02 4.158063530921936035e-01 -6.422325372695922852e-01 1.000000000000000000e+00
1.854245923459529877e-02 4.420610070228576660e-01 -6.294986605644226074e-01 1.000000000000000000e+00
-4.862262681126594543e-02 4.526439607143402100e-01 -6.044995784759521484e-01 1.000000000000000000e+00
-1.407564133405685425e-01 4.423425793647766113e-01 -5.274119973182678223e-01 1.000000000000000000e+00
-2.030888199806213379e-01 3.859217762947082520e-01 -4.450422823429107666e-01 1.000000000000000000e+00
-8.799552172422409058e-02 3.318072557449340820e-01 -5.916404128074645996e-01 1.000000000000000000e+00
-3.233354166150093079e-02 3.147864043712615967e-01 -6.138026118278503418e-01 1.000000000000000000e+00
2.694369107484817505e-02 2.991168498992919922e-01 -6.252809762954711914e-01 1.000000000000000000e+00
2.247263044118881226e-01 2.603494524955749512e-01 -5.694301724433898926e-01 1.000000000000000000e+00
6.595947593450546265e-02 3.445824980735778809e-01 -6.188582181930541992e-01 1.000000000000000000e+00
2.583166584372520447e-03 3.645996451377868652e-01 -6.082347631454467773e-01 1.000000000000000000e+00
-5.971765145659446716e-02 3.807666897773742676e-01 -5.842521786689758301e-01 1.000000000000000000e+00
