-5.355194807052612305e-01 -6.450589895248413086e-01
-6.219288706779479980e-01 -4.519137144088745117e-01
-6.745774745941162109e-01 -2.739766538143157959e-01
-7.203436493873596191e-01 -1.241866052150726318e-01
-7.544943094253540039e-01 4.888460412621498108e-02
-7.511529326438903809e-01 2.296219319105148315e-01
-6.940381526947021484e-01 4.228483438491821289e-01
-5.867385864257812500e-01 6.147411465644836426e-01
-4.502903521060943604e-01 7.235012054443359375e-01
-2.707688808441162109e-01 7.651189565658569336e-01
-5.051130056381225586e-02 7.561072111129760742e-01
1.511759608983993530e-01 6.984335780143737793e-01
3.168360590934753418e-01 5.938946008682250977e-01
4.722608029842376709e-01 4.492566287517547607e-01
5.894778370857238770e-01 3.005466759204864502e-01
7.039209604263305664e-01 1.385092288255691528e-01
8.126030564308166504e-01 -2.211675792932510376e-02
-4.621389508247375488e-01 -6.599693894386291504e-01
-3.432177007198333740e-01 -7.403247356414794922e-01
-2.227996438741683960e-01 -6.807030439376831055e-01
-1.046023145318031311e-01 -5.768837928771972656e-01
-9.637601673603057861e-03 -4.694956839084625244e-01
1.709202229976654053e-01 -3.793739080429077148e-01
3.153545856475830078e-01 -3.638796508312225342e-01
4.779255986213684082e-01 -3.194331824779510498e-01
6.225318908691406250e-01 -2.456847131252288818e-01
6.628685593605041504e-01 -8.725827187299728394e-02
7.437197491526603699e-03 -2.809761166572570801e-01
-6.293466687202453613e-02 -1.512213498353958130e-01
-1.236534714698791504e-01 -4.816063493490219116e-02
-1.813707649707794189e-01 5.614983662962913513e-02
-3.093118369579315186e-01 5.175143480300903320e-02
-2.647869884967803955e-01 1.094560995697975159e-01
-2.141775786876678467e-01 1.599480211734771729e-01
-1.408134102821350098e-01 1.738028228282928467e-01
-6.384197622537612915e-02 1.804075390100479126e-01
-3.955819010734558105e-01 -4.917312860488891602e-01
-3.151638209819793701e-01 -4.677392244338989258e-01
-2.319622486829757690e-01 -4.207763969898223877e-01
-1.610223054885864258e-01 -3.475345075130462646e-01
-2.525224685668945312e-01 -3.628218770027160645e-01
-3.400697112083435059e-01 -4.041265845298767090e-01
1.820233166217803955e-01 -1.665740460157394409e-01
2.765617370605468750e-01 -1.575137227773666382e-01
3.667189180850982666e-01 -1.177539378404617310e-01
4.524928331375122070e-01 -5.344340205192565918e-02
3.320429623126983643e-01 -5.427115410566329956e-02
2.454897910356521606e-01 -1.019940525293350220e-01
-4.921713471412658691e-01 1.735179871320724487e-01
-4.227560162544250488e-01 1.864091008901596069e-01
-3.264808356761932373e-01 2.378108650445938110e-01
-2.675578594207763672e-01 2.785171866416931152e-01
-1.988898664712905884e-01 3.040658831596374512e-01
-9.159998595714569092e-02 3.579933643341064453e-01
-1.246910076588392258e-02 4.120448231697082520e-01
-1.343643516302108765e-01 4.572255611419677734e-01
-2.614893615245819092e-01 4.477649629116058350e-01
-3.354099392890930176e-01 4.205012023448944092e-01
-4.001356363296508789e-01 3.793573677539825439e-01
-4.753429889678955078e-01 2.900097370147705078e-01
-4.881612956523895264e-01 1.772188991308212280e-01
-3.351140022277832031e-01 2.715984284877777100e-01
-2.713122665882110596e-01 3.042798936367034912e-01
-2.071624100208282471e-01 3.381520509719848633e-01
-1.399127487093210220e-02 4.110017716884613037e-01
-2.262132167816162109e-01 3.795192837715148926e-01
-2.980049252510070801e-01 3.506145775318145752e-01
-3.645655214786529541e-01 3.123754858970642090e-01
