-5.175175070762634277e-01 -7.126618027687072754e-01 4.308613948523998260e-03 1.000000000000000000e+00
-5.775211453437805176e-01 -5.290239453315734863e-01 7.197495549917221069e-02 1.000000000000000000e+00
-6.380354166030883789e-01 -3.158696591854095459e-01 1.351895481348037720e-01 1.000000000000000000e+00
-6.867044568061828613e-01 -1.121902987360954285e-01 1.085638254880905151e-01 0.000000000000000000e+00
-7.246705889701843262e-01 9.411542862653732300e-02 6.462279241532087326e-03 0.000000000000000000e+00
-7.354382276535034180e-01 2.882637679576873779e-01 -1.644902080297470093e-01 0.000000000000000000e+00
-6.752830743789672852e-01 4.628846645355224609e-01 -2.956626117229461670e-01 1.000000000000000000e+00
-5.807486176490783691e-01 6.207736134529113770e-01 -4.554038047790527344e-01 1.000000000000000000e+00
-4.339444935321807861e-01 7.323368191719055176e-01 -4.897366464138031006e-01 1.000000000000000000e+00
-2.725884616374969482e-01 7.656905055046081543e-01 -4.947590231895446777e-01 1.000000000000000000e+00
-6.403723359107971191e-02 7.606936097145080566e-01 -3.769264519214630127e-01 1.000000000000000000e+00
1.260384619235992432e-01 7.100452184677124023e-01 -2.806745469570159912e-01 1.000000000000000000e+00
3.024608194828033447e-01 6.023110747337341309e-01 -1.322850883007049561e-01 1.000000000000000000e+00
4.622884988784790039e-01 4.619844257831573486e-01 -4.620865732431411743e-02 1.000000000000000000e+00
5.995854735374450684e-01 3.134298920631408691e-01 -3.401672840118408203e-02 1.000000000000000000e+00
7.206867933273315430e-01 1.354954689741134644e-01 -1.113718226552009583e-01 1.000000000000000000e+00
8.300600051879882812e-01 -2.324246987700462341e-02 -1.792078912258148193e-01 1.000000000000000000e+00
-4.621389508247375488e-01 -6.599693894386291504e-01 -4.979110658168792725e-01 1.000000000000000000e+00
-3.432177007198333740e-01 -7.403247356414794922e-01 -7.063140869140625000e-01 1.000000000000000000e+00
-2.227996438741683960e-01 -6.807030439376831055e-01 -8.626116514205932617e-01 1.000000000000000000e+00
-1.046023145318031311e-01 -5.768837928771972656e-01 -9.406374692916870117e-01 1.000000000000000000e+00
-9.637601673603057861e-03 -4.694956839084625244e-01 -9.607886672019958496e-01 1.000000000000000000e+00
1.709202229976654053e-01 -3.793739080429077148e-01 -9.865345358848571777e-01 1.000000000000000000e+00
3.153545856475830078e-01 -3.638796508312225342e-01 -9.990325570106506348e-01 1.000000000000000000e+00
4.779255986213684082e-01 -3.194331824779510498e-01 -9.562162756919860840e-01 1.000000000000000000e+00
6.225318908691406250e-01 -2.456847131252288818e-01 -8.302805423736572266e-01 1.000000000000000000e+00
6.628685593605041504e-01 -8.725827187299728394e-02 -6.438194513320922852e-01 1.000000000000000000e+00
7.437197491526603699e-03 -2.809761166572570801e-01 -9.537914991378784180e-01 1.000000000000000000e+00
-6.293466687202453613e-02 -1.512213498353958130e-01 -1.002143502235412598e+00 1.000000000000000000e+00
-1.236534714698791504e-01 -4.816063493490219116e-02 -1.053602933883666992e+00 1.000000000000000000e+00
-1.813707649707794189e-01 5.614983662962913513e-02 -1.089101076126098633e+00 1.000000000000000000e+00
-3.093118369579315186e-01 5.175143480300903320e-02 -8.326959013938903809e-01 1.000000000000000000e+00
-2.647869884967803955e-01 1.094560995697975159e-01 -8.638187050819396973e-01 1.000000000000000000e+00
-2.141775786876678467e-01 1.599480211734771729e-01 -8.836805820465087891e-01 1.000000000000000000e+00
-1.408134102821350098e-01 1.738028228282928467e-01 -8.811526298522949219e-01 1.000000000000000000e+00
-6.384197622537612915e-02 1.804075390100479126e-01 -8.662571907043457031e-01 1.000000000000000000e+00
-3.955819010734558105e-01 -4.917312860488891602e-01 -6.770938634872436523e-01 1.000000000000000000e+00
-3.151638209819793701e-01 -4.677392244338989258e-01 -7.919762730598449707e-01 1.000000000000000000e+00
-2.319622486829757690e-01 -4.207763969898223877e-01 -8.069082498550415039e-01 1.000000000000000000e+00
-1.610223054885864258e-01 -3.475345075130462646e-01 -7.771423459053039551e-01 1.000000000000000000e+00
-2.525224685668945312e-01 -3.628218770027160645e-01 -7.764618396759033203e-01 1.000000000000000000e+00
-3.400697112083435059e-01 -4.041265845298767090e-01 -7.553255558013916016e-01 1.000000000000000000e+00
1.820233166217803955e-01 -1.665740460157394409e-01 -8.277767896652221680e-01 1.000000000000000000e+00
2.765617370605468750e-01 -1.575137227773666382e-01 -8.801159858703613281e-01 1.000000000000000000e+00
3.667189180850982666e-01 -1.177539378404617310e-01 -8.864456415176391602e-01 1.000000000000000000e+00
4.524928331375122070e-01 -5.344340205192565918e-02 -7.913661599159240723e-01 1.000000000000000000e+00
3.320429623126983643e-01 -5.427115410566329956e-02 -8.466779589653015137e-01 1.000000000000000000e+00
2.454897910356521606e-01 -1.019940525293350220e-01 -8.456870317459106445e-01 1.000000000000000000e+00
-4.921713471412658691e-01 1.735179871320724487e-01 -5.914968848228454590e-01 1.000000000000000000e+00
-4.227560162544250488e-01 1.864091008901596069e-01 -7.319393754005432129e-01 1.000000000000000000e+00
-3.264808356761932373e-01 2.378108650445938110e-01 -8.180831670761108398e-01 1.000000000000000000e+00
-2.675578594207763672e-01 2.785171866416931152e-01 -8.335016369819641113e-01 1.000000000000000000e+00
-1.988898664712905884e-01 3.040658831596374512e-01 -8.360950946807861328e-01 1.000000000000000000e+00
-9.159998595714569092e-02 3.579933643341064453e-01 -7.769337892532348633e-01 1.000000000000000000e+00
-1.246910076588392258e-02 4.120448231697082520e-01 -6.570361852645874023e-01 1.000000000000000000e+00
-1.343643516302108765e-01 4.572255611419677734e-01 -7.163461446762084961e-01 1.000000000000000000e+00
-2.614893615245819092e-01 4.477649629116058350e-01 -7.664316296577453613e-01 1.000000000000000000e+00
-3.354099392890930176e-01 4.205012023448944092e-01 -7.621030807495117188e-01 1.000000000000000000e+00
-4.001356363296508789e-01 3.793573677539825439e-01 -7.443206906318664551e-01 1.000000000000000000e+00
-4.753429889678955078e-01 2.900097370147705078e-01 -6.678727269172668457e-01 1.000000000000000000e+00
-4.881612956523895264e-01 1.772188991308212280e-01 -5.888885259628295898e-01 1.000000000000000000e+00
-3.351140022277832031e-01 2.715984284877777100e-01 -7.373752593994140625e-01 0.000000000000000000e+00
-2.713122665882110596e-01 3.042798936367034912e-01 -7.505628466606140137e-01 0.000000000000000000e+00
-2.071624100208282471e-01 3.381520509719848633e-01 -7.552312016487121582e-01 0.000000000000000000e+00
-1.399127487093210220e-02 4.110017716884613037e-01 -6.573126316070556641e-01 1.000000000000000000e+00
-2.262132167816162109e-01 3.795192837715148926e-01 -7.403857707977294922e-01 1.000000000000000000e+00
-2.980049252510070801e-01 3.506145775318145752e-01 -7.432820796966552734e-01 1.000000000000000000e+00
-3.645655214786529541e-01 3.123754858970642090e-01 -7.194992899894714355e-01 1.000000000000000000e+00
