-6.574619412422180176e-01 -4.899806380271911621e-01
-7.015405297279357910e-01 -3.281442821025848389e-01
-7.114609479904174805e-01 -1.434931159019470215e-01
-7.023689746856689453e-01 1.687113754451274872e-02
-6.768588423728942871e-01 1.776101291179656982e-01
-6.300143599510192871e-01 3.476110696792602539e-01
-5.533840656280517578e-01 5.228115320205688477e-01
-4.219965636730194092e-01 6.966468691825866699e-01
-2.747222185134887695e-01 7.684487104415893555e-01
-8.421225845813751221e-02 7.525797486305236816e-01
1.206572428345680237e-01 6.818647980690002441e-01
2.881193161010742188e-01 5.597064495086669922e-01
4.412234425544738770e-01 4.176044464111328125e-01
5.614046454429626465e-01 2.517541646957397461e-01
6.432257890701293945e-01 7.846527546644210815e-02
6.984093189239501953e-01 -1.195350363850593567e-01
7.515370845794677734e-01 -3.065321445465087891e-01
-6.276059746742248535e-01 -5.871163606643676758e-01
-5.686714649200439453e-01 -7.216188907623291016e-01
-4.590694010257720947e-01 -7.273672819137573242e-01
-3.323490619659423828e-01 -6.810962557792663574e-01
-2.189509272575378418e-01 -6.136137843132019043e-01
-3.638004511594772339e-02 -5.867459774017333984e-01
9.838817268610000610e-02 -6.139674782752990723e-01
2.625720500946044922e-01 -6.089431047439575195e-01
4.327283799648284912e-01 -5.602374672889709473e-01
5.314707756042480469e-01 -4.027327001094818115e-01
-1.540908068418502808e-01 -4.506116211414337158e-01
-1.904209256172180176e-01 -3.250418305397033691e-01
-2.256609201431274414e-01 -2.211039215326309204e-01
-2.546729445457458496e-01 -1.163197159767150879e-01
-3.450486958026885986e-01 -4.273825138807296753e-02
-2.915974855422973633e-01 -8.510394953191280365e-03
-2.342757582664489746e-01 1.695583574473857880e-02
-1.645913124084472656e-01 1.316502597182989120e-02
-9.045360237360000610e-02 1.469981390982866287e-03
-5.477281808853149414e-01 -4.895910322666168213e-01
-4.786142110824584961e-01 -5.151395797729492188e-01
-3.917374610900878906e-01 -4.965527951717376709e-01
-3.064610660076141357e-01 -4.393511712551116943e-01
-3.956557810306549072e-01 -4.271709322929382324e-01
-4.806368052959442139e-01 -4.360778629779815674e-01
5.069008469581604004e-02 -3.779079616069793701e-01
1.344598680734634399e-01 -4.092084467411041260e-01
2.271864861249923706e-01 -4.002131521701812744e-01
3.333048224449157715e-01 -3.435833156108856201e-01
2.129310965538024902e-01 -3.188085258007049561e-01
1.251727640628814697e-01 -3.375228643417358398e-01
-4.483331739902496338e-01 2.251342982053756714e-01
-4.032005071640014648e-01 1.492106616497039795e-01
-3.138325214385986328e-01 1.393326073884963989e-01
-2.527095675468444824e-01 1.533907949924468994e-01
-1.860260069370269775e-01 1.616513282060623169e-01
-6.975612044334411621e-02 2.083687782287597656e-01
2.214632183313369751e-02 3.060362040996551514e-01
-7.871061563491821289e-02 4.118916690349578857e-01
-1.977821737527847290e-01 4.421745836734771729e-01
-2.731187641620635986e-01 4.406862258911132812e-01
-3.420579731464385986e-01 4.171192944049835205e-01
-4.208124279975891113e-01 3.533249497413635254e-01
-4.426012337207794189e-01 2.298057675361633301e-01
-2.982304394245147705e-01 1.890793740749359131e-01
-2.387530356645584106e-01 1.951380968093872070e-01
-1.765474975109100342e-01 2.110674381256103516e-01
2.041258849203586578e-02 3.048386275768280029e-01
-1.826133280992507935e-01 3.737797737121582031e-01
-2.505382895469665527e-01 3.673103749752044678e-01
-3.148801326751708984e-01 3.505232334136962891e-01
