-6.366613507270812988e-01 -5.325043201446533203e-01 3.446921706199645996e-01 1.000000000000000000e+00
-6.350825428962707520e-01 -3.410040736198425293e-01 3.787786662578582764e-01 0.000000000000000000e+00
-6.282595992088317871e-01 -1.232711896300315857e-01 4.040411412715911865e-01 0.000000000000000000e+00
-6.239244937896728516e-01 6.781992316246032715e-02 3.514107763767242432e-01 0.000000000000000000e+00
-6.180652379989624023e-01 2.523734271526336670e-01 2.362406849861145020e-01 0.000000000000000000e+00
-5.956825017929077148e-01 4.194754660129547119e-01 6.480603665113449097e-02 0.000000000000000000e+00
-5.204505324363708496e-01 5.759109854698181152e-01 -6.050157174468040466e-02 1.000000000000000000e+00
-4.111637771129608154e-01 7.004955410957336426e-01 -2.083007693290710449e-01 1.000000000000000000e+00
-2.470823973417282104e-01 7.730689048767089844e-01 -2.601537704467773438e-01 1.000000000000000000e+00
-8.459680527448654175e-02 7.531633377075195312e-01 -2.898946404457092285e-01 1.000000000000000000e+00
1.184577494859695435e-01 6.829304099082946777e-01 -2.265761345624923706e-01 1.000000000000000000e+00
2.856697142124176025e-01 5.639397501945495605e-01 -1.690473258495330811e-01 1.000000000000000000e+00
4.395521879196166992e-01 4.232841134071350098e-01 -4.974777624011039734e-02 1.000000000000000000e+00
5.588369965553283691e-01 2.590308785438537598e-01 2.866215817630290985e-02 1.000000000000000000e+00
6.460520625114440918e-01 8.823837339878082275e-02 4.971535131335258484e-02 1.000000000000000000e+00
7.030066251754760742e-01 -1.193627789616584778e-01 -1.799396006390452385e-03 1.000000000000000000e+00
7.546589970588684082e-01 -3.032166659832000732e-01 -4.605726525187492371e-02 1.000000000000000000e+00
-6.276059746742248535e-01 -5.871163606643676758e-01 -1.345553100109100342e-01 1.000000000000000000e+00
-5.686714649200439453e-01 -7.216188907623291016e-01 -3.219881653785705566e-01 1.000000000000000000e+00
-4.590694010257720947e-01 -7.273672819137573242e-01 -4.880281090736389160e-01 1.000000000000000000e+00
-3.323490619659423828e-01 -6.810962557792663574e-01 -5.855399370193481445e-01 1.000000000000000000e+00
-2.189509272575378418e-01 -6.136137843132019043e-01 -6.304647922515869141e-01 1.000000000000000000e+00
-3.638004511594772339e-02 -5.867459774017333984e-01 -6.827205419540405273e-01 1.000000000000000000e+00
9.838817268610000610e-02 -6.139674782752990723e-01 -7.083030343055725098e-01 1.000000000000000000e+00
2.625720500946044922e-01 -6.089431047439575195e-01 -6.903186440467834473e-01 1.000000000000000000e+00
4.327283799648284912e-01 -5.602374672889709473e-01 -5.958104729652404785e-01 1.000000000000000000e+00
5.314707756042480469e-01 -4.027327001094818115e-01 -4.520563781261444092e-01 1.000000000000000000e+00
-1.540908068418502808e-01 -4.506116211414337158e-01 -6.604921817779541016e-01 1.000000000000000000e+00
-1.904209256172180176e-01 -3.250418305397033691e-01 -7.218570113182067871e-01 1.000000000000000000e+00
-2.256609201431274414e-01 -2.211039215326309204e-01 -7.841891050338745117e-01 1.000000000000000000e+00
-2.546729445457458496e-01 -1.163197159767150879e-01 -8.277848958969116211e-01 1.000000000000000000e+00
-3.450486958026885986e-01 -4.273825138807296753e-02 -5.878722667694091797e-01 1.000000000000000000e+00
-2.915974855422973633e-01 -8.510394953191280365e-03 -6.288229823112487793e-01 1.000000000000000000e+00
-2.342757582664489746e-01 1.695583574473857880e-02 -6.602893471717834473e-01 1.000000000000000000e+00
-1.645913124084472656e-01 1.316502597182989120e-02 -6.646757125854492188e-01 1.000000000000000000e+00
-9.045360237360000610e-02 1.469981390982866287e-03 -6.600343585014343262e-01 1.000000000000000000e+00
-5.477281808853149414e-01 -4.895910322666168213e-01 -3.353551328182220459e-01 1.000000000000000000e+00
-4.786142110824584961e-01 -5.151395797729492188e-01 -4.522560536861419678e-01 1.000000000000000000e+00
-3.917374610900878906e-01 -4.965527951717376709e-01 -4.816477894783020020e-01 1.000000000000000000e+00
-3.064610660076141357e-01 -4.393511712551116943e-01 -4.738666117191314697e-01 1.000000000000000000e+00
-3.956557810306549072e-01 -4.271709322929382324e-01 -4.636371135711669922e-01 1.000000000000000000e+00
-4.806368052959442139e-01 -4.360778629779815674e-01 -4.304930269718170166e-01 1.000000000000000000e+00
5.069008469581604004e-02 -3.779079616069793701e-01 -5.778979659080505371e-01 1.000000000000000000e+00
1.344598680734634399e-01 -4.092084467411041260e-01 -6.324455142021179199e-01 1.000000000000000000e+00
2.271864861249923706e-01 -4.002131521701812744e-01 -6.521992683410644531e-01 1.000000000000000000e+00
3.333048224449157715e-01 -3.435833156108856201e-01 -5.834190845489501953e-01 1.000000000000000000e+00
2.129310965538024902e-01 -3.188085258007049561e-01 -6.271789073944091797e-01 1.000000000000000000e+00
1.251727640628814697e-01 -3.375228643417358398e-01 -6.118084192276000977e-01 1.000000000000000000e+00
-4.483331739902496338e-01 2.251342982053756714e-01 -3.557140529155731201e-01 1.000000000000000000e+00
-4.032005071640014648e-01 1.492106616497039795e-01 -5.175909996032714844e-01 1.000000000000000000e+00
-3.138325214385986328e-01 1.393326073884963989e-01 -6.212952733039855957e-01 1.000000000000000000e+00
-2.527095675468444824e-01 1.533907949924468994e-01 -6.476985812187194824e-01 1.000000000000000000e+00
-1.860260069370269775e-01 1.616513282060623169e-01 -6.571843624114990234e-01 1.000000000000000000e+00
-6.975612044334411621e-02 2.083687782287597656e-01 -6.105071902275085449e-01 1.000000000000000000e+00
2.214632183313369751e-02 3.060362040996551514e-01 -4.844934642314910889e-01 1.000000000000000000e+00
-7.871061563491821289e-02 4.118916690349578857e-01 -5.161255598068237305e-01 1.000000000000000000e+00
-1.977821737527847290e-01 4.421745836734771729e-01 -5.446187853813171387e-01 1.000000000000000000e+00
-2.731187641620635986e-01 4.406862258911132812e-01 -5.306821465492248535e-01 1.000000000000000000e+00
-3.420579731464385986e-01 4.171192944049835205e-01 -5.052031874656677246e-01 1.000000000000000000e+00
-4.208124279975891113e-01 3.533249497413635254e-01 -4.254213869571685791e-01 1.000000000000000000e+00
-4.426012337207794189e-01 2.298057675361633301e-01 -3.506543040275573730e-01 1.000000000000000000e+00
-2.982304394245147705e-01 1.890793740749359131e-01 -5.425984859466552734e-01 1.000000000000000000e+00
-2.387530356645584106e-01 1.951380968093872070e-01 -5.671996474266052246e-01 1.000000000000000000e+00
-1.765474975109100342e-01 2.110674381256103516e-01 -5.763017535209655762e-01 0.000000000000000000e+00
2.041258849203586578e-02 3.048386275768280029e-01 -4.841637015342712402e-01 1.000000000000000000e+00
-1.826133280992507935e-01 3.737797737121582031e-01 -5.065890550613403320e-01 1.000000000000000000e+00
-2.505382895469665527e-01 3.673103749752044678e-01 -4.954152703285217285e-01 1.000000000000000000e+00
-3.148801326751708984e-01 3.505232334136962891e-01 -4.706909060478210449e-01 1.000000000000000000e+00
