-6.993807554244995117e-01 -6.616923213005065918e-01
-7.124968171119689941e-01 -4.402357339859008789e-01
-7.187170982360839844e-01 -2.439492344856262207e-01
-7.249084711074829102e-01 -5.199127644300460815e-02
-6.997444033622741699e-01 1.594329476356506348e-01
-6.346995234489440918e-01 3.448624312877655029e-01
-5.026972293853759766e-01 5.097885131835937500e-01
-3.398049473762512207e-01 6.562195420265197754e-01
-1.757535636425018311e-01 7.250422239303588867e-01
1.150067546404898167e-03 7.139891982078552246e-01
2.047800421714782715e-01 6.283474564552307129e-01
3.668374419212341309e-01 5.204402208328247070e-01
4.879071414470672607e-01 3.804402351379394531e-01
5.692961812019348145e-01 2.159871309995651245e-01
6.320099234580993652e-01 6.390297412872314453e-02
7.114347815513610840e-01 -1.040647104382514954e-01
7.822324633598327637e-01 -3.294778168201446533e-01
-5.755366086959838867e-01 -5.887333154678344727e-01
-4.502785801887512207e-01 -6.784432530403137207e-01
-2.958054840564727783e-01 -6.353189349174499512e-01
-1.421124935150146484e-01 -5.558192729949951172e-01
-1.829889602959156036e-02 -4.758707582950592041e-01
1.863665580749511719e-01 -4.374816715717315674e-01
3.331704437732696533e-01 -4.631288945674896240e-01
4.996424615383148193e-01 -4.738786220550537109e-01
6.433388590812683105e-01 -4.600843787193298340e-01
7.001808881759643555e-01 -3.360002636909484863e-01
4.685221612453460693e-02 -2.940629124641418457e-01
1.946284994482994080e-02 -1.383046954870223999e-01
-5.149918142706155777e-03 -1.336590759456157684e-02
-2.887674793601036072e-02 1.102562919259071350e-01
-1.869731545448303223e-01 1.088745296001434326e-01
-1.250834017992019653e-01 1.559237092733383179e-01
-6.041336059570312500e-02 1.923907399177551270e-01
1.397898886352777481e-02 1.843012124300003052e-01
8.832831680774688721e-02 1.666435897350311279e-01
-4.451999366283416748e-01 -4.078714549541473389e-01
-3.466024994850158691e-01 -3.787655532360076904e-01
-2.534326016902923584e-01 -3.585659861564636230e-01
-1.644737422466278076e-01 -3.241232633590698242e-01
-2.574402987957000732e-01 -3.163311779499053955e-01
-3.589515089988708496e-01 -3.338728845119476318e-01
2.322648316621780396e-01 -2.393319904804229736e-01
3.328311741352081299e-01 -2.359973788261413574e-01
4.284457564353942871e-01 -2.200475484132766724e-01
5.219519734382629395e-01 -2.095264047384262085e-01
4.148612022399902344e-01 -1.735077649354934692e-01
3.153919279575347900e-01 -1.966053545475006104e-01
-3.552013635635375977e-01 2.290956079959869385e-01
-2.728064060211181641e-01 2.470024675130844116e-01
-1.548354476690292358e-01 2.797540426254272461e-01
-8.387309312820434570e-02 3.055244684219360352e-01
-8.692109957337379456e-03 3.097922503948211670e-01
1.006383523344993591e-01 3.227652609348297119e-01
1.722977310419082642e-01 3.275106549263000488e-01
7.958728075027465820e-02 4.007999002933502197e-01
-3.715412318706512451e-02 4.325272440910339355e-01
-1.160214617848396301e-01 4.262415468692779541e-01
-1.916884034872055054e-01 4.033676683902740479e-01
-2.976100444793701172e-01 3.310641050338745117e-01
-3.510845899581909180e-01 2.310009747743606567e-01
-1.647310703992843628e-01 3.074770271778106689e-01
-9.247270971536636353e-02 3.229687213897705078e-01
-2.052361704409122467e-02 3.367686569690704346e-01
1.707724332809448242e-01 3.272870182991027832e-01
-2.359594963490962982e-02 3.503143787384033203e-01
-1.007829532027244568e-01 3.431660234928131104e-01
-1.788715571165084839e-01 3.228326737880706787e-01
