-7.089371681213378906e-01 -6.827900409698486328e-01 -2.308037281036376953e-01 1.000000000000000000e+00
-7.261142134666442871e-01 -4.920867383480072021e-01 -1.448417752981185913e-01 1.000000000000000000e+00
-7.322755455970764160e-01 -2.727456092834472656e-01 -5.736805498600006104e-02 1.000000000000000000e+00
-7.152311205863952637e-01 -5.393826588988304138e-02 -6.106946244835853577e-02 0.000000000000000000e+00
-6.814412474632263184e-01 1.686448007822036743e-01 -1.432521343231201172e-01 0.000000000000000000e+00
-6.160659790039062500e-01 3.717800080776214600e-01 -2.971591949462890625e-01 1.000000000000000000e+00
-4.897693395614624023e-01 5.238324999809265137e-01 -4.117874801158905029e-01 1.000000000000000000e+00
-3.365068733692169189e-01 6.580860018730163574e-01 -5.558953881263732910e-01 1.000000000000000000e+00
-1.644786745309829712e-01 7.254334092140197754e-01 -5.628627538681030273e-01 1.000000000000000000e+00
-3.271401161327958107e-03 7.139405608177185059e-01 -5.450846552848815918e-01 1.000000000000000000e+00
1.739345937967300415e-01 6.430658698081970215e-01 -3.917938470840454102e-01 1.000000000000000000e+00
3.293600976467132568e-01 5.427559018135070801e-01 -2.699925303459167480e-01 0.000000000000000000e+00
4.485267102718353271e-01 3.786130547523498535e-01 -1.090464070439338684e-01 0.000000000000000000e+00
5.559798479080200195e-01 1.891867667436599731e-01 -2.138819918036460876e-02 0.000000000000000000e+00
6.549437642097473145e-01 3.523689694702625275e-03 -1.524287462234497070e-02 1.000000000000000000e+00
7.397961616516113281e-01 -1.960067451000213623e-01 -1.037242189049720764e-01 1.000000000000000000e+00
8.161136507987976074e-01 -3.760153651237487793e-01 -1.791077554225921631e-01 1.000000000000000000e+00
-5.755366086959838867e-01 -5.887333154678344727e-01 -7.291598916053771973e-01 1.000000000000000000e+00
-4.502785801887512207e-01 -6.784432530403137207e-01 -9.401068687438964844e-01 1.000000000000000000e+00
-2.958054840564727783e-01 -6.353189349174499512e-01 -1.076573491096496582e+00 1.000000000000000000e+00
-1.421124935150146484e-01 -5.558192729949951172e-01 -1.130063891410827637e+00 1.000000000000000000e+00
-1.829889602959156036e-02 -4.758707582950592041e-01 -1.125820517539978027e+00 1.000000000000000000e+00
1.863665580749511719e-01 -4.374816715717315674e-01 -1.120305418968200684e+00 1.000000000000000000e+00
3.331704437732696533e-01 -4.631288945674896240e-01 -1.115234851837158203e+00 1.000000000000000000e+00
4.996424615383148193e-01 -4.738786220550537109e-01 -1.047443628311157227e+00 1.000000000000000000e+00
6.433388590812683105e-01 -4.600843787193298340e-01 -8.951253890991210938e-01 1.000000000000000000e+00
7.001808881759643555e-01 -3.360002636909484863e-01 -6.785516738891601562e-01 1.000000000000000000e+00
4.685221612453460693e-02 -2.940629124641418457e-01 -1.085832834243774414e+00 1.000000000000000000e+00
1.946284994482994080e-02 -1.383046954870223999e-01 -1.119861960411071777e+00 1.000000000000000000e+00
-5.149918142706155777e-03 -1.336590759456157684e-02 -1.159583926200866699e+00 1.000000000000000000e+00
-2.887674793601036072e-02 1.102562919259071350e-01 -1.185611009597778320e+00 1.000000000000000000e+00
-1.869731545448303223e-01 1.088745296001434326e-01 -9.433265924453735352e-01 1.000000000000000000e+00
-1.250834017992019653e-01 1.559237092733383179e-01 -9.611589312553405762e-01 1.000000000000000000e+00
-6.041336059570312500e-02 1.923907399177551270e-01 -9.687559008598327637e-01 1.000000000000000000e+00
1.397898886352777481e-02 1.843012124300003052e-01 -9.573048353195190430e-01 1.000000000000000000e+00
8.832831680774688721e-02 1.666435897350311279e-01 -9.348575472831726074e-01 0.000000000000000000e+00
-4.451999366283416748e-01 -4.078714549541473389e-01 -8.831218481063842773e-01 1.000000000000000000e+00
-3.466024994850158691e-01 -3.787655532360076904e-01 -9.835523366928100586e-01 1.000000000000000000e+00
-2.534326016902923584e-01 -3.585659861564636230e-01 -9.825220108032226562e-01 1.000000000000000000e+00
-1.644737422466278076e-01 -3.241232633590698242e-01 -9.388862252235412598e-01 1.000000000000000000e+00
-2.574402987957000732e-01 -3.163311779499053955e-01 -9.513568282127380371e-01 1.000000000000000000e+00
-3.589515089988708496e-01 -3.338728845119476318e-01 -9.451181292533874512e-01 1.000000000000000000e+00
2.322648316621780396e-01 -2.393319904804229736e-01 -9.299312829971313477e-01 1.000000000000000000e+00
3.328311741352081299e-01 -2.359973788261413574e-01 -9.665752053260803223e-01 1.000000000000000000e+00
4.284457564353942871e-01 -2.200475484132766724e-01 -9.585745930671691895e-01 1.000000000000000000e+00
5.219519734382629395e-01 -2.095264047384262085e-01 -8.499944806098937988e-01 1.000000000000000000e+00
4.148612022399902344e-01 -1.735077649354934692e-01 -9.193887114524841309e-01 1.000000000000000000e+00
3.153919279575347900e-01 -1.966053545475006104e-01 -9.338991641998291016e-01 1.000000000000000000e+00
-3.552013635635375977e-01 2.290956079959869385e-01 -7.308847308158874512e-01 1.000000000000000000e+00
-2.728064060211181641e-01 2.470024675130844116e-01 -8.504052162170410156e-01 1.000000000000000000e+00
-1.548354476690292358e-01 2.797540426254272461e-01 -9.142413139343261719e-01 1.000000000000000000e+00
-8.387309312820434570e-02 3.055244684219360352e-01 -9.179781079292297363e-01 1.000000000000000000e+00
-8.692109957337379456e-03 3.097922503948211670e-01 -9.106744527816772461e-01 1.000000000000000000e+00
1.006383523344993591e-01 3.227652609348297119e-01 -8.389831781387329102e-01 1.000000000000000000e+00
1.722977310419082642e-01 3.275106549263000488e-01 -7.159680128097534180e-01 1.000000000000000000e+00
7.958728075027465820e-02 4.007999002933502197e-01 -7.881203889846801758e-01 1.000000000000000000e+00
-3.715412318706512451e-02 4.325272440910339355e-01 -8.547843694686889648e-01 1.000000000000000000e+00
-1.160214617848396301e-01 4.262415468692779541e-01 -8.600413799285888672e-01 1.000000000000000000e+00
-1.916884034872055054e-01 4.033676683902740479e-01 -8.549671173095703125e-01 1.000000000000000000e+00
-2.976100444793701172e-01 3.310641050338745117e-01 -7.974483370780944824e-01 1.000000000000000000e+00
-3.510845899581909180e-01 2.310009747743606567e-01 -7.286885380744934082e-01 1.000000000000000000e+00
-1.647310703992843628e-01 3.074770271778106689e-01 -8.341596126556396484e-01 0.000000000000000000e+00
-9.247270971536636353e-02 3.229687213897705078e-01 -8.344869017601013184e-01 0.000000000000000000e+00
-2.052361704409122467e-02 3.367686569690704346e-01 -8.301633596420288086e-01 0.000000000000000000e+00
1.707724332809448242e-01 3.272870182991027832e-01 -7.166011929512023926e-01 1.000000000000000000e+00
-2.359594963490962982e-02 3.503143787384033203e-01 -8.374994993209838867e-01 1.000000000000000000e+00
-1.007829532027244568e-01 3.431660234928131104e-01 -8.524016141891479492e-01 1.000000000000000000e+00
-1.788715571165084839e-01 3.228326737880706787e-01 -8.394433259963989258e-01 1.000000000000000000e+00
