-7.101650834083557129e-01 -2.035271078348159790e-01
-6.894154548645019531e-01 -4.069846495985984802e-02
-6.284091472625732422e-01 1.221362650394439697e-01
-5.503257513046264648e-01 2.677636444568634033e-01
-4.657850265502929688e-01 4.066920876502990723e-01
-3.526501655578613281e-01 5.408718585968017578e-01
-2.137638628482818604e-01 6.548839807510375977e-01
-3.818359598517417908e-02 7.438969612121582031e-01
1.191064640879631042e-01 7.468246817588806152e-01
2.903315424919128418e-01 6.717331409454345703e-01
4.612753689289093018e-01 5.481345653533935547e-01
5.866875648498535156e-01 3.944681584835052490e-01
6.837449073791503906e-01 2.150367349386215210e-01
7.393265366554260254e-01 1.686048880219459534e-02
7.593283653259277344e-01 -1.809711605310440063e-01
7.319558262825012207e-01 -3.967560529708862305e-01
7.127984166145324707e-01 -5.918685793876647949e-01
-7.268897294998168945e-01 -3.043968081474304199e-01
-7.332875728607177734e-01 -4.531925022602081299e-01
-6.415718197822570801e-01 -4.986208081245422363e-01
-5.064663887023925781e-01 -4.996005594730377197e-01
-3.752533197402954102e-01 -4.778189361095428467e-01
-1.904646158218383789e-01 -5.270472764968872070e-01
-7.399664819240570068e-02 -6.092931032180786133e-01
8.636295050382614136e-02 -6.740003228187561035e-01
2.709966301918029785e-01 -6.969856023788452148e-01
4.389897584915161133e-01 -5.871897935867309570e-01
-2.509013116359710693e-01 -3.479982912540435791e-01
-2.366243004798889160e-01 -2.166054844856262207e-01
-2.337136119604110718e-01 -1.123963519930839539e-01
-2.238152027130126953e-01 -8.209210820496082306e-03
-2.647042572498321533e-01 8.734825998544692993e-02
-2.038536667823791504e-01 1.037405505776405334e-01
-1.421337872743606567e-01 1.088469102978706360e-01
-7.961850613355636597e-02 7.437182217836380005e-02
-1.674505881965160370e-02 2.958534099161624908e-02
-6.266196370124816895e-01 -2.259507030248641968e-01
-5.724394917488098145e-01 -2.552226185798645020e-01
-4.900832772254943848e-01 -2.741977572441101074e-01
-3.913283944129943848e-01 -2.732917964458465576e-01
-4.706976115703582764e-01 -2.315534353256225586e-01
-5.546425580978393555e-01 -2.060853540897369385e-01
-1.315791625529527664e-02 -3.593881726264953613e-01
5.474867299199104309e-02 -4.080862998962402344e-01
1.422483325004577637e-01 -4.324481785297393799e-01
2.656155228614807129e-01 -4.381690323352813721e-01
1.608751714229583740e-01 -3.720810115337371826e-01
6.902165710926055908e-02 -3.547385931015014648e-01
-2.519029080867767334e-01 3.321026563644409180e-01
-2.419565320014953613e-01 2.764614820480346680e-01
-1.653023958206176758e-01 2.446074485778808594e-01
-1.027317941188812256e-01 2.369502186775207520e-01
-3.714947775006294250e-02 2.142983376979827881e-01
9.189788252115249634e-02 1.993491351604461670e-01
2.235506772994995117e-01 2.225905358791351318e-01
1.671284437179565430e-01 3.387022912502288818e-01
6.222388893365859985e-02 4.065837562084197998e-01
-8.393255993723869324e-03 4.312395751476287842e-01
-8.023507893085479736e-02 4.377873241901397705e-01
-1.780512630939483643e-01 4.155435562133789062e-01
-2.444972991943359375e-01 3.330834209918975830e-01
-1.302258372306823730e-01 2.828976511955261230e-01
-6.991502642631530762e-02 2.667098641395568848e-01
-5.429618526250123978e-03 2.533883154392242432e-01
2.212834507226943970e-01 2.225382775068283081e-01
5.354636907577514648e-02 3.327334821224212646e-01
-1.584701798856258392e-02 3.518950939178466797e-01
-8.396133035421371460e-02 3.633574247360229492e-01
