-6.815680265426635742e-01 -2.613801956176757812e-01 4.186151325702667236e-01 0.000000000000000000e+00
-5.974583029747009277e-01 -8.312144130468368530e-02 4.470939636230468750e-01 0.000000000000000000e+00
-5.017632246017456055e-01 1.178123727440834045e-01 4.654077887535095215e-01 0.000000000000000000e+00
-4.205398261547088623e-01 2.955496907234191895e-01 4.015869498252868652e-01 0.000000000000000000e+00
-3.514497578144073486e-01 4.647120833396911621e-01 2.690964937210083008e-01 0.000000000000000000e+00
-2.823662459850311279e-01 6.014562249183654785e-01 7.283221930265426636e-02 0.000000000000000000e+00
-1.603780984878540039e-01 6.920641064643859863e-01 -8.278056234121322632e-02 1.000000000000000000e+00
-2.383805066347122192e-02 7.459313273429870605e-01 -2.630012631416320801e-01 1.000000000000000000e+00
1.486525088548660278e-01 7.450367212295532227e-01 -3.244752287864685059e-01 1.000000000000000000e+00
2.902266085147857666e-01 6.719076633453369141e-01 -3.526085913181304932e-01 1.000000000000000000e+00
4.610045850276947021e-01 5.482864379882812500e-01 -2.728184163570404053e-01 1.000000000000000000e+00
5.865561962127685547e-01 3.951197266578674316e-01 -2.048581093549728394e-01 1.000000000000000000e+00
6.837947964668273926e-01 2.158307731151580811e-01 -7.335949689149856567e-02 1.000000000000000000e+00
7.393507361412048340e-01 1.794901117682456970e-02 1.002750359475612640e-02 1.000000000000000000e+00
7.601284980773925781e-01 -1.798444837331771851e-01 3.094496019184589386e-02 1.000000000000000000e+00
7.324729561805725098e-01 -3.970205187797546387e-01 -2.307635359466075897e-02 1.000000000000000000e+00
7.133146524429321289e-01 -5.914893150329589844e-01 -7.001653313636779785e-02 1.000000000000000000e+00
-7.268897294998168945e-01 -3.043968081474304199e-01 -7.737974822521209717e-02 1.000000000000000000e+00
-7.332875728607177734e-01 -4.531925022602081299e-01 -2.726387083530426025e-01 1.000000000000000000e+00
-6.415718197822570801e-01 -4.986208081245422363e-01 -4.486570358276367188e-01 1.000000000000000000e+00
-5.064663887023925781e-01 -4.996005594730377197e-01 -5.585436224937438965e-01 1.000000000000000000e+00
-3.752533197402954102e-01 -4.778189361095428467e-01 -6.146992444992065430e-01 1.000000000000000000e+00
-1.904646158218383789e-01 -5.270472764968872070e-01 -6.803215742111206055e-01 1.000000000000000000e+00
-7.399664819240570068e-02 -6.092931032180786133e-01 -7.103263735771179199e-01 1.000000000000000000e+00
8.636295050382614136e-02 -6.740003228187561035e-01 -7.023482322692871094e-01 1.000000000000000000e+00
2.709966301918029785e-01 -6.969856023788452148e-01 -6.185299754142761230e-01 1.000000000000000000e+00
4.389897584915161133e-01 -5.871897935867309570e-01 -4.796835780143737793e-01 1.000000000000000000e+00
-2.509013116359710693e-01 -3.479982912540435791e-01 -6.512811183929443359e-01 1.000000000000000000e+00
-2.366243004798889160e-01 -2.166054844856262207e-01 -7.051833271980285645e-01 1.000000000000000000e+00
-2.337136119604110718e-01 -1.123963519930839539e-01 -7.637816667556762695e-01 1.000000000000000000e+00
-2.238152027130126953e-01 -8.209210820496082306e-03 -8.053089976310729980e-01 1.000000000000000000e+00
-2.647042572498321533e-01 8.734825998544692993e-02 -5.629692077636718750e-01 1.000000000000000000e+00
-2.038536667823791504e-01 1.037405505776405334e-01 -6.076648831367492676e-01 1.000000000000000000e+00
-1.421337872743606567e-01 1.088469102978706360e-01 -6.427806019783020020e-01 1.000000000000000000e+00
-7.961850613355636597e-02 7.437182217836380005e-02 -6.519385576248168945e-01 1.000000000000000000e+00
-1.674505881965160370e-02 2.958534099161624908e-02 -6.515864133834838867e-01 1.000000000000000000e+00
-6.266196370124816895e-01 -2.259507030248641968e-01 -2.973063886165618896e-01 1.000000000000000000e+00
-5.724394917488098145e-01 -2.552226185798645020e-01 -4.199141263961791992e-01 1.000000000000000000e+00
-4.900832772254943848e-01 -2.741977572441101074e-01 -4.527434408664703369e-01 1.000000000000000000e+00
-3.913283944129943848e-01 -2.732917964458465576e-01 -4.541966319084167480e-01 1.000000000000000000e+00
-4.706976115703582764e-01 -2.315534353256225586e-01 -4.382584095001220703e-01 1.000000000000000000e+00
-5.546425580978393555e-01 -2.060853540897369385e-01 -3.986730873584747314e-01 1.000000000000000000e+00
-1.315791625529527664e-02 -3.593881726264953613e-01 -5.902063846588134766e-01 1.000000000000000000e+00
5.474867299199104309e-02 -4.080862998962402344e-01 -6.493044495582580566e-01 1.000000000000000000e+00
1.422483325004577637e-01 -4.324481785297393799e-01 -6.742243170738220215e-01 1.000000000000000000e+00
2.656155228614807129e-01 -4.381690323352813721e-01 -6.127605438232421875e-01 1.000000000000000000e+00
1.608751714229583740e-01 -3.720810115337371826e-01 -6.509748697280883789e-01 1.000000000000000000e+00
6.902165710926055908e-02 -3.547385931015014648e-01 -6.285876035690307617e-01 1.000000000000000000e+00
-2.519029080867767334e-01 3.321026563644409180e-01 -3.619310855865478516e-01 1.000000000000000000e+00
-2.419565320014953613e-01 2.764614820480346680e-01 -4.949164688587188721e-01 1.000000000000000000e+00
-1.653023958206176758e-01 2.446074485778808594e-01 -5.966939330101013184e-01 1.000000000000000000e+00
-1.027317941188812256e-01 2.369502186775207520e-01 -6.269581317901611328e-01 1.000000000000000000e+00
-3.714947775006294250e-02 2.142983376979827881e-01 -6.421523094177246094e-01 1.000000000000000000e+00
9.189788252115249634e-02 1.993491351604461670e-01 -6.099375486373901367e-01 1.000000000000000000e+00
2.235506772994995117e-01 2.225905358791351318e-01 -5.125557184219360352e-01 1.000000000000000000e+00
1.671284437179565430e-01 3.387022912502288818e-01 -5.557571649551391602e-01 1.000000000000000000e+00
6.222388893365859985e-02 4.065837562084197998e-01 -5.894945263862609863e-01 1.000000000000000000e+00
-8.393255993723869324e-03 4.312395751476287842e-01 -5.748442411422729492e-01 1.000000000000000000e+00
-8.023507893085479736e-02 4.377873241901397705e-01 -5.456158518791198730e-01 1.000000000000000000e+00
-1.780512630939483643e-01 4.155435562133789062e-01 -4.555076658725738525e-01 1.000000000000000000e+00
-2.444972991943359375e-01 3.330834209918975830e-01 -3.597161471843719482e-01 1.000000000000000000e+00
-1.302258372306823730e-01 2.828976511955261230e-01 -5.260213613510131836e-01 0.000000000000000000e+00
-6.991502642631530762e-02 2.667098641395568848e-01 -5.520290136337280273e-01 1.000000000000000000e+00
-5.429618526250123978e-03 2.533883154392242432e-01 -5.696789622306823730e-01 0.000000000000000000e+00
2.212834507226943970e-01 2.225382775068283081e-01 -5.123288035392761230e-01 1.000000000000000000e+00
5.354636907577514648e-02 3.327334821224212646e-01 -5.554751157760620117e-01 1.000000000000000000e+00
-1.584701798856258392e-02 3.518950939178466797e-01 -5.455588698387145996e-01 1.000000000000000000e+00
-8.396133035421371460e-02 3.633574247360229492e-01 -5.141746997833251953e-01 1.000000000000000000e+00
