-7.104941010475158691e-01 -1.979889720678329468e-01
-6.892634630203247070e-01 -3.545294702053070068e-02
-6.328470110893249512e-01 1.220525652170181274e-01
-5.531867742538452148e-01 2.620392739772796631e-01
-4.670094251632690430e-01 3.957314193248748779e-01
-3.550714850425720215e-01 5.275096893310546875e-01
-2.171345949172973633e-01 6.400628089904785156e-01
-5.190017446875572205e-02 7.318051457405090332e-01
1.016459241509437561e-01 7.340855598449707031e-01
2.736289799213409424e-01 6.615355610847473145e-01
4.468353986740112305e-01 5.379003286361694336e-01
5.770738124847412109e-01 3.886485397815704346e-01
6.782462596893310547e-01 2.070070654153823853e-01
7.341071963310241699e-01 5.539979320019483566e-03
7.565836906433105469e-01 -1.932536214590072632e-01
7.266946434974670410e-01 -4.079507291316986084e-01
7.048163414001464844e-01 -6.006458401679992676e-01
-7.317902445793151855e-01 -2.999813556671142578e-01
-7.448012232780456543e-01 -4.458287954330444336e-01
-6.590067744255065918e-01 -4.849855303764343262e-01
-5.263066887855529785e-01 -4.835376143455505371e-01
-3.951230943202972412e-01 -4.595813453197479248e-01
-2.086004316806793213e-01 -5.071737766265869141e-01
-9.268018603324890137e-02 -5.899331569671630859e-01
6.815330684185028076e-02 -6.583116650581359863e-01
2.534931302070617676e-01 -6.851108074188232422e-01
4.250605106353759766e-01 -5.768422484397888184e-01
-2.660925090312957764e-01 -3.256183862686157227e-01
-2.516797780990600586e-01 -1.898117959499359131e-01
-2.486720532178878784e-01 -8.266761153936386108e-02
-2.380951195955276489e-01 2.365535683929920197e-02
-2.737019658088684082e-01 1.146297156810760498e-01
-2.138197571039199829e-01 1.300996392965316772e-01
-1.522508561611175537e-01 1.358355879783630371e-01
-9.001180529594421387e-02 1.012646630406379700e-01
-2.716003358364105225e-02 5.789971724152565002e-02
-6.378124952316284180e-01 -2.225347608327865601e-01
-5.930775403976440430e-01 -2.661507129669189453e-01
-5.068307518959045410e-01 -2.815747857093811035e-01
-4.038892984390258789e-01 -2.618857324123382568e-01
-4.793706536293029785e-01 -2.173219919204711914e-01
-5.636205077171325684e-01 -1.935057938098907471e-01
-2.805884741246700287e-02 -3.465578258037567139e-01
3.145060688257217407e-02 -4.102955460548400879e-01
1.216849088668823242e-01 -4.391655325889587402e-01
2.506195008754730225e-01 -4.309407770633697510e-01
1.457201093435287476e-01 -3.566249608993530273e-01
5.301730707287788391e-02 -3.381699323654174805e-01
-2.625367641448974609e-01 3.367418944835662842e-01
-2.480748891830444336e-01 2.985767424106597900e-01
-1.731169372797012329e-01 2.722941040992736816e-01
-1.119277998805046082e-01 2.652604281902313232e-01
-4.790515452623367310e-02 2.430018633604049683e-01
7.821007817983627319e-02 2.239064127206802368e-01
2.070275247097015381e-01 2.309033572673797607e-01
1.442283838987350464e-01 3.356841504573822021e-01
3.791147470474243164e-02 4.007522463798522949e-01
-3.126988559961318970e-02 4.239447414875030518e-01
-1.004578843712806702e-01 4.305042028427124023e-01
-1.937056779861450195e-01 4.095984101295471191e-01
-2.557059228420257568e-01 3.370107114315032959e-01
-1.381530314683914185e-01 3.103781342506408691e-01
-7.866760343313217163e-02 2.951114177703857422e-01
-1.509172748774290085e-02 2.813838720321655273e-01
2.047578096389770508e-01 2.309501171112060547e-01
2.923784218728542328e-02 3.268945813179016113e-01
-4.001569375395774841e-02 3.456195294857025146e-01
-1.059819161891937256e-01 3.565585315227508545e-01
