-6.733847260475158691e-01 -2.768328785896301270e-01 3.955368995666503906e-01 0.000000000000000000e+00
-5.889177918434143066e-01 -1.000873968005180359e-01 4.287368655204772949e-01 0.000000000000000000e+00
-4.907842278480529785e-01 9.771311283111572266e-02 4.523027241230010986e-01 0.000000000000000000e+00
-4.090392291545867920e-01 2.758084833621978760e-01 3.911442160606384277e-01 0.000000000000000000e+00
-3.435505926609039307e-01 4.485344886779785156e-01 2.612208724021911621e-01 0.000000000000000000e+00
-2.801150679588317871e-01 5.878785848617553711e-01 6.450262665748596191e-02 0.000000000000000000e+00
-1.642560660839080811e-01 6.760042905807495117e-01 -9.477224946022033691e-02 1.000000000000000000e+00
-3.697613626718521118e-02 7.332945466041564941e-01 -2.821976542472839355e-01 1.000000000000000000e+00
1.325502246618270874e-01 7.317494153976440430e-01 -3.492407798767089844e-01 1.000000000000000000e+00
2.736289799213409424e-01 6.615355610847473145e-01 -3.825558423995971680e-01 1.000000000000000000e+00
4.468353986740112305e-01 5.379003286361694336e-01 -3.035789430141448975e-01 1.000000000000000000e+00
5.770738124847412109e-01 3.886485397815704346e-01 -2.392775565385818481e-01 1.000000000000000000e+00
6.782462596893310547e-01 2.070070654153823853e-01 -1.113898903131484985e-01 1.000000000000000000e+00
7.341071963310241699e-01 5.539979320019483566e-03 -3.256530687212944031e-02 1.000000000000000000e+00
7.565836906433105469e-01 -1.932536214590072632e-01 -1.790433563292026520e-02 1.000000000000000000e+00
7.266946434974670410e-01 -4.079507291316986084e-01 -7.823903113603591919e-02 1.000000000000000000e+00
7.048163414001464844e-01 -6.006458401679992676e-01 -1.302982121706008911e-01 1.000000000000000000e+00
-7.317902445793151855e-01 -2.999813556671142578e-01 -9.965089708566665649e-02 1.000000000000000000e+00
-7.448012232780456543e-01 -4.458287954330444336e-01 -2.990469932556152344e-01 1.000000000000000000e+00
-6.590067744255065918e-01 -4.849855303764343262e-01 -4.793799519538879395e-01 1.000000000000000000e+00
-5.263066887855529785e-01 -4.835376143455505371e-01 -5.932397842407226562e-01 1.000000000000000000e+00
-3.951230943202972412e-01 -4.595813453197479248e-01 -6.516635417938232422e-01 1.000000000000000000e+00
-2.086004316806793213e-01 -5.071737766265869141e-01 -7.241349220275878906e-01 1.000000000000000000e+00
-9.268018603324890137e-02 -5.899331569671630859e-01 -7.606020569801330566e-01 1.000000000000000000e+00
6.815330684185028076e-02 -6.583116650581359863e-01 -7.558653950691223145e-01 1.000000000000000000e+00
2.534931302070617676e-01 -6.851108074188232422e-01 -6.741161942481994629e-01 1.000000000000000000e+00
4.250605106353759766e-01 -5.768422484397888184e-01 -5.348739027976989746e-01 1.000000000000000000e+00
-2.660925090312957764e-01 -3.256183862686157227e-01 -6.837828755378723145e-01 1.000000000000000000e+00
-2.516797780990600586e-01 -1.898117959499359131e-01 -7.347964644432067871e-01 1.000000000000000000e+00
-2.486720532178878784e-01 -8.266761153936386108e-02 -7.896547317504882812e-01 1.000000000000000000e+00
-2.380951195955276489e-01 2.365535683929920197e-02 -8.280119299888610840e-01 1.000000000000000000e+00
-2.737019658088684082e-01 1.146297156810760498e-01 -5.817682743072509766e-01 1.000000000000000000e+00
-2.138197571039199829e-01 1.300996392965316772e-01 -6.270166039466857910e-01 1.000000000000000000e+00
-1.522508561611175537e-01 1.358355879783630371e-01 -6.632153987884521484e-01 1.000000000000000000e+00
-9.001180529594421387e-02 1.012646630406379700e-01 -6.743829846382141113e-01 1.000000000000000000e+00
-2.716003358364105225e-02 5.789971724152565002e-02 -6.764037609100341797e-01 1.000000000000000000e+00
-6.378124952316284180e-01 -2.225347608327865601e-01 -3.164601624011993408e-01 1.000000000000000000e+00
-5.930775403976440430e-01 -2.661507129669189453e-01 -4.437121152877807617e-01 1.000000000000000000e+00
-5.068307518959045410e-01 -2.815747857093811035e-01 -4.823327362537384033e-01 1.000000000000000000e+00
-4.038892984390258789e-01 -2.618857324123382568e-01 -4.811798930168151855e-01 1.000000000000000000e+00
-4.793706536293029785e-01 -2.173219919204711914e-01 -4.609348773956298828e-01 1.000000000000000000e+00
-5.636205077171325684e-01 -1.935057938098907471e-01 -4.180884063243865967e-01 1.000000000000000000e+00
-2.805884741246700287e-02 -3.465578258037567139e-01 -6.289122104644775391e-01 1.000000000000000000e+00
3.145060688257217407e-02 -4.102955460548400879e-01 -6.937850117683410645e-01 1.000000000000000000e+00
1.216849088668823242e-01 -4.391655325889587402e-01 -7.214303612709045410e-01 1.000000000000000000e+00
2.506195008754730225e-01 -4.309407770633697510e-01 -6.581375002861022949e-01 1.000000000000000000e+00
1.457201093435287476e-01 -3.566249608993530273e-01 -6.913033127784729004e-01 1.000000000000000000e+00
5.301730707287788391e-02 -3.381699323654174805e-01 -6.671331524848937988e-01 1.000000000000000000e+00
-2.625367641448974609e-01 3.367418944835662842e-01 -3.822187483310699463e-01 1.000000000000000000e+00
-2.480748891830444336e-01 2.985767424106597900e-01 -5.131104588508605957e-01 1.000000000000000000e+00
-1.731169372797012329e-01 2.722941040992736816e-01 -6.139008998870849609e-01 1.000000000000000000e+00
-1.119277998805046082e-01 2.652604281902313232e-01 -6.449878811836242676e-01 1.000000000000000000e+00
-4.790515452623367310e-02 2.430018633604049683e-01 -6.621496677398681641e-01 1.000000000000000000e+00
7.821007817983627319e-02 2.239064127206802368e-01 -6.360226273536682129e-01 1.000000000000000000e+00
2.070275247097015381e-01 2.309033572673797607e-01 -5.465714931488037109e-01 1.000000000000000000e+00
1.442283838987350464e-01 3.356841504573822021e-01 -5.887910723686218262e-01 1.000000000000000000e+00
3.791147470474243164e-02 4.007522463798522949e-01 -6.189173460006713867e-01 1.000000000000000000e+00
-3.126988559961318970e-02 4.239447414875030518e-01 -6.026052236557006836e-01 1.000000000000000000e+00
-1.004578843712806702e-01 4.305042028427124023e-01 -5.716456174850463867e-01 1.000000000000000000e+00
-1.937056779861450195e-01 4.095984101295471191e-01 -4.783303737640380859e-01 1.000000000000000000e+00
-2.557059228420257568e-01 3.370107114315032959e-01 -3.813339173793792725e-01 1.000000000000000000e+00
-1.381530314683914185e-01 3.103781342506408691e-01 -5.475188493728637695e-01 0.000000000000000000e+00
-7.866760343313217163e-02 2.951114177703857422e-01 -5.747559070587158203e-01 0.000000000000000000e+00
-1.509172748774290085e-02 2.813838720321655273e-01 -5.943195223808288574e-01 0.000000000000000000e+00
2.047578096389770508e-01 2.309501171112060547e-01 -5.463990569114685059e-01 1.000000000000000000e+00
2.923784218728542328e-02 3.268945813179016113e-01 -5.922286510467529297e-01 1.000000000000000000e+00
-4.001569375395774841e-02 3.456195294857025146e-01 -5.804316401481628418e-01 1.000000000000000000e+00
-1.059819161891937256e-01 3.565585315227508545e-01 -5.464400053024291992e-01 1.000000000000000000e+00
