-5.716644525527954102e-01 -5.753730535507202148e-01
-6.494024395942687988e-01 -4.043368399143218994e-01
-6.986244320869445801e-01 -2.317034304141998291e-01
-7.278782725334167480e-01 -8.552599698305130005e-02
-7.500054240226745605e-01 7.869934290647506714e-02
-7.409061789512634277e-01 2.512618005275726318e-01
-6.774241924285888672e-01 4.350262880325317383e-01
-5.665861964225769043e-01 6.154547333717346191e-01
-4.281576573848724365e-01 7.115658521652221680e-01
-2.458267062902450562e-01 7.458156943321228027e-01
-2.633450925350189209e-02 7.348104715347290039e-01
1.690267473459243774e-01 6.770458221435546875e-01
3.388601839542388916e-01 5.690235495567321777e-01
4.905146956443786621e-01 4.210449159145355225e-01
6.022099256515502930e-01 2.649176120758056641e-01
7.016094326972961426e-01 9.375044703483581543e-02
7.930496335029602051e-01 -7.249453663825988770e-02
-5.101136565208435059e-01 -6.373665928840637207e-01
-4.059042930603027344e-01 -7.325198054313659668e-01
-2.905319631099700928e-01 -6.881548762321472168e-01
-1.722654849290847778e-01 -5.961461067199707031e-01
-7.459621131420135498e-02 -4.969231188297271729e-01
1.069804206490516663e-01 -4.192040860652923584e-01
2.493410706520080566e-01 -4.130068421363830566e-01
4.136010408401489258e-01 -3.772419095039367676e-01
5.651468038558959961e-01 -3.067463934421539307e-01
6.219963431358337402e-01 -1.446021199226379395e-01
-4.584301635622978210e-02 -3.145559728145599365e-01
-1.090887561440467834e-01 -1.886350810527801514e-01
-1.642523705959320068e-01 -8.993362635374069214e-02
-2.156239151954650879e-01 1.142553705722093582e-02
-3.351382017135620117e-01 2.844545990228652954e-02
-2.884115278720855713e-01 8.165664970874786377e-02
-2.360075861215591431e-01 1.279525011777877808e-01
-1.622148305177688599e-01 1.380994617938995361e-01
-8.464332669973373413e-02 1.418476104736328125e-01
-4.419226050376892090e-01 -4.864648580551147461e-01
-3.653025329113006592e-01 -4.757396876811981201e-01
-2.817462086677551270e-01 -4.344092011451721191e-01
-2.085101902484893799e-01 -3.629058301448822021e-01
-2.989984154701232910e-01 -3.722464144229888916e-01
-3.863689899444580078e-01 -4.068358838558197021e-01
1.385042369365692139e-01 -2.051084935665130615e-01
2.298688739538192749e-01 -2.062352299690246582e-01
3.207812607288360596e-01 -1.731913089752197266e-01
4.116067588329315186e-01 -1.082591861486434937e-01
2.909439206123352051e-01 -1.042894348502159119e-01
2.033557295799255371e-01 -1.462204903364181519e-01
-5.001671910285949707e-01 1.733307242393493652e-01
-4.362662732601165771e-01 1.765647977590560913e-01
-3.422570228576660156e-01 2.176360040903091431e-01
-2.827847599983215332e-01 2.533701360225677490e-01
-2.142236232757568359e-01 2.748355269432067871e-01
-1.037735119462013245e-01 3.247537612915039062e-01
-1.852376945316791534e-02 3.777023255825042725e-01
-1.389674991369247437e-01 4.253995120525360107e-01
-2.668847143650054932e-01 4.206692576408386230e-01
-3.412072956562042236e-01 3.982849121093750000e-01
-4.065702557563781738e-01 3.622332215309143066e-01
-4.818627238273620605e-01 2.828001677989959717e-01
-4.960139691829681396e-01 1.770266890525817871e-01
-3.462598919868469238e-01 2.568687796592712402e-01
-2.824235856533050537e-01 2.845082879066467285e-01
-2.180352360010147095e-01 3.142167329788208008e-01
-2.014832757413387299e-02 3.767818212509155273e-01
-2.353451400995254517e-01 3.520141243934631348e-01
-3.075020015239715576e-01 3.277061879634857178e-01
-3.736192286014556885e-01 2.953526377677917480e-01
