-5.434533953666687012e-01 -6.592172384262084961e-01 1.086105927824974060e-01 1.000000000000000000e+00
-5.925551652908325195e-01 -4.727536141872406006e-01 1.670897006988525391e-01 1.000000000000000000e+00
-6.404114365577697754e-01 -2.580829858779907227e-01 2.198563218116760254e-01 0.000000000000000000e+00
-6.805917024612426758e-01 -5.803649127483367920e-02 1.840030997991561890e-01 0.000000000000000000e+00
-7.115972638130187988e-01 1.400541216135025024e-01 7.273059338331222534e-02 0.000000000000000000e+00
-7.168578505516052246e-01 3.210054039955139160e-01 -1.071634143590927124e-01 0.000000000000000000e+00
-6.529007554054260254e-01 4.817109405994415283e-01 -2.489467710256576538e-01 1.000000000000000000e+00
-5.577468276023864746e-01 6.229051947593688965e-01 -4.204874038696289062e-01 1.000000000000000000e+00
-4.071076214313507080e-01 7.228714823722839355e-01 -4.674631953239440918e-01 1.000000000000000000e+00
-2.453590631484985352e-01 7.471504211425781250e-01 -4.805439710617065430e-01 1.000000000000000000e+00
-3.441127389669418335e-02 7.377951741218566895e-01 -3.708180487155914307e-01 1.000000000000000000e+00
1.549900919198989868e-01 6.844860315322875977e-01 -2.794590294361114502e-01 1.000000000000000000e+00
3.295678198337554932e-01 5.790603756904602051e-01 -1.325804889202117920e-01 1.000000000000000000e+00
4.814839661121368408e-01 4.369175732135772705e-01 -4.427532851696014404e-02 1.000000000000000000e+00
6.069400906562805176e-01 2.831218242645263672e-01 -2.756942622363567352e-02 1.000000000000000000e+00
7.109625935554504395e-01 9.649819880723953247e-02 -9.673479199409484863e-02 1.000000000000000000e+00
8.063279390335083008e-01 -6.974070519208908081e-02 -1.581910550594329834e-01 1.000000000000000000e+00
-5.101136565208435059e-01 -6.373665928840637207e-01 -3.900347352027893066e-01 1.000000000000000000e+00
-4.059042930603027344e-01 -7.325198054313659668e-01 -5.951977968215942383e-01 1.000000000000000000e+00
-2.905319631099700928e-01 -6.881548762321472168e-01 -7.568569779396057129e-01 1.000000000000000000e+00
-1.722654849290847778e-01 -5.961461067199707031e-01 -8.437231183052062988e-01 1.000000000000000000e+00
-7.459621131420135498e-02 -4.969231188297271729e-01 -8.739836215972900391e-01 1.000000000000000000e+00
1.069804206490516663e-01 -4.192040860652923584e-01 -9.112100005149841309e-01 1.000000000000000000e+00
2.493410706520080566e-01 -4.130068421363830566e-01 -9.286849498748779297e-01 1.000000000000000000e+00
4.136010408401489258e-01 -3.772419095039367676e-01 -8.948248028755187988e-01 1.000000000000000000e+00
5.651468038558959961e-01 -3.067463934421539307e-01 -7.799816727638244629e-01 1.000000000000000000e+00
6.219963431358337402e-01 -1.446021199226379395e-01 -6.068839430809020996e-01 1.000000000000000000e+00
-4.584301635622978210e-02 -3.145559728145599365e-01 -8.780379295349121094e-01 1.000000000000000000e+00
-1.090887561440467834e-01 -1.886350810527801514e-01 -9.290943741798400879e-01 1.000000000000000000e+00
-1.642523705959320068e-01 -8.993362635374069214e-02 -9.842420220375061035e-01 1.000000000000000000e+00
-2.156239151954650879e-01 1.142553705722093582e-02 -1.022206425666809082e+00 1.000000000000000000e+00
-3.351382017135620117e-01 2.844545990228652954e-02 -7.695612907409667969e-01 1.000000000000000000e+00
-2.884115278720855713e-01 8.165664970874786377e-02 -8.052780032157897949e-01 1.000000000000000000e+00
-2.360075861215591431e-01 1.279525011777877808e-01 -8.298365473747253418e-01 1.000000000000000000e+00
-1.622148305177688599e-01 1.380994617938995361e-01 -8.306704163551330566e-01 1.000000000000000000e+00
-8.464332669973373413e-02 1.418476104736328125e-01 -8.193175196647644043e-01 1.000000000000000000e+00
-4.419226050376892090e-01 -4.864648580551147461e-01 -5.781031250953674316e-01 1.000000000000000000e+00
-3.653025329113006592e-01 -4.757396876811981201e-01 -6.955561637878417969e-01 1.000000000000000000e+00
-2.817462086677551270e-01 -4.344092011451721191e-01 -7.165971398353576660e-01 1.000000000000000000e+00
-2.085101902484893799e-01 -3.629058301448822021e-01 -6.938318610191345215e-01 1.000000000000000000e+00
-2.989984154701232910e-01 -3.722464144229888916e-01 -6.885317564010620117e-01 1.000000000000000000e+00
-3.863689899444580078e-01 -4.068358838558197021e-01 -6.622028946876525879e-01 1.000000000000000000e+00
1.385042369365692139e-01 -2.051084935665130615e-01 -7.671874761581420898e-01 1.000000000000000000e+00
2.298688739538192749e-01 -2.062352299690246582e-01 -8.221222162246704102e-01 1.000000000000000000e+00
3.207812607288360596e-01 -1.731913089752197266e-01 -8.332049250602722168e-01 1.000000000000000000e+00
4.116067588329315186e-01 -1.082591861486434937e-01 -7.459028959274291992e-01 1.000000000000000000e+00
2.909439206123352051e-01 -1.042894348502159119e-01 -7.967388629913330078e-01 1.000000000000000000e+00
2.033557295799255371e-01 -1.462204903364181519e-01 -7.901870012283325195e-01 1.000000000000000000e+00
-5.001671910285949707e-01 1.733307242393493652e-01 -5.378036499023437500e-01 1.000000000000000000e+00
-4.362662732601165771e-01 1.765647977590560913e-01 -6.793361902236938477e-01 1.000000000000000000e+00
-3.422570228576660156e-01 2.176360040903091431e-01 -7.707266807556152344e-01 1.000000000000000000e+00
-2.827847599983215332e-01 2.533701360225677490e-01 -7.906721830368041992e-01 1.000000000000000000e+00
-2.142236232757568359e-01 2.748355269432067871e-01 -7.968111038208007812e-01 1.000000000000000000e+00
-1.037735119462013245e-01 3.247537612915039062e-01 -7.456469535827636719e-01 1.000000000000000000e+00
-1.852376945316791534e-02 3.777023255825042725e-01 -6.344262957572937012e-01 1.000000000000000000e+00
-1.389674991369247437e-01 4.253995120525360107e-01 -6.912396550178527832e-01 1.000000000000000000e+00
-2.668847143650054932e-01 4.206692576408386230e-01 -7.352015376091003418e-01 1.000000000000000000e+00
-3.412072956562042236e-01 3.982849121093750000e-01 -7.260607481002807617e-01 1.000000000000000000e+00
-4.065702557563781738e-01 3.622332215309143066e-01 -7.034698128700256348e-01 1.000000000000000000e+00
-4.818627238273620605e-01 2.828001677989959717e-01 -6.199595928192138672e-01 1.000000000000000000e+00
-4.960139691829681396e-01 1.770266890525817871e-01 -5.360075235366821289e-01 1.000000000000000000e+00
-3.462598919868469238e-01 2.568687796592712402e-01 -6.934451460838317871e-01 0.000000000000000000e+00
-2.824235856533050537e-01 2.845082879066467285e-01 -7.106887698173522949e-01 0.000000000000000000e+00
-2.180352360010147095e-01 3.142167329788208008e-01 -7.193744182586669922e-01 0.000000000000000000e+00
-2.014832757413387299e-02 3.767818212509155273e-01 -6.347446441650390625e-01 1.000000000000000000e+00
-2.353451400995254517e-01 3.520141243934631348e-01 -7.076860666275024414e-01 1.000000000000000000e+00
-3.075020015239715576e-01 3.277061879634857178e-01 -7.057598829269409180e-01 1.000000000000000000e+00
-3.736192286014556885e-01 2.953526377677917480e-01 -6.776513457298278809e-01 1.000000000000000000e+00
