-6.735051274299621582e-01 -6.792016625404357910e-01
-7.083885669708251953e-01 -4.949865639209747314e-01
-7.283534407615661621e-01 -2.899551093578338623e-01
-7.424603104591369629e-01 -9.102628380060195923e-02
-7.161113023757934570e-01 1.418145298957824707e-01
-6.501821875572204590e-01 3.444699943065643311e-01
-5.161007046699523926e-01 5.206093192100524902e-01
-3.473861515522003174e-01 6.760475039482116699e-01
-1.810389757156372070e-01 7.524449229240417480e-01
-5.951899103820323944e-03 7.469273209571838379e-01
1.968094408512115479e-01 6.593801975250244141e-01
3.607016503810882568e-01 5.455297827720642090e-01
4.765050411224365234e-01 4.107318520545959473e-01
5.597057342529296875e-01 2.653992772102355957e-01
6.282045841217041016e-01 1.443859934806823730e-01
7.087162137031555176e-01 -1.749848201870918274e-02
7.706171274185180664e-01 -2.195189893245697021e-01
-5.104769468307495117e-01 -5.700525641441345215e-01
-3.627718091011047363e-01 -6.408197879791259766e-01
-1.986811459064483643e-01 -5.815640091896057129e-01
-4.482432454824447632e-02 -4.928031265735626221e-01
7.473190128803253174e-02 -4.096741974353790283e-01
2.742421925067901611e-01 -3.634536266326904297e-01
4.202783107757568359e-01 -3.821227252483367920e-01
5.804966092109680176e-01 -3.913303017616271973e-01
7.113294005393981934e-01 -3.828635811805725098e-01
7.443552613258361816e-01 -2.701637446880340576e-01
1.287593394517898560e-01 -2.341726571321487427e-01
9.876833111047744751e-02 -8.300253748893737793e-02
7.281017303466796875e-02 4.014972597360610962e-02
4.634188488125801086e-02 1.627002358436584473e-01
-1.302377730607986450e-01 1.441994011402130127e-01
-7.064882665872573853e-02 1.949718296527862549e-01
-8.615385740995407104e-03 2.343795597553253174e-01
6.377808004617691040e-02 2.277766764163970947e-01
1.350067555904388428e-01 2.103139907121658325e-01
-3.726412653923034668e-01 -3.762496709823608398e-01
-2.674790322780609131e-01 -3.378128409385681152e-01
-1.756691634654998779e-01 -3.145563304424285889e-01
-9.172488749027252197e-02 -2.801824212074279785e-01
-1.834467202425003052e-01 -2.754831314086914062e-01
-2.837765514850616455e-01 -2.970202267169952393e-01
2.954623401165008545e-01 -1.814108490943908691e-01
3.986778557300567627e-01 -1.705664694309234619e-01
4.922398030757904053e-01 -1.504503339529037476e-01
5.746352672576904297e-01 -1.428877264261245728e-01
4.725752770900726318e-01 -1.091939583420753479e-01
3.764861226081848145e-01 -1.354018896818161011e-01
-3.274593353271484375e-01 2.530383765697479248e-01
-2.333761155605316162e-01 2.768251299858093262e-01
-1.117146015167236328e-01 3.164680302143096924e-01
-4.240485280752182007e-02 3.448609113693237305e-01
3.117680735886096954e-02 3.515467643737792969e-01
1.326955705881118774e-01 3.661098480224609375e-01
1.924380809068679810e-01 3.723343312740325928e-01
1.022882089018821716e-01 4.433912038803100586e-01
-9.352670051157474518e-03 4.717416465282440186e-01
-8.656852692365646362e-02 4.623362720012664795e-01
-1.610182076692581177e-01 4.364293515682220459e-01
-2.683393955230712891e-01 3.589081764221191406e-01
-3.233460485935211182e-01 2.545890212059020996e-01
-1.302358657121658325e-01 3.396880924701690674e-01
-5.895076319575309753e-02 3.576644062995910645e-01
1.138447877019643784e-02 3.744573891162872314e-01
1.908528357744216919e-01 3.719173371791839600e-01
6.381315644830465317e-03 3.908921480178833008e-01
-6.840024888515472412e-02 3.808716833591461182e-01
-1.463672667741775513e-01 3.569719493389129639e-01
