-6.871992349624633789e-01 -6.976048946380615234e-01 -3.374670147895812988e-01 1.000000000000000000e+00
-7.189393639564514160e-01 -5.120133161544799805e-01 -2.426071316003799438e-01 1.000000000000000000e+00
-7.446299791336059570e-01 -2.975154817104339600e-01 -1.455601155757904053e-01 1.000000000000000000e+00
-7.409215569496154785e-01 -7.876989990472793579e-02 -1.382618248462677002e-01 0.000000000000000000e+00
-7.083995938301086426e-01 1.491541266441345215e-01 -2.066942006349563599e-01 1.000000000000000000e+00
-6.386831402778625488e-01 3.646286427974700928e-01 -3.445663154125213623e-01 1.000000000000000000e+00
-5.087984800338745117e-01 5.297139286994934082e-01 -4.399471580982208252e-01 1.000000000000000000e+00
-3.464204967021942139e-01 6.764475107192993164e-01 -5.626982450485229492e-01 1.000000000000000000e+00
-1.756947040557861328e-01 7.517429590225219727e-01 -5.507720112800598145e-01 1.000000000000000000e+00
-1.480147242546081543e-02 7.452993392944335938e-01 -5.178786516189575195e-01 1.000000000000000000e+00
1.545116007328033447e-01 6.760783195495605469e-01 -3.518291413784027100e-01 1.000000000000000000e+00
3.050515055656433105e-01 5.739378929138183594e-01 -2.205753177404403687e-01 0.000000000000000000e+00
4.181872308254241943e-01 4.049455523490905762e-01 -5.632527545094490051e-02 0.000000000000000000e+00
5.260615944862365723e-01 2.153575867414474487e-01 3.252601996064186096e-02 0.000000000000000000e+00
6.276407837867736816e-01 3.173656389117240906e-02 3.846290707588195801e-02 0.000000000000000000e+00
7.282910943031311035e-01 -1.598743349313735962e-01 -5.260704830288887024e-02 1.000000000000000000e+00
8.199771642684936523e-01 -3.321182429790496826e-01 -1.315909773111343384e-01 1.000000000000000000e+00
-5.104769468307495117e-01 -5.700525641441345215e-01 -8.155857324600219727e-01 1.000000000000000000e+00
-3.627718091011047363e-01 -6.408197879791259766e-01 -1.018413424491882324e+00 1.000000000000000000e+00
-1.986811459064483643e-01 -5.815640091896057129e-01 -1.138058185577392578e+00 1.000000000000000000e+00
-4.482432454824447632e-02 -4.928031265735626221e-01 -1.173290610313415527e+00 1.000000000000000000e+00
7.473190128803253174e-02 -4.096741974353790283e-01 -1.153376102447509766e+00 1.000000000000000000e+00
2.742421925067901611e-01 -3.634536266326904297e-01 -1.127248406410217285e+00 1.000000000000000000e+00
4.202783107757568359e-01 -3.821227252483367920e-01 -1.110622644424438477e+00 1.000000000000000000e+00
5.804966092109680176e-01 -3.913303017616271973e-01 -1.029103517532348633e+00 1.000000000000000000e+00
7.113294005393981934e-01 -3.828635811805725098e-01 -8.639581203460693359e-01 1.000000000000000000e+00
7.443552613258361816e-01 -2.701637446880340576e-01 -6.370934844017028809e-01 1.000000000000000000e+00
1.287593394517898560e-01 -2.341726571321487427e-01 -1.099126219749450684e+00 1.000000000000000000e+00
9.876833111047744751e-02 -8.300253748893737793e-02 -1.126854538917541504e+00 1.000000000000000000e+00
7.281017303466796875e-02 4.014972597360610962e-02 -1.162622451782226562e+00 1.000000000000000000e+00
4.634188488125801086e-02 1.627002358436584473e-01 -1.185511589050292969e+00 1.000000000000000000e+00
-1.302377730607986450e-01 1.441994011402130127e-01 -9.578973650932312012e-01 1.000000000000000000e+00
-7.064882665872573853e-02 1.949718296527862549e-01 -9.688065648078918457e-01 1.000000000000000000e+00
-8.615385740995407104e-03 2.343795597553253174e-01 -9.691483974456787109e-01 1.000000000000000000e+00
6.377808004617691040e-02 2.277766764163970947e-01 -9.514659047126770020e-01 1.000000000000000000e+00
1.350067555904388428e-01 2.103139907121658325e-01 -9.224051237106323242e-01 0.000000000000000000e+00
-3.726412653923034668e-01 -3.762496709823608398e-01 -9.466400742530822754e-01 1.000000000000000000e+00
-2.674790322780609131e-01 -3.378128409385681152e-01 -1.036454558372497559e+00 1.000000000000000000e+00
-1.756691634654998779e-01 -3.145563304424285889e-01 -1.025713324546813965e+00 1.000000000000000000e+00
-9.172488749027252197e-02 -2.801824212074279785e-01 -9.717614054679870605e-01 1.000000000000000000e+00
-1.834467202425003052e-01 -2.754831314086914062e-01 -9.922684431076049805e-01 1.000000000000000000e+00
-2.837765514850616455e-01 -2.970202267169952393e-01 -9.962203502655029297e-01 1.000000000000000000e+00
2.954623401165008545e-01 -1.814108490943908691e-01 -9.223874807357788086e-01 1.000000000000000000e+00
3.986778557300567627e-01 -1.705664694309234619e-01 -9.499292969703674316e-01 1.000000000000000000e+00
4.922398030757904053e-01 -1.504503339529037476e-01 -9.330638051033020020e-01 1.000000000000000000e+00
5.746352672576904297e-01 -1.428877264261245728e-01 -8.161971569061279297e-01 1.000000000000000000e+00
4.725752770900726318e-01 -1.091939583420753479e-01 -8.924303650856018066e-01 1.000000000000000000e+00
3.764861226081848145e-01 -1.354018896818161011e-01 -9.167494773864746094e-01 1.000000000000000000e+00
-3.274593353271484375e-01 2.530383765697479248e-01 -7.568092346191406250e-01 1.000000000000000000e+00
-2.333761155605316162e-01 2.768251299858093262e-01 -8.662992119789123535e-01 1.000000000000000000e+00
-1.117146015167236328e-01 3.164680302143096924e-01 -9.175301790237426758e-01 1.000000000000000000e+00
-4.240485280752182007e-02 3.448609113693237305e-01 -9.132580757141113281e-01 1.000000000000000000e+00
3.117680735886096954e-02 3.515467643737792969e-01 -8.990864157676696777e-01 1.000000000000000000e+00
1.326955705881118774e-01 3.661098480224609375e-01 -8.170041441917419434e-01 1.000000000000000000e+00
1.924380809068679810e-01 3.723343312740325928e-01 -6.891875267028808594e-01 1.000000000000000000e+00
1.022882089018821716e-01 4.433912038803100586e-01 -7.649981379508972168e-01 1.000000000000000000e+00
-9.352670051157474518e-03 4.717416465282440186e-01 -8.397211432456970215e-01 1.000000000000000000e+00
-8.656852692365646362e-02 4.623362720012664795e-01 -8.528670668601989746e-01 1.000000000000000000e+00
-1.610182076692581177e-01 4.364293515682220459e-01 -8.556922674179077148e-01 1.000000000000000000e+00
-2.683393955230712891e-01 3.589081764221191406e-01 -8.121782541275024414e-01 1.000000000000000000e+00
-3.233460485935211182e-01 2.545890212059020996e-01 -7.539180517196655273e-01 1.000000000000000000e+00
-1.302358657121658325e-01 3.396880924701690674e-01 -8.372812867164611816e-01 0.000000000000000000e+00
-5.895076319575309753e-02 3.576644062995910645e-01 -8.302298188209533691e-01 0.000000000000000000e+00
1.138447877019643784e-02 3.744573891162872314e-01 -8.186634778976440430e-01 0.000000000000000000e+00
1.908528357744216919e-01 3.719173371791839600e-01 -6.898539662361145020e-01 1.000000000000000000e+00
6.381315644830465317e-03 3.908921480178833008e-01 -8.256930708885192871e-01 1.000000000000000000e+00
-6.840024888515472412e-02 3.808716833591461182e-01 -8.477532863616943359e-01 1.000000000000000000e+00
-1.463672667741775513e-01 3.569719493389129639e-01 -8.432288169860839844e-01 1.000000000000000000e+00
