-6.827157735824584961e-01 -1.961588561534881592e-01
-6.578922867774963379e-01 -3.519292920827865601e-02
-5.909643769264221191e-01 1.284482479095458984e-01
-5.069677829742431641e-01 2.706050574779510498e-01
-4.176450669765472412e-01 4.029224514961242676e-01
-3.042157888412475586e-01 5.385013222694396973e-01
-1.700987368822097778e-01 6.681456565856933594e-01
1.192634087055921555e-02 7.774472832679748535e-01
1.701933890581130981e-01 7.871396541595458984e-01
3.323882818222045898e-01 6.983283162117004395e-01
4.818806052207946777e-01 5.555968284606933594e-01
5.802535414695739746e-01 3.813191354274749756e-01
6.651472449302673340e-01 1.962327212095260620e-01
7.104236483573913574e-01 2.206297358497977257e-03
7.260796427726745605e-01 -1.872476339340209961e-01
6.970407962799072266e-01 -3.966091275215148926e-01
6.746556162834167480e-01 -5.848718881607055664e-01
-6.994649767875671387e-01 -2.962857782840728760e-01
-7.122636437416076660e-01 -4.450396299362182617e-01
-6.254733204841613770e-01 -4.984253048896789551e-01
-4.972298443317413330e-01 -5.065171718597412109e-01
-3.701076507568359375e-01 -4.886958301067352295e-01
-1.965575218200683594e-01 -5.401171445846557617e-01
-8.638213574886322021e-02 -6.230157613754272461e-01
6.630914658308029175e-02 -6.859208345413208008e-01
2.466659992933273315e-01 -7.075617313385009766e-01
4.067589342594146729e-01 -5.998674035072326660e-01
-2.492179274559020996e-01 -3.666545450687408447e-01
-2.347992062568664551e-01 -2.430095672607421875e-01
-2.293934971094131470e-01 -1.403309851884841919e-01
-2.169941812753677368e-01 -3.912784531712532043e-02
-2.501653432846069336e-01 6.538183242082595825e-02
-1.930623054504394531e-01 7.746351510286331177e-02
-1.358746290206909180e-01 7.811401039361953735e-02
-7.725451886653900146e-02 4.706222936511039734e-02
-1.877991296350955963e-02 4.837683402001857758e-03
-6.076142191886901855e-01 -2.353870272636413574e-01
-5.596629381179809570e-01 -2.816655337810516357e-01
-4.781349599361419678e-01 -3.004856109619140625e-01
-3.804229199886322021e-01 -2.890790104866027832e-01
-4.563699364662170410e-01 -2.446784228086471558e-01
-5.338139533996582031e-01 -2.180564552545547485e-01
-2.590599656105041504e-02 -3.815212845802307129e-01
3.546794503927230835e-02 -4.418767392635345459e-01
1.206180155277252197e-01 -4.704321622848510742e-01
2.429806292057037354e-01 -4.638660252094268799e-01
1.404640972614288330e-01 -3.955923914909362793e-01
5.536219105124473572e-02 -3.772829473018646240e-01
-2.078733295202255249e-01 3.662134706974029541e-01
-2.202330529689788818e-01 2.694523632526397705e-01
-1.555357426404953003e-01 2.211481034755706787e-01
-9.825997799634933472e-02 2.089989036321640015e-01
-3.601304069161415100e-02 1.902457326650619507e-01
9.156119078397750854e-02 1.905500888824462891e-01
2.300531566143035889e-01 2.555209696292877197e-01
1.969575881958007812e-01 3.992402851581573486e-01
1.060263589024543762e-01 4.767565727233886719e-01
3.894715383648872375e-02 5.055469274520874023e-01
-3.235619142651557922e-02 5.101303458213806152e-01
-1.284168958663940430e-01 4.788783192634582520e-01
-1.990493983030319214e-01 3.688022196292877197e-01
-1.145322248339653015e-01 2.616047561168670654e-01
-6.270404160022735596e-02 2.432187348604202271e-01
-2.987068612128496170e-03 2.334621846675872803e-01
2.276888340711593628e-01 2.551286518573760986e-01
9.403521567583084106e-02 4.075794816017150879e-01
3.243730217218399048e-02 4.279571175575256348e-01
-3.058282285928726196e-02 4.373954236507415771e-01
