-6.528290510177612305e-01 -2.308406978845596313e-01 4.534772634506225586e-01 0.000000000000000000e+00
-5.694875717163085938e-01 -6.088301539421081543e-02 4.752294421195983887e-01 0.000000000000000000e+00
-4.731787443161010742e-01 1.301037818193435669e-01 4.870358407497406006e-01 0.000000000000000000e+00
-3.927358984947204590e-01 2.964634001255035400e-01 4.251007735729217529e-01 0.000000000000000000e+00
-3.217593729496002197e-01 4.580426514148712158e-01 3.056229650974273682e-01 0.000000000000000000e+00
-2.450417429208755493e-01 5.954101681709289551e-01 1.328248828649520874e-01 0.000000000000000000e+00
-1.215215623378753662e-01 7.070978879928588867e-01 8.540567010641098022e-03 1.000000000000000000e+00
2.316792495548725128e-02 7.768686413764953613e-01 -1.349826902151107788e-01 1.000000000000000000e+00
1.971787959337234497e-01 7.803742289543151855e-01 -1.873029619455337524e-01 1.000000000000000000e+00
3.322925269603729248e-01 6.984865665435791016e-01 -2.218657284975051880e-01 1.000000000000000000e+00
4.816506803035736084e-01 5.557845234870910645e-01 -1.724932342767715454e-01 1.000000000000000000e+00
5.802305936813354492e-01 3.819892108440399170e-01 -1.266241967678070068e-01 1.000000000000000000e+00
6.652735471725463867e-01 1.970450282096862793e-01 -1.742155849933624268e-02 1.000000000000000000e+00
7.104477882385253906e-01 3.253581933677196503e-03 5.577783286571502686e-02 1.000000000000000000e+00
7.269177436828613281e-01 -1.861883103847503662e-01 7.607477903366088867e-02 1.000000000000000000e+00
6.975532174110412598e-01 -3.968488276004791260e-01 2.920931391417980194e-02 1.000000000000000000e+00
6.751412153244018555e-01 -5.844856500625610352e-01 -9.469750337302684784e-03 1.000000000000000000e+00
-6.994649767875671387e-01 -2.962857782840728760e-01 -1.611929573118686676e-02 1.000000000000000000e+00
-7.122636437416076660e-01 -4.450396299362182617e-01 -1.957275271415710449e-01 1.000000000000000000e+00
-6.254733204841613770e-01 -4.984253048896789551e-01 -3.641974031925201416e-01 1.000000000000000000e+00
-4.972298443317413330e-01 -5.065171718597412109e-01 -4.688669741153717041e-01 1.000000000000000000e+00
-3.701076507568359375e-01 -4.886958301067352295e-01 -5.242089629173278809e-01 1.000000000000000000e+00
-1.965575218200683594e-01 -5.401171445846557617e-01 -5.856745243072509766e-01 1.000000000000000000e+00
-8.638213574886322021e-02 -6.230157613754272461e-01 -6.137589812278747559e-01 1.000000000000000000e+00
6.630914658308029175e-02 -6.859208345413208008e-01 -6.051365137100219727e-01 1.000000000000000000e+00
2.466659992933273315e-01 -7.075617313385009766e-01 -5.235411524772644043e-01 1.000000000000000000e+00
4.067589342594146729e-01 -5.998674035072326660e-01 -3.948453664779663086e-01 1.000000000000000000e+00
-2.492179274559020996e-01 -3.666545450687408447e-01 -5.647321343421936035e-01 1.000000000000000000e+00
-2.347992062568664551e-01 -2.430095672607421875e-01 -6.223271489143371582e-01 1.000000000000000000e+00
-2.293934971094131470e-01 -1.403309851884841919e-01 -6.831062436103820801e-01 1.000000000000000000e+00
-2.169941812753677368e-01 -3.912784531712532043e-02 -7.251901030540466309e-01 1.000000000000000000e+00
-2.501653432846069336e-01 6.538183242082595825e-02 -4.975742101669311523e-01 1.000000000000000000e+00
-1.930623054504394531e-01 7.746351510286331177e-02 -5.405251383781433105e-01 1.000000000000000000e+00
-1.358746290206909180e-01 7.811401039361953735e-02 -5.748991966247558594e-01 1.000000000000000000e+00
-7.725451886653900146e-02 4.706222936511039734e-02 -5.816324353218078613e-01 1.000000000000000000e+00
-1.877991296350955963e-02 4.837683402001857758e-03 -5.800858736038208008e-01 1.000000000000000000e+00
-6.076142191886901855e-01 -2.353870272636413574e-01 -2.279336452484130859e-01 1.000000000000000000e+00
-5.596629381179809570e-01 -2.816655337810516357e-01 -3.452286124229431152e-01 1.000000000000000000e+00
-4.781349599361419678e-01 -3.004856109619140625e-01 -3.782868087291717529e-01 1.000000000000000000e+00
-3.804229199886322021e-01 -2.890790104866027832e-01 -3.796997070312500000e-01 1.000000000000000000e+00
-4.563699364662170410e-01 -2.446784228086471558e-01 -3.652215301990509033e-01 1.000000000000000000e+00
-5.338139533996582031e-01 -2.180564552545547485e-01 -3.281416296958923340e-01 1.000000000000000000e+00
-2.590599656105041504e-02 -3.815212845802307129e-01 -5.073689222335815430e-01 1.000000000000000000e+00
3.546794503927230835e-02 -4.418767392635345459e-01 -5.624797344207763672e-01 1.000000000000000000e+00
1.206180155277252197e-01 -4.704321622848510742e-01 -5.865139961242675781e-01 1.000000000000000000e+00
2.429806292057037354e-01 -4.638660252094268799e-01 -5.280685424804687500e-01 1.000000000000000000e+00
1.404640972614288330e-01 -3.955923914909362793e-01 -5.664483308792114258e-01 1.000000000000000000e+00
5.536219105124473572e-02 -3.772829473018646240e-01 -5.458617806434631348e-01 1.000000000000000000e+00
-2.078733295202255249e-01 3.662134706974029541e-01 -2.905474305152893066e-01 1.000000000000000000e+00
-2.202330529689788818e-01 2.694523632526397705e-01 -4.403930306434631348e-01 1.000000000000000000e+00
-1.555357426404953003e-01 2.211481034755706787e-01 -5.442976951599121094e-01 1.000000000000000000e+00
-9.825997799634933472e-02 2.089989036321640015e-01 -5.739906430244445801e-01 1.000000000000000000e+00
-3.601304069161415100e-02 1.902457326650619507e-01 -5.862641334533691406e-01 1.000000000000000000e+00
9.156119078397750854e-02 1.905500888824462891e-01 -5.470060706138610840e-01 1.000000000000000000e+00
2.300531566143035889e-01 2.555209696292877197e-01 -4.298878610134124756e-01 1.000000000000000000e+00
1.969575881958007812e-01 3.992402851581573486e-01 -4.546732306480407715e-01 1.000000000000000000e+00
1.060263589024543762e-01 4.767565727233886719e-01 -4.794904589653015137e-01 1.000000000000000000e+00
3.894715383648872375e-02 5.055469274520874023e-01 -4.648355841636657715e-01 1.000000000000000000e+00
-3.235619142651557922e-02 5.101303458213806152e-01 -4.383403956890106201e-01 1.000000000000000000e+00
-1.284168958663940430e-01 4.788783192634582520e-01 -3.609035909175872803e-01 1.000000000000000000e+00
-1.990493983030319214e-01 3.688022196292877197e-01 -2.851625978946685791e-01 1.000000000000000000e+00
-1.145322248339653015e-01 2.616047561168670654e-01 -4.690697193145751953e-01 1.000000000000000000e+00
-6.270404160022735596e-02 2.432187348604202271e-01 -4.957393407821655273e-01 1.000000000000000000e+00
-2.987068612128496170e-03 2.334621846675872803e-01 -5.070226788520812988e-01 0.000000000000000000e+00
2.276888340711593628e-01 2.551286518573760986e-01 -4.292084276676177979e-01 1.000000000000000000e+00
9.403521567583084106e-02 4.075794816017150879e-01 -4.395688474178314209e-01 1.000000000000000000e+00
3.243730217218399048e-02 4.279571175575256348e-01 -4.267929196357727051e-01 1.000000000000000000e+00
-3.058282285928726196e-02 4.373954236507415771e-01 -4.028086960315704346e-01 1.000000000000000000e+00
