-7.046397328376770020e-01 -1.704068034887313843e-01
-6.732667088508605957e-01 5.086807068437337875e-04
-5.950255990028381348e-01 1.633351445198059082e-01
-5.093098282814025879e-01 3.025289773941040039e-01
-4.236406087875366211e-01 4.377675354480743408e-01
-3.132385909557342529e-01 5.682381391525268555e-01
-1.769167184829711914e-01 6.745042800903320312e-01
-6.797572714276611805e-04 7.561207413673400879e-01
1.572822630405426025e-01 7.522984147071838379e-01
3.233569562435150146e-01 6.681649088859558105e-01
4.834609329700469971e-01 5.372509360313415527e-01
5.982862114906311035e-01 3.789881765842437744e-01
6.873803734779357910e-01 1.934497654438018799e-01
7.363390922546386719e-01 -6.293212994933128357e-03
7.453011870384216309e-01 -2.011230289936065674e-01
7.096313238143920898e-01 -4.124417603015899658e-01
6.813155412673950195e-01 -6.045245528221130371e-01
-7.265214323997497559e-01 -2.719900012016296387e-01
-7.365595102310180664e-01 -4.169417917728424072e-01
-6.448306441307067871e-01 -4.622108638286590576e-01
-5.106682777404785156e-01 -4.668927788734436035e-01
-3.813454806804656982e-01 -4.520305693149566650e-01
-1.997555345296859741e-01 -5.048253536224365234e-01
-8.745684474706649780e-02 -5.860894918441772461e-01
6.858845800161361694e-02 -6.568990349769592285e-01
2.488762885332107544e-01 -6.881263256072998047e-01
4.168308377265930176e-01 -5.861101746559143066e-01
-2.536293566226959229e-01 -3.312983810901641846e-01
-2.353238314390182495e-01 -2.012661993503570557e-01
-2.290019243955612183e-01 -1.003740504384040833e-01
-2.155527174472808838e-01 1.664442359469830990e-03
-2.411133646965026855e-01 1.127635464072227478e-01
-1.866650879383087158e-01 1.255632787942886353e-01
-1.317033022642135620e-01 1.321044117212295532e-01
-7.635085284709930420e-02 9.733944386243820190e-02
-2.033123187720775604e-02 5.578679591417312622e-02
-6.187806129455566406e-01 -1.911282986402511597e-01
-5.613513588905334473e-01 -2.127319872379302979e-01
-4.821895062923431396e-01 -2.359631359577178955e-01
-3.872076570987701416e-01 -2.480256408452987671e-01
-4.646019339561462402e-01 -2.037621289491653442e-01
-5.467593073844909668e-01 -1.749029159545898438e-01
-1.919480226933956146e-02 -3.442361354827880859e-01
5.297978222370147705e-02 -3.806554079055786133e-01
1.371212303638458252e-01 -4.028429687023162842e-01
2.538768947124481201e-01 -4.257731437683105469e-01
1.535872370004653931e-01 -3.610480725765228271e-01
6.272564828395843506e-02 -3.424188792705535889e-01
-2.122030556201934814e-01 3.985499441623687744e-01
-2.046239823102951050e-01 3.383529186248779297e-01
-1.398958712816238403e-01 3.003111481666564941e-01
-8.521264046430587769e-02 2.925109267234802246e-01
-2.740583196282386780e-02 2.707194983959197998e-01
8.851142972707748413e-02 2.611924409866333008e-01
2.105932831764221191e-01 2.811554372310638428e-01
1.675149053335189819e-01 3.800333440303802490e-01
7.692492753267288208e-02 4.472526609897613525e-01
1.417266577482223511e-02 4.741480350494384766e-01
-5.264274775981903076e-02 4.822865426540374756e-01
-1.414796561002731323e-01 4.655234813690185547e-01
-2.048023790121078491e-01 3.987754881381988525e-01
-1.031669974327087402e-01 3.459074199199676514e-01
-5.030734464526176453e-02 3.317087292671203613e-01
7.050832267850637436e-03 3.172259330749511719e-01
2.082555592060089111e-01 2.815182209014892578e-01
6.010279059410095215e-02 3.740629851818084717e-01
-1.103070215322077274e-03 3.935150802135467529e-01
-6.257936358451843262e-02 4.083643555641174316e-01
