-6.860471367835998535e-01 -2.360277771949768066e-01 3.821887671947479248e-01 0.000000000000000000e+00
-5.986075997352600098e-01 -6.057227775454521179e-02 4.160462617874145508e-01 0.000000000000000000e+00
-4.973635077476501465e-01 1.364092230796813965e-01 4.398773908615112305e-01 0.000000000000000000e+00
-4.096913337707519531e-01 3.104626238346099854e-01 3.811815977096557617e-01 0.000000000000000000e+00
-3.292390406131744385e-01 4.771063327789306641e-01 2.521250545978546143e-01 0.000000000000000000e+00
-2.493894845247268677e-01 6.161914467811584473e-01 6.002027541399002075e-02 0.000000000000000000e+00
-1.247379556298255920e-01 7.045778036117553711e-01 -9.279322624206542969e-02 1.000000000000000000e+00
1.305685844272375107e-02 7.557067871093750000e-01 -2.677729129791259766e-01 1.000000000000000000e+00
1.864931434392929077e-01 7.473582029342651367e-01 -3.293354511260986328e-01 1.000000000000000000e+00
3.232638835906982422e-01 6.683266758918762207e-01 -3.615845441818237305e-01 1.000000000000000000e+00
4.831979870796203613e-01 5.374176502227783203e-01 -2.838754951953887939e-01 1.000000000000000000e+00
5.982072949409484863e-01 3.795883059501647949e-01 -2.143164426088333130e-01 1.000000000000000000e+00
6.874969005584716797e-01 1.941328644752502441e-01 -8.330621570348739624e-02 1.000000000000000000e+00
7.364162802696228027e-01 -5.211067851632833481e-03 -1.413200981914997101e-03 1.000000000000000000e+00
7.462260723114013672e-01 -2.000206410884857178e-01 1.636402867734432220e-02 1.000000000000000000e+00
7.101623415946960449e-01 -4.127260744571685791e-01 -3.960721194744110107e-02 1.000000000000000000e+00
6.818295717239379883e-01 -6.041761636734008789e-01 -8.878252655267715454e-02 1.000000000000000000e+00
-7.265214323997497559e-01 -2.719900012016296387e-01 -1.097822263836860657e-01 1.000000000000000000e+00
-7.365595102310180664e-01 -4.169417917728424072e-01 -3.078218400478363037e-01 1.000000000000000000e+00
-6.448306441307067871e-01 -4.622108638286590576e-01 -4.821511805057525635e-01 1.000000000000000000e+00
-5.106682777404785156e-01 -4.668927788734436035e-01 -5.898186564445495605e-01 1.000000000000000000e+00
-3.813454806804656982e-01 -4.520305693149566650e-01 -6.433406472206115723e-01 1.000000000000000000e+00
-1.997555345296859741e-01 -5.048253536224365234e-01 -7.067750692367553711e-01 1.000000000000000000e+00
-8.745684474706649780e-02 -5.860894918441772461e-01 -7.355632781982421875e-01 1.000000000000000000e+00
6.858845800161361694e-02 -6.568990349769592285e-01 -7.265411615371704102e-01 1.000000000000000000e+00
2.488762885332107544e-01 -6.881263256072998047e-01 -6.405917406082153320e-01 1.000000000000000000e+00
4.168308377265930176e-01 -5.861101746559143066e-01 -4.978431761264801025e-01 1.000000000000000000e+00
-2.536293566226959229e-01 -3.312983810901641846e-01 -6.778688430786132812e-01 1.000000000000000000e+00
-2.353238314390182495e-01 -2.012661993503570557e-01 -7.323557138442993164e-01 1.000000000000000000e+00
-2.290019243955612183e-01 -1.003740504384040833e-01 -7.909328341484069824e-01 1.000000000000000000e+00
-2.155527174472808838e-01 1.664442359469830990e-03 -8.303805589675903320e-01 1.000000000000000000e+00
-2.411133646965026855e-01 1.127635464072227478e-01 -5.970560908317565918e-01 1.000000000000000000e+00
-1.866650879383087158e-01 1.255632787942886353e-01 -6.405464410781860352e-01 1.000000000000000000e+00
-1.317033022642135620e-01 1.321044117212295532e-01 -6.758357882499694824e-01 1.000000000000000000e+00
-7.635085284709930420e-02 9.733944386243820190e-02 -6.802889108657836914e-01 1.000000000000000000e+00
-2.033123187720775604e-02 5.578679591417312622e-02 -6.758896708488464355e-01 1.000000000000000000e+00
-6.187806129455566406e-01 -1.911282986402511597e-01 -3.265476226806640625e-01 1.000000000000000000e+00
-5.613513588905334473e-01 -2.127319872379302979e-01 -4.462448358535766602e-01 1.000000000000000000e+00
-4.821895062923431396e-01 -2.359631359577178955e-01 -4.769017100334167480e-01 1.000000000000000000e+00
-3.872076570987701416e-01 -2.480256408452987671e-01 -4.789809584617614746e-01 1.000000000000000000e+00
-4.646019339561462402e-01 -2.037621289491653442e-01 -4.642605185508728027e-01 1.000000000000000000e+00
-5.467593073844909668e-01 -1.749029159545898438e-01 -4.252396225929260254e-01 1.000000000000000000e+00
-1.919480226933956146e-02 -3.442361354827880859e-01 -6.096901893615722656e-01 1.000000000000000000e+00
5.297978222370147705e-02 -3.806554079055786133e-01 -6.657326817512512207e-01 1.000000000000000000e+00
1.371212303638458252e-01 -4.028429687023162842e-01 -6.895626187324523926e-01 1.000000000000000000e+00
2.538768947124481201e-01 -4.257731437683105469e-01 -6.299750208854675293e-01 1.000000000000000000e+00
1.535872370004653931e-01 -3.610480725765228271e-01 -6.681924462318420410e-01 1.000000000000000000e+00
6.272564828395843506e-02 -3.424188792705535889e-01 -6.472020745277404785e-01 1.000000000000000000e+00
-2.122030556201934814e-01 3.985499441623687744e-01 -4.308978617191314697e-01 1.000000000000000000e+00
-2.046239823102951050e-01 3.383529186248779297e-01 -5.570915937423706055e-01 1.000000000000000000e+00
-1.398958712816238403e-01 3.003111481666564941e-01 -6.477507948875427246e-01 1.000000000000000000e+00
-8.521264046430587769e-02 2.925109267234802246e-01 -6.751909255981445312e-01 1.000000000000000000e+00
-2.740583196282386780e-02 2.707194983959197998e-01 -6.869086623191833496e-01 1.000000000000000000e+00
8.851142972707748413e-02 2.611924409866333008e-01 -6.554352045059204102e-01 1.000000000000000000e+00
2.105932831764221191e-01 2.811554372310638428e-01 -5.673413276672363281e-01 1.000000000000000000e+00
1.675149053335189819e-01 3.800333440303802490e-01 -5.985210537910461426e-01 1.000000000000000000e+00
7.692492753267288208e-02 4.472526609897613525e-01 -6.236755847930908203e-01 1.000000000000000000e+00
1.417266577482223511e-02 4.741480350494384766e-01 -6.072804927825927734e-01 1.000000000000000000e+00
-5.264274775981903076e-02 4.822865426540374756e-01 -5.804908871650695801e-01 1.000000000000000000e+00
-1.414796561002731323e-01 4.655234813690185547e-01 -5.045605301856994629e-01 1.000000000000000000e+00
-2.048023790121078491e-01 3.987754881381988525e-01 -4.286341071128845215e-01 1.000000000000000000e+00
-1.031669974327087402e-01 3.459074199199676514e-01 -5.805275440216064453e-01 0.000000000000000000e+00
-5.030734464526176453e-02 3.317087292671203613e-01 -6.060815453529357910e-01 1.000000000000000000e+00
7.050832267850637436e-03 3.172259330749511719e-01 -6.171538233757019043e-01 0.000000000000000000e+00
2.082555592060089111e-01 2.815182209014892578e-01 -5.669702887535095215e-01 1.000000000000000000e+00
6.010279059410095215e-02 3.740629851818084717e-01 -6.015885472297668457e-01 1.000000000000000000e+00
-1.103070215322077274e-03 3.935150802135467529e-01 -5.876499414443969727e-01 1.000000000000000000e+00
-6.257936358451843262e-02 4.083643555641174316e-01 -5.633109211921691895e-01 1.000000000000000000e+00
