-7.098067998886108398e-01 -2.119983583688735962e-01
-6.906036138534545898e-01 -5.083189532160758972e-02
-6.311036348342895508e-01 1.129050254821777344e-01
-5.574077963829040527e-01 2.608805000782012939e-01
-4.768551886081695557e-01 3.994838595390319824e-01
-3.655035197734832764e-01 5.342122316360473633e-01
-2.306442707777023315e-01 6.542490720748901367e-01
-5.386464670300483704e-02 7.510954737663269043e-01
1.049520075321197510e-01 7.614331245422363281e-01
2.773633599281311035e-01 6.877754926681518555e-01
4.497261345386505127e-01 5.615274906158447266e-01
5.736730694770812988e-01 4.011361896991729736e-01
6.717903614044189453e-01 2.202415764331817627e-01
7.295496463775634766e-01 2.450126223266124725e-02
7.453235983848571777e-01 -1.708582043647766113e-01
7.173750996589660645e-01 -3.863534331321716309e-01
6.975414156913757324e-01 -5.806682109832763672e-01
-7.246487736701965332e-01 -3.122725784778594971e-01
-7.273606657981872559e-01 -4.568067193031311035e-01
-6.340544819831848145e-01 -5.001702308654785156e-01
-5.016370415687561035e-01 -5.014527440071105957e-01
-3.731146156787872314e-01 -4.805519878864288330e-01
-1.934628784656524658e-01 -5.272640585899353027e-01
-7.948569953441619873e-02 -6.045711636543273926e-01
7.766283303499221802e-02 -6.653439402580261230e-01
2.611023783683776855e-01 -6.888242363929748535e-01
4.272062480449676514e-01 -5.834859013557434082e-01
-2.518340349197387695e-01 -3.529940247535705566e-01
-2.384265512228012085e-01 -2.266351729631423950e-01
-2.362439781427383423e-01 -1.275499165058135986e-01
-2.267786562442779541e-01 -2.872394025325775146e-02
-2.754569351673126221e-01 6.749314814805984497e-02
-2.121936231851577759e-01 8.327165991067886353e-02
-1.495329439640045166e-01 8.677575737237930298e-02
-8.612444251775741577e-02 5.392052605748176575e-02
-2.050305157899856567e-02 9.555465541779994965e-03
-6.235616803169250488e-01 -2.250150889158248901e-01
-5.650817155838012695e-01 -2.409456521272659302e-01
-4.868639707565307617e-01 -2.613176107406616211e-01
-3.915928006172180176e-01 -2.738476395606994629e-01
-4.729763269424438477e-01 -2.350769191980361938e-01
-5.547618269920349121e-01 -2.098945677280426025e-01
-1.995687931776046753e-02 -3.569023609161376953e-01
5.520047247409820557e-02 -3.847967684268951416e-01
1.377799808979034424e-01 -4.029358625411987305e-01
2.547791302204132080e-01 -4.275555312633514404e-01
1.511657238006591797e-01 -3.704161345958709717e-01
6.188954040408134460e-02 -3.553790152072906494e-01
-2.589884698390960693e-01 3.292821943759918213e-01
-2.516471743583679199e-01 2.613948881626129150e-01
-1.736131161451339722e-01 2.264278382062911987e-01
-1.108881682157516479e-01 2.185587435960769653e-01
-4.493637382984161377e-02 1.963481009006500244e-01
8.709345757961273193e-02 1.848230510950088501e-01
2.220445126295089722e-01 2.256565541028976440e-01
1.673592478036880493e-01 3.531339168548583984e-01
6.243979185819625854e-02 4.202424287796020508e-01
-9.818720631301403046e-03 4.449189901351928711e-01
-8.402860909700393677e-02 4.487300813198089600e-01
-1.838019341230392456e-01 4.244993031024932861e-01
-2.510545849800109863e-01 3.304341137409210205e-01
-1.381965130567550659e-01 2.635541856288909912e-01
-7.799939811229705811e-02 2.472807168960571289e-01
-1.308376435190439224e-02 2.346981316804885864e-01
2.196338921785354614e-01 2.253498584032058716e-01
5.465777963399887085e-02 3.456690609455108643e-01
-1.450949627906084061e-02 3.626020550727844238e-01
-8.445954322814941406e-02 3.732068240642547607e-01
