-6.822984218597412109e-01 -2.672367990016937256e-01 4.210550487041473389e-01 0.000000000000000000e+00
-6.023538112640380859e-01 -8.956415951251983643e-02 4.493353068828582764e-01 0.000000000000000000e+00
-5.135027766227722168e-01 1.111698001623153687e-01 4.678854048252105713e-01 0.000000000000000000e+00
-4.397368431091308594e-01 2.882653474807739258e-01 4.073896408081054688e-01 0.000000000000000000e+00
-3.716051876544952393e-01 4.545289576053619385e-01 2.784498929977416992e-01 0.000000000000000000e+00
-3.011770546436309814e-01 5.926087498664855957e-01 8.944714814424514771e-02 0.000000000000000000e+00
-1.796758919954299927e-01 6.926590800285339355e-01 -5.740851536393165588e-02 1.000000000000000000e+00
-4.082779958844184875e-02 7.522358298301696777e-01 -2.290701866149902344e-01 1.000000000000000000e+00
1.332861036062240601e-01 7.589638233184814453e-01 -2.865880131721496582e-01 1.000000000000000000e+00
2.772450447082519531e-01 6.879383325576782227e-01 -3.133258223533630371e-01 1.000000000000000000e+00
4.494592845439910889e-01 5.616895556449890137e-01 -2.388654649257659912e-01 1.000000000000000000e+00
5.735701322555541992e-01 4.017928540706634521e-01 -1.768755763769149780e-01 1.000000000000000000e+00
6.718823313713073730e-01 2.210409045219421387e-01 -5.418839305639266968e-02 1.000000000000000000e+00
7.295727729797363281e-01 2.556146867573261261e-02 2.465802989900112152e-02 1.000000000000000000e+00
7.460764646530151367e-01 -1.698191314935684204e-01 4.479406401515007019e-02 1.000000000000000000e+00
7.178711295127868652e-01 -3.866353332996368408e-01 -7.645725272595882416e-03 1.000000000000000000e+00
6.980394124984741211e-01 -5.802813768386840820e-01 -5.358709767460823059e-02 1.000000000000000000e+00
-7.246487736701965332e-01 -3.122725784778594971e-01 -6.925242394208908081e-02 1.000000000000000000e+00
-7.273606657981872559e-01 -4.568067193031311035e-01 -2.608622908592224121e-01 1.000000000000000000e+00
-6.340544819831848145e-01 -5.001702308654785156e-01 -4.337921440601348877e-01 1.000000000000000000e+00
-5.016370415687561035e-01 -5.014527440071105957e-01 -5.409086346626281738e-01 1.000000000000000000e+00
-3.731146156787872314e-01 -4.805519878864288330e-01 -5.946193933486938477e-01 1.000000000000000000e+00
-1.934628784656524658e-01 -5.272640585899353027e-01 -6.572301983833312988e-01 1.000000000000000000e+00
-7.948569953441619873e-02 -6.045711636543273926e-01 -6.870097517967224121e-01 1.000000000000000000e+00
7.766283303499221802e-02 -6.653439402580261230e-01 -6.797538995742797852e-01 1.000000000000000000e+00
2.611023783683776855e-01 -6.888242363929748535e-01 -5.968301892280578613e-01 1.000000000000000000e+00
4.272062480449676514e-01 -5.834859013557434082e-01 -4.603389501571655273e-01 1.000000000000000000e+00
-2.518340349197387695e-01 -3.529940247535705566e-01 -6.284005045890808105e-01 1.000000000000000000e+00
-2.384265512228012085e-01 -2.266351729631423950e-01 -6.822906732559204102e-01 1.000000000000000000e+00
-2.362439781427383423e-01 -1.275499165058135986e-01 -7.420943379402160645e-01 1.000000000000000000e+00
-2.267786562442779541e-01 -2.872394025325775146e-02 -7.828192114830017090e-01 1.000000000000000000e+00
-2.754569351673126221e-01 6.749314814805984497e-02 -5.485552549362182617e-01 1.000000000000000000e+00
-2.121936231851577759e-01 8.327165991067886353e-02 -5.931199193000793457e-01 1.000000000000000000e+00
-1.495329439640045166e-01 8.677575737237930298e-02 -6.274073719978332520e-01 1.000000000000000000e+00
-8.612444251775741577e-02 5.392052605748176575e-02 -6.371024250984191895e-01 1.000000000000000000e+00
-2.050305157899856567e-02 9.555465541779994965e-03 -6.378799080848693848e-01 1.000000000000000000e+00
-6.235616803169250488e-01 -2.250150889158248901e-01 -2.913390696048736572e-01 1.000000000000000000e+00
-5.650817155838012695e-01 -2.409456521272659302e-01 -4.112164378166198730e-01 1.000000000000000000e+00
-4.868639707565307617e-01 -2.613176107406616211e-01 -4.411196708679199219e-01 1.000000000000000000e+00
-3.915928006172180176e-01 -2.738476395606994629e-01 -4.438827335834503174e-01 1.000000000000000000e+00
-4.729763269424438477e-01 -2.350769191980361938e-01 -4.299409985542297363e-01 1.000000000000000000e+00
-5.547618269920349121e-01 -2.098945677280426025e-01 -3.917758166790008545e-01 1.000000000000000000e+00
-1.995687931776046753e-02 -3.569023609161376953e-01 -5.758565068244934082e-01 1.000000000000000000e+00
5.520047247409820557e-02 -3.847967684268951416e-01 -6.315757632255554199e-01 1.000000000000000000e+00
1.377799808979034424e-01 -4.029358625411987305e-01 -6.556694507598876953e-01 1.000000000000000000e+00
2.547791302204132080e-01 -4.275555312633514404e-01 -5.979715585708618164e-01 1.000000000000000000e+00
1.511657238006591797e-01 -3.704161345958709717e-01 -6.384686231613159180e-01 1.000000000000000000e+00
6.188954040408134460e-02 -3.553790152072906494e-01 -6.163811087608337402e-01 1.000000000000000000e+00
-2.589884698390960693e-01 3.292821943759918213e-01 -3.467319607734680176e-01 1.000000000000000000e+00
-2.516471743583679199e-01 2.613948881626129150e-01 -4.825226366519927979e-01 1.000000000000000000e+00
-1.736131161451339722e-01 2.264278382062911987e-01 -5.861520767211914062e-01 1.000000000000000000e+00
-1.108881682157516479e-01 2.185587435960769653e-01 -6.158782243728637695e-01 1.000000000000000000e+00
-4.493637382984161377e-02 1.963481009006500244e-01 -6.299275755882263184e-01 1.000000000000000000e+00
8.709345757961273193e-02 1.848230510950088501e-01 -5.942624807357788086e-01 1.000000000000000000e+00
2.220445126295089722e-01 2.256565541028976440e-01 -4.900136291980743408e-01 1.000000000000000000e+00
1.673592478036880493e-01 3.531339168548583984e-01 -5.297085642814636230e-01 1.000000000000000000e+00
6.243979185819625854e-02 4.202424287796020508e-01 -5.663733482360839844e-01 1.000000000000000000e+00
-9.818720631301403046e-03 4.449189901351928711e-01 -5.526020526885986328e-01 1.000000000000000000e+00
-8.402860909700393677e-02 4.487300813198089600e-01 -5.244097709655761719e-01 1.000000000000000000e+00
-1.838019341230392456e-01 4.244993031024932861e-01 -4.368729889392852783e-01 1.000000000000000000e+00
-2.510545849800109863e-01 3.304341137409210205e-01 -3.439097106456756592e-01 1.000000000000000000e+00
-1.381965130567550659e-01 2.635541856288909912e-01 -5.124955773353576660e-01 0.000000000000000000e+00
-7.799939811229705811e-02 2.472807168960571289e-01 -5.386359095573425293e-01 1.000000000000000000e+00
-1.308376435190439224e-02 2.346981316804885864e-01 -5.551587939262390137e-01 0.000000000000000000e+00
2.196338921785354614e-01 2.253498584032058716e-01 -4.898909628391265869e-01 1.000000000000000000e+00
5.465777963399887085e-02 3.456690609455108643e-01 -5.281314849853515625e-01 1.000000000000000000e+00
-1.450949627906084061e-02 3.626020550727844238e-01 -5.186430811882019043e-01 1.000000000000000000e+00
-8.445954322814941406e-02 3.732068240642547607e-01 -4.900097548961639404e-01 1.000000000000000000e+00
