-7.522556185722351074e-01 -4.384968876838684082e-01
-7.693170309066772461e-01 -2.623578011989593506e-01
-7.499725222587585449e-01 -8.101665973663330078e-02
-7.091634869575500488e-01 7.318518310785293579e-02
-6.611099839210510254e-01 2.227202951908111572e-01
-5.810538530349731445e-01 3.798135519027709961e-01
-4.735173881053924561e-01 5.244026184082031250e-01
-3.344577848911285400e-01 6.678161621093750000e-01
-1.813157647848129272e-01 7.154654860496520996e-01
1.155244093388319016e-02 6.882255673408508301e-01
2.248795330524444580e-01 6.011533737182617188e-01
4.045945107936859131e-01 4.849340319633483887e-01
5.591494441032409668e-01 3.151993155479431152e-01
6.692716479301452637e-01 1.169001087546348572e-01
7.404527664184570312e-01 -8.136329054832458496e-02
7.638301253318786621e-01 -2.993762493133544922e-01
7.896867990493774414e-01 -4.952632486820220947e-01
-7.498050332069396973e-01 -5.461294054985046387e-01
-7.212535738945007324e-01 -6.650990247726440430e-01
-6.197855472564697266e-01 -6.515544652938842773e-01
-4.848244190216064453e-01 -5.999602675437927246e-01
-3.579714298248291016e-01 -5.390571355819702148e-01
-1.584068536758422852e-01 -5.296986103057861328e-01
-2.159295231103897095e-02 -5.734395980834960938e-01
1.593012064695358276e-01 -6.052092313766479492e-01
3.552248477935791016e-01 -6.054148077964782715e-01
5.041208863258361816e-01 -4.766936898231506348e-01
-2.605826854705810547e-01 -3.729284703731536865e-01
-2.802000343799591064e-01 -2.259453386068344116e-01
-3.034576475620269775e-01 -1.092526763677597046e-01
-3.203379511833190918e-01 8.639032021164894104e-03
-3.808756470680236816e-01 5.386523902416229248e-02
-3.249865174293518066e-01 9.149647504091262817e-02
-2.641714215278625488e-01 1.177600398659706116e-01
-1.920723319053649902e-01 9.903886914253234863e-02
-1.162337586283683777e-01 7.022901624441146851e-02
-6.603441834449768066e-01 -3.930010795593261719e-01
-6.007542610168457031e-01 -3.813247382640838623e-01
-5.127662420272827148e-01 -3.764263093471527100e-01
-4.100115299224853516e-01 -3.574360013008117676e-01
-5.008631348609924316e-01 -3.373838067054748535e-01
-5.943564176559448242e-01 -3.390137851238250732e-01
-1.771999150514602661e-02 -3.307520151138305664e-01
6.510519981384277344e-02 -3.346225917339324951e-01
1.563341170549392700e-01 -3.293796479701995850e-01
2.840234041213989258e-01 -3.341469764709472656e-01
1.634917110204696655e-01 -2.916063666343688965e-01
6.382349133491516113e-02 -3.017892241477966309e-01
-4.408632814884185791e-01 2.368531823158264160e-01
-4.089824259281158447e-01 2.275687754154205322e-01
-3.211995065212249756e-01 2.352179437875747681e-01
-2.562489211559295654e-01 2.490476369857788086e-01
-1.850394308567047119e-01 2.425659447908401489e-01
-5.530511215329170227e-02 2.476749271154403687e-01
6.057953089475631714e-02 2.652535140514373779e-01
-3.491548821330070496e-02 3.438289761543273926e-01
-1.604344993829727173e-01 3.807471990585327148e-01
-2.362827360630035400e-01 3.846261501312255859e-01
-3.083758056163787842e-01 3.707070648670196533e-01
-3.960766792297363281e-01 3.219571113586425781e-01
-4.346404075622558594e-01 2.370404601097106934e-01
-2.979419529438018799e-01 2.719823718070983887e-01
-2.317732423543930054e-01 2.760716974735260010e-01
-1.634198874235153198e-01 2.792469561100006104e-01
5.838834121823310852e-02 2.647640109062194824e-01
-1.513638943433761597e-01 2.965967357158660889e-01
-2.266379594802856445e-01 2.956006824970245361e-01
-2.978339195251464844e-01 2.879778444766998291e-01
