-6.987522840499877930e-01 -5.865667462348937988e-01 1.858801692724227905e-01 0.000000000000000000e+00
-6.615049242973327637e-01 -3.889108896255493164e-01 2.503803372383117676e-01 0.000000000000000000e+00
-6.137583255767822266e-01 -1.659756004810333252e-01 3.085710108280181885e-01 0.000000000000000000e+00
-5.781498551368713379e-01 4.563503712415695190e-02 2.729354500770568848e-01 0.000000000000000000e+00
-5.524408817291259766e-01 2.536168396472930908e-01 1.585415005683898926e-01 0.000000000000000000e+00
-5.201873779296875000e-01 4.338272809982299805e-01 -3.198587894439697266e-02 0.000000000000000000e+00
-4.262494146823883057e-01 5.631396174430847168e-01 -1.963675916194915771e-01 0.000000000000000000e+00
-3.185631334781646729e-01 6.696233153343200684e-01 -3.966496884822845459e-01 1.000000000000000000e+00
-1.490416973829269409e-01 7.179707288742065430e-01 -4.668612480163574219e-01 1.000000000000000000e+00
1.155244093388319016e-02 6.882255673408508301e-01 -5.025343298912048340e-01 1.000000000000000000e+00
2.248795330524444580e-01 6.011533737182617188e-01 -4.126018285751342773e-01 1.000000000000000000e+00
4.045945107936859131e-01 4.849340319633483887e-01 -3.466675281524658203e-01 1.000000000000000000e+00
5.591494441032409668e-01 3.151993155479431152e-01 -2.251454293727874756e-01 1.000000000000000000e+00
6.692716479301452637e-01 1.169001087546348572e-01 -1.617432236671447754e-01 1.000000000000000000e+00
7.404527664184570312e-01 -8.136329054832458496e-02 -1.699476838111877441e-01 1.000000000000000000e+00
7.638301253318786621e-01 -2.993762493133544922e-01 -2.607962191104888916e-01 1.000000000000000000e+00
7.896867990493774414e-01 -4.952632486820220947e-01 -3.414380550384521484e-01 1.000000000000000000e+00
-7.498050332069396973e-01 -5.461294054985046387e-01 -3.396470844745635986e-01 1.000000000000000000e+00
-7.212535738945007324e-01 -6.650990247726440430e-01 -5.721969008445739746e-01 1.000000000000000000e+00
-6.197855472564697266e-01 -6.515544652938842773e-01 -7.618986964225769043e-01 1.000000000000000000e+00
-4.848244190216064453e-01 -5.999602675437927246e-01 -8.754460811614990234e-01 1.000000000000000000e+00
-3.579714298248291016e-01 -5.390571355819702148e-01 -9.260045886039733887e-01 1.000000000000000000e+00
-1.584068536758422852e-01 -5.296986103057861328e-01 -9.975340366363525391e-01 1.000000000000000000e+00
-2.159295231103897095e-02 -5.734395980834960938e-01 -1.040515661239624023e+00 1.000000000000000000e+00
1.593012064695358276e-01 -6.052092313766479492e-01 -1.036912202835083008e+00 1.000000000000000000e+00
3.552248477935791016e-01 -6.054148077964782715e-01 -9.459357857704162598e-01 1.000000000000000000e+00
5.041208863258361816e-01 -4.766936898231506348e-01 -7.762690186500549316e-01 1.000000000000000000e+00
-2.605826854705810547e-01 -3.729284703731536865e-01 -9.336498379707336426e-01 1.000000000000000000e+00
-2.802000343799591064e-01 -2.259453386068344116e-01 -9.715549945831298828e-01 1.000000000000000000e+00
-3.034576475620269775e-01 -1.092526763677597046e-01 -1.016054034233093262e+00 1.000000000000000000e+00
-3.203379511833190918e-01 8.639032021164894104e-03 -1.045747041702270508e+00 1.000000000000000000e+00
-3.808756470680236816e-01 5.386523902416229248e-02 -7.726366519927978516e-01 0.000000000000000000e+00
-3.249865174293518066e-01 9.149647504091262817e-02 -8.173102736473083496e-01 1.000000000000000000e+00
-2.641714215278625488e-01 1.177600398659706116e-01 -8.520115613937377930e-01 1.000000000000000000e+00
-1.920723319053649902e-01 9.903886914253234863e-02 -8.648142814636230469e-01 1.000000000000000000e+00
-1.162337586283683777e-01 7.022901624441146851e-02 -8.666741251945495605e-01 1.000000000000000000e+00
-6.603441834449768066e-01 -3.930010795593261719e-01 -5.505329966545104980e-01 1.000000000000000000e+00
-6.007542610168457031e-01 -3.813247382640838623e-01 -6.809163093566894531e-01 1.000000000000000000e+00
-5.127662420272827148e-01 -3.764263093471527100e-01 -7.152943611145019531e-01 1.000000000000000000e+00
-4.100115299224853516e-01 -3.574360013008117676e-01 -7.128303647041320801e-01 1.000000000000000000e+00
-5.008631348609924316e-01 -3.373838067054748535e-01 -6.923016905784606934e-01 1.000000000000000000e+00
-5.943564176559448242e-01 -3.390137851238250732e-01 -6.484805941581726074e-01 1.000000000000000000e+00
-1.771999150514602661e-02 -3.307520151138305664e-01 -8.561107516288757324e-01 1.000000000000000000e+00
6.510519981384277344e-02 -3.346225917339324951e-01 -9.218941330909729004e-01 1.000000000000000000e+00
1.563341170549392700e-01 -3.293796479701995850e-01 -9.491615891456604004e-01 1.000000000000000000e+00
2.840234041213989258e-01 -3.341469764709472656e-01 -8.862547278404235840e-01 1.000000000000000000e+00
1.634917110204696655e-01 -2.916063666343688965e-01 -9.194146990776062012e-01 1.000000000000000000e+00
6.382349133491516113e-02 -3.017892241477966309e-01 -8.953484892845153809e-01 1.000000000000000000e+00
-4.408632814884185791e-01 2.368531823158264160e-01 -5.518254637718200684e-01 1.000000000000000000e+00
-4.089824259281158447e-01 2.275687754154205322e-01 -6.838757395744323730e-01 1.000000000000000000e+00
-3.211995065212249756e-01 2.352179437875747681e-01 -7.852625250816345215e-01 1.000000000000000000e+00
-2.562489211559295654e-01 2.490476369857788086e-01 -8.150703907012939453e-01 1.000000000000000000e+00
-1.850394308567047119e-01 2.425659447908401489e-01 -8.334546685218811035e-01 1.000000000000000000e+00
-5.530511215329170227e-02 2.476749271154403687e-01 -8.071092963218688965e-01 1.000000000000000000e+00
6.057953089475631714e-02 2.652535140514373779e-01 -7.197241187095642090e-01 1.000000000000000000e+00
-3.491548821330070496e-02 3.438289761543273926e-01 -7.596424221992492676e-01 1.000000000000000000e+00
-1.604344993829727173e-01 3.807471990585327148e-01 -7.888827919960021973e-01 1.000000000000000000e+00
-2.362827360630035400e-01 3.846261501312255859e-01 -7.686170935630798340e-01 1.000000000000000000e+00
-3.083758056163787842e-01 3.707070648670196533e-01 -7.375243306159973145e-01 1.000000000000000000e+00
-3.960766792297363281e-01 3.219571113586425781e-01 -6.442748308181762695e-01 1.000000000000000000e+00
-4.346404075622558594e-01 2.370404601097106934e-01 -5.517187118530273438e-01 1.000000000000000000e+00
-2.979419529438018799e-01 2.719823718070983887e-01 -7.117793560028076172e-01 0.000000000000000000e+00
-2.317732423543930054e-01 2.760716974735260010e-01 -7.384215593338012695e-01 0.000000000000000000e+00
-1.634198874235153198e-01 2.792469561100006104e-01 -7.600172758102416992e-01 0.000000000000000000e+00
5.838834121823310852e-02 2.647640109062194824e-01 -7.197004556655883789e-01 1.000000000000000000e+00
-1.513638943433761597e-01 2.965967357158660889e-01 -7.725847959518432617e-01 1.000000000000000000e+00
-2.266379594802856445e-01 2.956006824970245361e-01 -7.593680620193481445e-01 1.000000000000000000e+00
-2.978339195251464844e-01 2.879778444766998291e-01 -7.235986590385437012e-01 1.000000000000000000e+00
