-6.853983998298645020e-01 -2.584764361381530762e-01
-6.727774739265441895e-01 -9.816594421863555908e-02
-6.213145256042480469e-01 6.858291476964950562e-02
-5.454120039939880371e-01 2.196770310401916504e-01
-4.625993967056274414e-01 3.601512908935546875e-01
-3.541966676712036133e-01 5.052329301834106445e-01
-2.264309376478195190e-01 6.493417620658874512e-01
-5.059406533837318420e-02 7.746230959892272949e-01
1.079363971948623657e-01 7.950755953788757324e-01
2.772188782691955566e-01 7.144793272018432617e-01
4.357300102710723877e-01 5.767266750335693359e-01
5.429611802101135254e-01 4.039289653301239014e-01
6.404302716255187988e-01 2.243051677942276001e-01
6.974316239356994629e-01 3.436474502086639404e-02
7.257525324821472168e-01 -1.525297611951828003e-01
7.088171839714050293e-01 -3.659948706626892090e-01
6.977499127388000488e-01 -5.557932257652282715e-01
-6.962309479713439941e-01 -3.602268695831298828e-01
-7.024911046028137207e-01 -5.144197940826416016e-01
-6.150065660476684570e-01 -5.653675794601440430e-01
-4.886058568954467773e-01 -5.689677000045776367e-01
-3.623104095458984375e-01 -5.423317551612854004e-01
-1.855366677045822144e-01 -5.830812454223632812e-01
-7.024741917848587036e-02 -6.589415669441223145e-01
8.641176670789718628e-02 -7.101235985755920410e-01
2.699363529682159424e-01 -7.182887196540832520e-01
4.241131246089935303e-01 -5.967655777931213379e-01
-2.485900521278381348e-01 -4.102255702018737793e-01
-2.434914112091064453e-01 -2.875524759292602539e-01
-2.455654740333557129e-01 -1.856251657009124756e-01
-2.399139106273651123e-01 -8.502776920795440674e-02
-2.837180495262145996e-01 1.625854708254337311e-02
-2.242733687162399292e-01 3.164149820804595947e-02
-1.645396500825881958e-01 3.396569937467575073e-02
-1.017839908599853516e-01 6.637362763285636902e-03
-3.756834194064140320e-02 -3.353208303451538086e-02
-6.127910614013671875e-01 -2.999129891395568848e-01
-5.657246708869934082e-01 -3.516175448894500732e-01
-4.818229675292968750e-01 -3.648499548435211182e-01
-3.833017647266387939e-01 -3.403735756874084473e-01
-4.619054496288299561e-01 -2.998827993869781494e-01
-5.400969386100769043e-01 -2.783988714218139648e-01
-2.370741590857505798e-02 -4.120732843875885010e-01
3.972455486655235291e-02 -4.729952812194824219e-01
1.270471215248107910e-01 -4.971885979175567627e-01
2.506195306777954102e-01 -4.771066308021545410e-01
1.424679458141326904e-01 -4.158649742603302002e-01
5.723540857434272766e-02 -4.026398062705993652e-01
-2.533646523952484131e-01 3.292452394962310791e-01
-2.643676400184631348e-01 2.195662111043930054e-01
-1.947616934776306152e-01 1.718973666429519653e-01
-1.354175359010696411e-01 1.621301174163818359e-01
-7.073856890201568604e-02 1.469741612672805786e-01
6.198192760348320007e-02 1.561792045831680298e-01
2.017750591039657593e-01 2.413558065891265869e-01
1.570459902286529541e-01 3.906796872615814209e-01
5.811299756169319153e-02 4.617030322551727295e-01
-1.200251560658216476e-02 4.872769117355346680e-01
-8.427615463733673096e-02 4.877437949180603027e-01
-1.791961938142776489e-01 4.533172547817230225e-01
-2.441995739936828613e-01 3.321346342563629150e-01
-1.547282487154006958e-01 2.143002003431320190e-01
-1.009923145174980164e-01 1.974928230047225952e-01
-3.936306759715080261e-02 1.916825920343399048e-01
1.993729770183563232e-01 2.405159175395965576e-01
5.164745822548866272e-02 3.925180137157440186e-01
-1.189139299094676971e-02 4.088992178440093994e-01
-7.613803446292877197e-02 4.155229032039642334e-01
