-6.466661691665649414e-01 -2.821075916290283203e-01 4.936181306838989258e-01 0.000000000000000000e+00
-5.743788480758666992e-01 -1.063352078199386597e-01 5.122312307357788086e-01 0.000000000000000000e+00
-4.907670617103576660e-01 9.114766865968704224e-02 5.206459760665893555e-01 0.000000000000000000e+00
-4.235646724700927734e-01 2.614817619323730469e-01 4.557510614395141602e-01 0.000000000000000000e+00
-3.651023507118225098e-01 4.266669452190399170e-01 3.350157737731933594e-01 0.000000000000000000e+00
-2.975416481494903564e-01 5.688372850418090820e-01 1.622731983661651611e-01 0.000000000000000000e+00
-1.810956299304962158e-01 6.934289932250976562e-01 3.899053111672401428e-02 1.000000000000000000e+00
-3.970044851303100586e-02 7.744717001914978027e-01 -1.052772402763366699e-01 1.000000000000000000e+00
1.359375417232513428e-01 7.897928953170776367e-01 -1.609534025192260742e-01 1.000000000000000000e+00
2.772188782691955566e-01 7.144793272018432617e-01 -1.974326223134994507e-01 1.000000000000000000e+00
4.357300102710723877e-01 5.767266750335693359e-01 -1.523579508066177368e-01 1.000000000000000000e+00
5.429611802101135254e-01 4.039289653301239014e-01 -1.100002080202102661e-01 1.000000000000000000e+00
6.404302716255187988e-01 2.243051677942276001e-01 -3.564322600141167641e-03 1.000000000000000000e+00
6.974316239356994629e-01 3.436474502086639404e-02 6.996754556894302368e-02 1.000000000000000000e+00
7.257525324821472168e-01 -1.525297611951828003e-01 9.302029013633728027e-02 1.000000000000000000e+00
7.088171839714050293e-01 -3.659948706626892090e-01 4.935457184910774231e-02 1.000000000000000000e+00
6.977499127388000488e-01 -5.557932257652282715e-01 1.299371756613254547e-02 1.000000000000000000e+00
-6.962309479713439941e-01 -3.602268695831298828e-01 2.447412535548210144e-02 1.000000000000000000e+00
-7.024911046028137207e-01 -5.144197940826416016e-01 -1.515471488237380981e-01 1.000000000000000000e+00
-6.150065660476684570e-01 -5.653675794601440430e-01 -3.213504254817962646e-01 1.000000000000000000e+00
-4.886058568954467773e-01 -5.689677000045776367e-01 -4.275739490985870361e-01 1.000000000000000000e+00
-3.623104095458984375e-01 -5.423317551612854004e-01 -4.851135611534118652e-01 1.000000000000000000e+00
-1.855366677045822144e-01 -5.830812454223632812e-01 -5.487655401229858398e-01 1.000000000000000000e+00
-7.024741917848587036e-02 -6.589415669441223145e-01 -5.791319608688354492e-01 1.000000000000000000e+00
8.641176670789718628e-02 -7.101235985755920410e-01 -5.719321966171264648e-01 1.000000000000000000e+00
2.699363529682159424e-01 -7.182887196540832520e-01 -4.919326305389404297e-01 1.000000000000000000e+00
4.241131246089935303e-01 -5.967655777931213379e-01 -3.677694797515869141e-01 1.000000000000000000e+00
-2.485900521278381348e-01 -4.102255702018737793e-01 -5.279875397682189941e-01 1.000000000000000000e+00
-2.434914112091064453e-01 -2.875524759292602539e-01 -5.879212617874145508e-01 1.000000000000000000e+00
-2.455654740333557129e-01 -1.856251657009124756e-01 -6.503383517265319824e-01 1.000000000000000000e+00
-2.399139106273651123e-01 -8.502776920795440674e-02 -6.939182281494140625e-01 1.000000000000000000e+00
-2.837180495262145996e-01 1.625854708254337311e-02 -4.653483927249908447e-01 1.000000000000000000e+00
-2.242733687162399292e-01 3.164149820804595947e-02 -5.096653699874877930e-01 1.000000000000000000e+00
-1.645396500825881958e-01 3.396569937467575073e-02 -5.445129871368408203e-01 1.000000000000000000e+00
-1.017839908599853516e-01 6.637362763285636902e-03 -5.530549883842468262e-01 1.000000000000000000e+00
-3.756834194064140320e-02 -3.353208303451538086e-02 -5.533852577209472656e-01 1.000000000000000000e+00
-6.127910614013671875e-01 -2.999129891395568848e-01 -1.887875646352767944e-01 1.000000000000000000e+00
-5.657246708869934082e-01 -3.516175448894500732e-01 -3.069593608379364014e-01 1.000000000000000000e+00
-4.818229675292968750e-01 -3.648499548435211182e-01 -3.420147895812988281e-01 1.000000000000000000e+00
-3.833017647266387939e-01 -3.403735756874084473e-01 -3.439693450927734375e-01 1.000000000000000000e+00
-4.619054496288299561e-01 -2.998827993869781494e-01 -3.283945620059967041e-01 1.000000000000000000e+00
-5.400969386100769043e-01 -2.783988714218139648e-01 -2.906692624092102051e-01 1.000000000000000000e+00
-2.370741590857505798e-02 -4.120732843875885010e-01 -4.759233891963958740e-01 1.000000000000000000e+00
3.972455486655235291e-02 -4.729952812194824219e-01 -5.318346023559570312e-01 1.000000000000000000e+00
1.270471215248107910e-01 -4.971885979175567627e-01 -5.574166178703308105e-01 1.000000000000000000e+00
2.506195306777954102e-01 -4.771066308021545410e-01 -5.000885725021362305e-01 1.000000000000000000e+00
1.424679458141326904e-01 -4.158649742603302002e-01 -5.380009412765502930e-01 1.000000000000000000e+00
5.723540857434272766e-02 -4.026398062705993652e-01 -5.163457989692687988e-01 1.000000000000000000e+00
-2.533646523952484131e-01 3.292452394962310791e-01 -2.519824206829071045e-01 1.000000000000000000e+00
-2.643676400184631348e-01 2.195662111043930054e-01 -4.049726426601409912e-01 1.000000000000000000e+00
-1.947616934776306152e-01 1.718973666429519653e-01 -5.126469731330871582e-01 1.000000000000000000e+00
-1.354175359010696411e-01 1.621301174163818359e-01 -5.428087711334228516e-01 1.000000000000000000e+00
-7.073856890201568604e-02 1.469741612672805786e-01 -5.563510060310363770e-01 1.000000000000000000e+00
6.198192760348320007e-02 1.561792045831680298e-01 -5.183802843093872070e-01 1.000000000000000000e+00
2.017750591039657593e-01 2.413558065891265869e-01 -3.999178409576416016e-01 1.000000000000000000e+00
1.570459902286529541e-01 3.906796872615814209e-01 -4.280090034008026123e-01 1.000000000000000000e+00
5.811299756169319153e-02 4.617030322551727295e-01 -4.533909857273101807e-01 1.000000000000000000e+00
-1.200251560658216476e-02 4.872769117355346680e-01 -4.385586380958557129e-01 1.000000000000000000e+00
-8.427615463733673096e-02 4.877437949180603027e-01 -4.099915623664855957e-01 1.000000000000000000e+00
-1.791961938142776489e-01 4.533172547817230225e-01 -3.278436362743377686e-01 1.000000000000000000e+00
-2.441995739936828613e-01 3.321346342563629150e-01 -2.461618185043334961e-01 1.000000000000000000e+00
-1.547282487154006958e-01 2.143002003431320190e-01 -4.367298483848571777e-01 1.000000000000000000e+00
-1.009923145174980164e-01 1.974928230047225952e-01 -4.637950062751770020e-01 1.000000000000000000e+00
-3.936306759715080261e-02 1.916825920343399048e-01 -4.771631360054016113e-01 0.000000000000000000e+00
1.993729770183563232e-01 2.405159175395965576e-01 -3.990335762500762939e-01 1.000000000000000000e+00
5.164745822548866272e-02 3.925180137157440186e-01 -4.083606600761413574e-01 1.000000000000000000e+00
-1.189139299094676971e-02 4.088992178440093994e-01 -3.947162032127380371e-01 1.000000000000000000e+00
-7.613803446292877197e-02 4.155229032039642334e-01 -3.693084120750427246e-01 1.000000000000000000e+00
