-6.792288422584533691e-01 -1.941968053579330444e-01
-6.537026166915893555e-01 -3.076851926743984222e-02
-5.870835781097412109e-01 1.352786868810653687e-01
-5.019386410713195801e-01 2.794260680675506592e-01
-4.103628695011138916e-01 4.122196733951568604e-01
-2.936239540576934814e-01 5.492685437202453613e-01
-1.576515138149261475e-01 6.829973459243774414e-01
2.818274684250354767e-02 7.963579297065734863e-01
1.874214708805084229e-01 8.078328967094421387e-01
3.476027250289916992e-01 7.158201932907104492e-01
4.921470284461975098e-01 5.692521929740905762e-01
5.840832591056823730e-01 3.911160230636596680e-01
6.644295454025268555e-01 2.060403376817703247e-01
7.061514854431152344e-01 1.205882057547569275e-02
7.242459058761596680e-01 -1.782744079828262329e-01
6.974483132362365723e-01 -3.891479969024658203e-01
6.765750050544738770e-01 -5.788821578025817871e-01
-6.971389055252075195e-01 -2.972774207592010498e-01
-7.124158143997192383e-01 -4.559248983860015869e-01
-6.269893050193786621e-01 -5.132843852043151855e-01
-4.993075132369995117e-01 -5.222331285476684570e-01
-3.698273897171020508e-01 -5.004587173461914062e-01
-1.932956576347351074e-01 -5.529364943504333496e-01
-8.245853334665298462e-02 -6.400260925292968750e-01
7.112391293048858643e-02 -7.034890651702880859e-01
2.518036067485809326e-01 -7.219875454902648926e-01
4.102477729320526123e-01 -6.048657894134521484e-01
-2.436580210924148560e-01 -3.695464134216308594e-01
-2.287105023860931396e-01 -2.443265169858932495e-01
-2.226441800594329834e-01 -1.417311728000640869e-01
-2.096963971853256226e-01 -4.126306623220443726e-02
-2.453026771545410156e-01 6.577083468437194824e-02
-1.872831135988235474e-01 7.722768932580947876e-02
-1.296536028385162354e-01 7.684945315122604370e-02
-7.085773348808288574e-02 4.614694416522979736e-02
-1.225317828357219696e-02 3.640719456598162651e-03
-6.061562895774841309e-01 -2.352060228586196899e-01
-5.599630475044250488e-01 -2.895787954330444336e-01
-4.765838384628295898e-01 -3.080681562423706055e-01
-3.764910399913787842e-01 -2.899134159088134766e-01
-4.528166055679321289e-01 -2.443884611129760742e-01
-5.304885506629943848e-01 -2.175912559032440186e-01
-2.318722754716873169e-02 -3.832359313964843750e-01
3.750525787472724915e-02 -4.497158825397491455e-01
1.238048002123832703e-01 -4.800744652748107910e-01
2.480064928531646729e-01 -4.671165943145751953e-01
1.445511281490325928e-01 -3.978241086006164551e-01
5.930297821760177612e-02 -3.790803551673889160e-01
-1.979510635137557983e-01 3.768964409828186035e-01
-2.144566327333450317e-01 2.709432244300842285e-01
-1.491365134716033936e-01 2.196027189493179321e-01
-9.157005697488784790e-02 2.065540701150894165e-01
-2.879419550299644470e-02 1.879297196865081787e-01
1.013079136610031128e-01 1.896551549434661865e-01
2.441071867942810059e-01 2.620230317115783691e-01
2.138471752405166626e-01 4.135969579219818115e-01
1.234124526381492615e-01 4.929311871528625488e-01
5.607949569821357727e-02 5.229204893112182617e-01
-1.580310799181461334e-02 5.274940729141235352e-01
-1.138934716582298279e-01 4.964165091514587402e-01
-1.888336837291717529e-01 3.799297213554382324e-01
-1.074348762631416321e-01 2.601630389690399170e-01
-5.581901967525482178e-02 2.411618083715438843e-01
4.327769391238689423e-03 2.313472479581832886e-01
2.417156249284744263e-01 2.615103125572204590e-01
1.111591234803199768e-01 4.241161942481994629e-01
4.956285655498504639e-02 4.450948536396026611e-01
-1.339639723300933838e-02 4.549712836742401123e-01
