-6.487475037574768066e-01 -2.202492207288742065e-01 4.723045825958251953e-01 0.000000000000000000e+00
-5.659267306327819824e-01 -4.927863553166389465e-02 4.907958507537841797e-01 0.000000000000000000e+00
-4.678742885589599609e-01 1.414590626955032349e-01 4.997274875640869141e-01 0.000000000000000000e+00
-3.854437172412872314e-01 3.073333501815795898e-01 4.360398650169372559e-01 0.000000000000000000e+00
-3.140639662742614746e-01 4.693436920642852783e-01 3.174392282962799072e-01 0.000000000000000000e+00
-2.353091835975646973e-01 6.071120500564575195e-01 1.479115784168243408e-01 0.000000000000000000e+00
-1.098327338695526123e-01 7.230070233345031738e-01 2.883919887244701385e-02 1.000000000000000000e+00
3.857420757412910461e-02 7.955887913703918457e-01 -1.103065982460975647e-01 1.000000000000000000e+00
2.134057581424713135e-01 8.001217842102050781e-01 -1.606734991073608398e-01 1.000000000000000000e+00
3.475034832954406738e-01 7.159802317619323730e-01 -1.946832537651062012e-01 1.000000000000000000e+00
4.919309318065643311e-01 5.694454312324523926e-01 -1.469758003950119019e-01 1.000000000000000000e+00
5.840396881103515625e-01 3.918047845363616943e-01 -1.034612655639648438e-01 1.000000000000000000e+00
6.645057797431945801e-01 2.068974077701568604e-01 4.206041339784860611e-03 1.000000000000000000e+00
7.061665058135986328e-01 1.310606393963098526e-02 7.783760130405426025e-02 1.000000000000000000e+00
7.250817418098449707e-01 -1.772316545248031616e-01 9.981401264667510986e-02 1.000000000000000000e+00
6.979807615280151367e-01 -3.893811404705047607e-01 5.597962811589241028e-02 1.000000000000000000e+00
6.770471930503845215e-01 -5.784759521484375000e-01 2.189819701015949249e-02 1.000000000000000000e+00
-6.971389055252075195e-01 -2.972774207592010498e-01 3.179810009896755219e-03 1.000000000000000000e+00
-7.124158143997192383e-01 -4.559248983860015869e-01 -1.724085360765457153e-01 1.000000000000000000e+00
-6.269893050193786621e-01 -5.132843852043151855e-01 -3.416872620582580566e-01 1.000000000000000000e+00
-4.993075132369995117e-01 -5.222331285476684570e-01 -4.478735029697418213e-01 1.000000000000000000e+00
-3.698273897171020508e-01 -5.004587173461914062e-01 -5.045325756072998047e-01 1.000000000000000000e+00
-1.932956576347351074e-01 -5.529364943504333496e-01 -5.653622150421142578e-01 1.000000000000000000e+00
-8.245853334665298462e-02 -6.400260925292968750e-01 -5.920906066894531250e-01 1.000000000000000000e+00
7.112391293048858643e-02 -7.034890651702880859e-01 -5.792626738548278809e-01 1.000000000000000000e+00
2.518036067485809326e-01 -7.219875454902648926e-01 -4.929962754249572754e-01 1.000000000000000000e+00
4.102477729320526123e-01 -6.048657894134521484e-01 -3.652780354022979736e-01 1.000000000000000000e+00
-2.436580210924148560e-01 -3.695464134216308594e-01 -5.434327721595764160e-01 1.000000000000000000e+00
-2.287105023860931396e-01 -2.443265169858932495e-01 -6.028341054916381836e-01 1.000000000000000000e+00
-2.226441800594329834e-01 -1.417311728000640869e-01 -6.649717688560485840e-01 1.000000000000000000e+00
-2.096963971853256226e-01 -4.126306623220443726e-02 -7.088871598243713379e-01 1.000000000000000000e+00
-2.453026771545410156e-01 6.577083468437194824e-02 -4.823162853717803955e-01 1.000000000000000000e+00
-1.872831135988235474e-01 7.722768932580947876e-02 -5.247599482536315918e-01 1.000000000000000000e+00
-1.296536028385162354e-01 7.684945315122604370e-02 -5.586671233177185059e-01 1.000000000000000000e+00
-7.085773348808288574e-02 4.614694416522979736e-02 -5.648025274276733398e-01 1.000000000000000000e+00
-1.225317828357219696e-02 3.640719456598162651e-03 -5.628212094306945801e-01 1.000000000000000000e+00
-6.061562895774841309e-01 -2.352060228586196899e-01 -2.115173786878585815e-01 1.000000000000000000e+00
-5.599630475044250488e-01 -2.895787954330444336e-01 -3.295114040374755859e-01 1.000000000000000000e+00
-4.765838384628295898e-01 -3.080681562423706055e-01 -3.628779351711273193e-01 1.000000000000000000e+00
-3.764910399913787842e-01 -2.899134159088134766e-01 -3.631653785705566406e-01 1.000000000000000000e+00
-4.528166055679321289e-01 -2.443884611129760742e-01 -3.491870164871215820e-01 1.000000000000000000e+00
-5.304885506629943848e-01 -2.175912559032440186e-01 -3.126800358295440674e-01 1.000000000000000000e+00
-2.318722754716873169e-02 -3.832359313964843750e-01 -4.884741008281707764e-01 1.000000000000000000e+00
3.750525787472724915e-02 -4.497158825397491455e-01 -5.432383418083190918e-01 1.000000000000000000e+00
1.238048002123832703e-01 -4.800744652748107910e-01 -5.665875673294067383e-01 1.000000000000000000e+00
2.480064928531646729e-01 -4.671165943145751953e-01 -5.060303807258605957e-01 1.000000000000000000e+00
1.445511281490325928e-01 -3.978241086006164551e-01 -5.470369458198547363e-01 1.000000000000000000e+00
5.930297821760177612e-02 -3.790803551673889160e-01 -5.273362398147583008e-01 1.000000000000000000e+00
-1.979510635137557983e-01 3.768964409828186035e-01 -2.669106721878051758e-01 1.000000000000000000e+00
-2.144566327333450317e-01 2.709432244300842285e-01 -4.215510189533233643e-01 1.000000000000000000e+00
-1.491365134716033936e-01 2.196027189493179321e-01 -5.274568796157836914e-01 1.000000000000000000e+00
-9.157005697488784790e-02 2.065540701150894165e-01 -5.569179058074951172e-01 1.000000000000000000e+00
-2.879419550299644470e-02 1.879297196865081787e-01 -5.686624646186828613e-01 1.000000000000000000e+00
1.013079136610031128e-01 1.896551549434661865e-01 -5.266144275665283203e-01 1.000000000000000000e+00
2.441071867942810059e-01 2.620230317115783691e-01 -4.034940600395202637e-01 1.000000000000000000e+00
2.138471752405166626e-01 4.135969579219818115e-01 -4.298527836799621582e-01 1.000000000000000000e+00
1.234124526381492615e-01 4.929311871528625488e-01 -4.564849138259887695e-01 1.000000000000000000e+00
5.607949569821357727e-02 5.229204893112182617e-01 -4.429629147052764893e-01 1.000000000000000000e+00
-1.580310799181461334e-02 5.274940729141235352e-01 -4.161766469478607178e-01 1.000000000000000000e+00
-1.138934716582298279e-01 4.964165091514587402e-01 -3.380060195922851562e-01 1.000000000000000000e+00
-1.888336837291717529e-01 3.799297213554382324e-01 -2.609183788299560547e-01 1.000000000000000000e+00
-1.074348762631416321e-01 2.601630389690399170e-01 -4.498385488986968994e-01 1.000000000000000000e+00
-5.581901967525482178e-02 2.411618083715438843e-01 -4.765708446502685547e-01 1.000000000000000000e+00
4.327769391238689423e-03 2.313472479581832886e-01 -4.870229661464691162e-01 0.000000000000000000e+00
2.417156249284744263e-01 2.615103125572204590e-01 -4.027754366397857666e-01 1.000000000000000000e+00
1.111591234803199768e-01 4.241161942481994629e-01 -4.126732647418975830e-01 1.000000000000000000e+00
4.956285655498504639e-02 4.450948536396026611e-01 -4.004010558128356934e-01 1.000000000000000000e+00
-1.339639723300933838e-02 4.549712836742401123e-01 -3.766839802265167236e-01 1.000000000000000000e+00
