-5.512943267822265625e-01 -6.251454353332519531e-01
-6.338441371917724609e-01 -4.363198876380920410e-01
-6.845563054084777832e-01 -2.589484453201293945e-01
-7.260382771492004395e-01 -1.147443950176239014e-01
-7.574267983436584473e-01 5.335197225213050842e-02
-7.527355551719665527e-01 2.301480025053024292e-01
-6.940201520919799805e-01 4.180628657341003418e-01
-5.854998826980590820e-01 6.043600440025329590e-01
-4.498313367366790771e-01 7.103099822998046875e-01
-2.713752090930938721e-01 7.508267760276794434e-01
-4.989786446094512939e-02 7.417726516723632812e-01
1.506100147962570190e-01 6.868178844451904297e-01
3.160532712936401367e-01 5.828008055686950684e-01
4.717456698417663574e-01 4.373382925987243652e-01
5.877178907394409180e-01 2.890025675296783447e-01
6.995391249656677246e-01 1.249305605888366699e-01
8.017586469650268555e-01 -3.482199832797050476e-02
-4.804170727729797363e-01 -6.494767665863037109e-01
-3.660571277141571045e-01 -7.283396124839782715e-01
-2.463824599981307983e-01 -6.682981848716735840e-01
-1.276530325412750244e-01 -5.664323568344116211e-01
-3.193073347210884094e-02 -4.627500772476196289e-01
1.466051191091537476e-01 -3.768453896045684814e-01
2.878544330596923828e-01 -3.610680699348449707e-01
4.508015513420104980e-01 -3.177926242351531982e-01
5.980774164199829102e-01 -2.475183159112930298e-01
6.442546248435974121e-01 -9.313750267028808594e-02
-1.339591387659311295e-02 -2.777249515056610107e-01
-8.198333531618118286e-02 -1.472714394330978394e-01
-1.415923684835433960e-01 -4.253648594021797180e-02
-1.988337635993957520e-01 6.406068801879882812e-02
-3.178092837333679199e-01 5.134272202849388123e-02
-2.752789855003356934e-01 1.115584224462509155e-01
-2.250488102436065674e-01 1.614180952310562134e-01
-1.515773087739944458e-01 1.731994748115539551e-01
-7.269888371229171753e-02 1.756129413843154907e-01
-4.173751175403594971e-01 -4.672582447528839111e-01
-3.468380272388458252e-01 -4.229654371738433838e-01
-2.658457756042480469e-01 -3.839434683322906494e-01
-1.826261878013610840e-01 -3.314716815948486328e-01
-2.743758261203765869e-01 -3.488347232341766357e-01
-3.625192046165466309e-01 -3.880257606506347656e-01
1.587302386760711670e-01 -1.585921347141265869e-01
2.429209202527999878e-01 -1.223027408123016357e-01
3.240362703800201416e-01 -8.070629090070724487e-02
4.245770871639251709e-01 -4.438723251223564148e-02
3.114891052246093750e-01 -4.992117360234260559e-02
2.255557924509048462e-01 -9.787796437740325928e-02
-4.982927441596984863e-01 1.637370139360427856e-01
-4.296774864196777344e-01 1.782335937023162842e-01
-3.320958912372589111e-01 2.325725555419921875e-01
-2.719557285308837891e-01 2.740947604179382324e-01
-2.010793089866638184e-01 2.978440523147583008e-01
-8.992797881364822388e-02 3.470156490802764893e-01
-1.118790730834007263e-02 3.947013616561889648e-01
-1.361813098192214966e-01 4.414157569408416748e-01
-2.663338482379913330e-01 4.338961839675903320e-01
-3.418913781642913818e-01 4.077234566211700439e-01
-4.077625572681427002e-01 3.670223653316497803e-01
-4.838709831237792969e-01 2.785707116127014160e-01
-4.941294491291046143e-01 1.671815365552902222e-01
-3.378314673900604248e-01 2.627404928207397461e-01
-2.721311748027801514e-01 2.954621613025665283e-01
-2.065713405609130859e-01 3.285554051399230957e-01
-1.269954629242420197e-02 3.937792181968688965e-01
-2.303097248077392578e-01 3.625796735286712646e-01
-3.037828505039215088e-01 3.343433737754821777e-01
-3.726901412010192871e-01 2.969244718551635742e-01
