-5.284666419029235840e-01 -7.077080607414245605e-01 -7.892395369708538055e-03 1.000000000000000000e+00
-5.862080454826354980e-01 -5.244309902191162109e-01 6.316226720809936523e-02 1.000000000000000000e+00
-6.428270339965820312e-01 -3.114134967327117920e-01 1.304925084114074707e-01 0.000000000000000000e+00
-6.886798739433288574e-01 -1.079845577478408813e-01 1.070033609867095947e-01 0.000000000000000000e+00
-7.233046293258666992e-01 9.780350327491760254e-02 5.474582314491271973e-03 0.000000000000000000e+00
-7.336308360099792480e-01 2.901206612586975098e-01 -1.651430130004882812e-01 0.000000000000000000e+00
-6.725152134895324707e-01 4.585457742214202881e-01 -3.020826876163482666e-01 1.000000000000000000e+00
-5.782408118247985840e-01 6.104896664619445801e-01 -4.693806171417236328e-01 1.000000000000000000e+00
-4.323834478855133057e-01 7.192663550376892090e-01 -5.082450509071350098e-01 1.000000000000000000e+00
-2.725458443164825439e-01 7.511425018310546875e-01 -5.157237052917480469e-01 1.000000000000000000e+00
-6.212725862860679626e-02 7.456284165382385254e-01 -3.955205976963043213e-01 1.000000000000000000e+00
1.279026120901107788e-01 6.970860362052917480e-01 -2.970396578311920166e-01 1.000000000000000000e+00
3.035317063331604004e-01 5.903907418251037598e-01 -1.498683840036392212e-01 1.000000000000000000e+00
4.625230431556701660e-01 4.517145752906799316e-01 -6.555867195129394531e-02 1.000000000000000000e+00
5.969378948211669922e-01 3.032878041267395020e-01 -5.718024075031280518e-02 1.000000000000000000e+00
7.141098976135253906e-01 1.247776076197624207e-01 -1.375446170568466187e-01 1.000000000000000000e+00
8.196755647659301758e-01 -3.519531339406967163e-02 -2.081401497125625610e-01 1.000000000000000000e+00
-4.804170727729797363e-01 -6.494767665863037109e-01 -5.115525722503662109e-01 1.000000000000000000e+00
-3.660571277141571045e-01 -7.283396124839782715e-01 -7.230196595191955566e-01 1.000000000000000000e+00
-2.463824599981307983e-01 -6.682981848716735840e-01 -8.790974020957946777e-01 1.000000000000000000e+00
-1.276530325412750244e-01 -5.664323568344116211e-01 -9.571451544761657715e-01 1.000000000000000000e+00
-3.193073347210884094e-02 -4.627500772476196289e-01 -9.785999655723571777e-01 1.000000000000000000e+00
1.466051191091537476e-01 -3.768453896045684814e-01 -1.005668640136718750e+00 1.000000000000000000e+00
2.878544330596923828e-01 -3.610680699348449707e-01 -1.018759846687316895e+00 1.000000000000000000e+00
4.508015513420104980e-01 -3.177926242351531982e-01 -9.807595610618591309e-01 1.000000000000000000e+00
5.980774164199829102e-01 -2.475183159112930298e-01 -8.577557802200317383e-01 1.000000000000000000e+00
6.442546248435974121e-01 -9.313750267028808594e-02 -6.706286072731018066e-01 1.000000000000000000e+00
-1.339591387659311295e-02 -2.777249515056610107e-01 -9.762594103813171387e-01 1.000000000000000000e+00
-8.198333531618118286e-02 -1.472714394330978394e-01 -1.025456309318542480e+00 1.000000000000000000e+00
-1.415923684835433960e-01 -4.253648594021797180e-02 -1.074610710144042969e+00 1.000000000000000000e+00
-1.988337635993957520e-01 6.406068801879882812e-02 -1.108345627784729004e+00 1.000000000000000000e+00
-3.178092837333679199e-01 5.134272202849388123e-02 -8.458653688430786133e-01 1.000000000000000000e+00
-2.752789855003356934e-01 1.115584224462509155e-01 -8.776221275329589844e-01 1.000000000000000000e+00
-2.250488102436065674e-01 1.614180952310562134e-01 -8.971094489097595215e-01 1.000000000000000000e+00
-1.515773087739944458e-01 1.731994748115539551e-01 -8.961577415466308594e-01 1.000000000000000000e+00
-7.269888371229171753e-02 1.756129413843154907e-01 -8.818661570549011230e-01 1.000000000000000000e+00
-4.173751175403594971e-01 -4.672582447528839111e-01 -6.926167011260986328e-01 1.000000000000000000e+00
-3.468380272388458252e-01 -4.229654371738433838e-01 -8.024001121520996094e-01 1.000000000000000000e+00
-2.658457756042480469e-01 -3.839434683322906494e-01 -8.162179589271545410e-01 1.000000000000000000e+00
-1.826261878013610840e-01 -3.314716815948486328e-01 -7.936985492706298828e-01 1.000000000000000000e+00
-2.743758261203765869e-01 -3.488347232341766357e-01 -7.944331765174865723e-01 1.000000000000000000e+00
-3.625192046165466309e-01 -3.880257606506347656e-01 -7.724685668945312500e-01 1.000000000000000000e+00
1.587302386760711670e-01 -1.585921347141265869e-01 -8.472313880920410156e-01 1.000000000000000000e+00
2.429209202527999878e-01 -1.223027408123016357e-01 -8.921419382095336914e-01 1.000000000000000000e+00
3.240362703800201416e-01 -8.070629090070724487e-02 -8.995773196220397949e-01 1.000000000000000000e+00
4.245770871639251709e-01 -4.438723251223564148e-02 -8.151076436042785645e-01 1.000000000000000000e+00
3.114891052246093750e-01 -4.992117360234260559e-02 -8.715826869010925293e-01 1.000000000000000000e+00
2.255557924509048462e-01 -9.787796437740325928e-02 -8.688618540763854980e-01 1.000000000000000000e+00
-4.982927441596984863e-01 1.637370139360427856e-01 -6.001745462417602539e-01 1.000000000000000000e+00
-4.296774864196777344e-01 1.782335937023162842e-01 -7.388411164283752441e-01 1.000000000000000000e+00
-3.320958912372589111e-01 2.325725555419921875e-01 -8.257977366447448730e-01 1.000000000000000000e+00
-2.719557285308837891e-01 2.740947604179382324e-01 -8.415398001670837402e-01 1.000000000000000000e+00
-2.010793089866638184e-01 2.978440523147583008e-01 -8.454376459121704102e-01 1.000000000000000000e+00
-8.992797881364822388e-02 3.470156490802764893e-01 -7.883247733116149902e-01 1.000000000000000000e+00
-1.118790730834007263e-02 3.947013616561889648e-01 -6.741734743118286133e-01 1.000000000000000000e+00
-1.361813098192214966e-01 4.414157569408416748e-01 -7.334778308868408203e-01 1.000000000000000000e+00
-2.663338482379913330e-01 4.338961839675903320e-01 -7.829270958900451660e-01 1.000000000000000000e+00
-3.418913781642913818e-01 4.077234566211700439e-01 -7.757232189178466797e-01 1.000000000000000000e+00
-4.077625572681427002e-01 3.670223653316497803e-01 -7.566064596176147461e-01 1.000000000000000000e+00
-4.838709831237792969e-01 2.785707116127014160e-01 -6.776231527328491211e-01 1.000000000000000000e+00
-4.941294491291046143e-01 1.671815365552902222e-01 -5.978503227233886719e-01 1.000000000000000000e+00
-3.378314673900604248e-01 2.627404928207397461e-01 -7.437938451766967773e-01 0.000000000000000000e+00
-2.721311748027801514e-01 2.954621613025665283e-01 -7.566905617713928223e-01 0.000000000000000000e+00
-2.065713405609130859e-01 3.285554051399230957e-01 -7.642294168472290039e-01 0.000000000000000000e+00
-1.269954629242420197e-02 3.937792181968688965e-01 -6.744919419288635254e-01 1.000000000000000000e+00
-2.303097248077392578e-01 3.625796735286712646e-01 -7.560933232307434082e-01 1.000000000000000000e+00
-3.037828505039215088e-01 3.343433737754821777e-01 -7.582297325134277344e-01 1.000000000000000000e+00
-3.726901412010192871e-01 2.969244718551635742e-01 -7.318612933158874512e-01 1.000000000000000000e+00
