-6.407628059387207031e-01 -5.009262561798095703e-01
-6.978586316108703613e-01 -3.407790362834930420e-01
-7.185341715812683105e-01 -1.565984785556793213e-01
-7.195284366607666016e-01 -2.441027434542775154e-03
-7.094123363494873047e-01 1.553647518157958984e-01
-6.763156652450561523e-01 3.243782222270965576e-01
-6.161212921142578125e-01 4.967879354953765869e-01
-5.044608712196350098e-01 6.772421598434448242e-01
-3.683088421821594238e-01 7.637048363685607910e-01
-1.805660277605056763e-01 7.658575773239135742e-01
2.977086231112480164e-02 7.147733569145202637e-01
2.084434777498245239e-01 6.152482628822326660e-01
3.727919161319732666e-01 4.877192080020904541e-01
5.075841546058654785e-01 3.316501975059509277e-01
6.071950197219848633e-01 1.668805629014968872e-01
6.810459494590759277e-01 -2.357678115367889404e-02
7.529934048652648926e-01 -2.038871347904205322e-01
-6.035082340240478516e-01 -5.943487286567687988e-01
-5.333049297332763672e-01 -7.124212384223937988e-01
-4.224400818347930908e-01 -6.988848447799682617e-01
-3.002514541149139404e-01 -6.363288164138793945e-01
-1.941758692264556885e-01 -5.586116313934326172e-01
-1.565986126661300659e-02 -5.155973434448242188e-01
1.197051182389259338e-01 -5.287798643112182617e-01
2.840501964092254639e-01 -5.107814073562622070e-01
4.516105353832244873e-01 -4.541634619235992432e-01
5.404675602912902832e-01 -2.976441979408264160e-01
-1.445323973894119263e-01 -3.882937729358673096e-01
-1.903304010629653931e-01 -2.632409334182739258e-01
-2.324755936861038208e-01 -1.633087396621704102e-01
-2.688893079757690430e-01 -6.263846904039382935e-02
-3.619501292705535889e-01 -1.139383576810359955e-02
-3.135177195072174072e-01 3.055128455162048340e-02
-2.599946856498718262e-01 6.179537996649742126e-02
-1.913997381925582886e-01 6.324453651905059814e-02
-1.164819523692131042e-01 5.574298650026321411e-02
-5.370969772338867188e-01 -4.564356505870819092e-01
-4.716049134731292725e-01 -4.387818872928619385e-01
-3.916127979755401611e-01 -4.190503358840942383e-01
-3.021699786186218262e-01 -3.848176896572113037e-01
-3.932898640632629395e-01 -3.862958550453186035e-01
-4.781506955623626709e-01 -4.025475084781646729e-01
4.879943653941154480e-02 -2.901504337787628174e-01
1.307716518640518188e-01 -2.732498645782470703e-01
2.119168192148208618e-01 -2.505719661712646484e-01
3.238273262977600098e-01 -2.269040197134017944e-01
2.083560973405838013e-01 -2.196196615695953369e-01
1.227540522813796997e-01 -2.482352405786514282e-01
-4.899495840072631836e-01 2.247984260320663452e-01
-4.386541545391082764e-01 1.659301519393920898e-01
-3.478024303913116455e-01 1.712776273488998413e-01
-2.881095409393310547e-01 1.929691433906555176e-01
-2.213932126760482788e-01 2.052454352378845215e-01
-1.089549437165260315e-01 2.554231882095336914e-01
-2.886094525456428528e-02 3.485416769981384277e-01
-1.394191682338714600e-01 4.440428018569946289e-01
-2.610634565353393555e-01 4.646457433700561523e-01
-3.365676403045654297e-01 4.560382664203643799e-01
-4.037054777145385742e-01 4.247365593910217285e-01
-4.766120016574859619e-01 3.524388372898101807e-01
-4.847939312458038330e-01 2.295438051223754883e-01
-3.355874419212341309e-01 2.157171517610549927e-01
-2.762205302715301514e-01 2.291406095027923584e-01
-2.152743637561798096e-01 2.487782984972000122e-01
-3.046430833637714386e-02 3.473460376262664795e-01
-2.385482043027877808e-01 3.926689624786376953e-01
-3.060812056064605713e-01 3.790301680564880371e-01
-3.704943954944610596e-01 3.563804626464843750e-01
