-6.091058254241943359e-01 -5.664429664611816406e-01 2.719852328300476074e-01 1.000000000000000000e+00
-6.238028407096862793e-01 -3.767951726913452148e-01 3.145795762538909912e-01 0.000000000000000000e+00
-6.330414414405822754e-01 -1.609871983528137207e-01 3.506078124046325684e-01 0.000000000000000000e+00
-6.429076790809631348e-01 3.299257531762123108e-02 3.070366084575653076e-01 0.000000000000000000e+00
-6.529795527458190918e-01 2.203773707151412964e-01 1.986026912927627563e-01 0.000000000000000000e+00
-6.459302902221679688e-01 3.904869258403778076e-01 3.295630589127540588e-02 0.000000000000000000e+00
-5.864353775978088379e-01 5.475976467132568359e-01 -9.232714027166366577e-02 1.000000000000000000e+00
-4.932107329368591309e-01 6.800493597984313965e-01 -2.440328747034072876e-01 1.000000000000000000e+00
-3.414201438426971436e-01 7.678773403167724609e-01 -2.939444482326507568e-01 1.000000000000000000e+00
-1.810303777456283569e-01 7.661078572273254395e-01 -3.225824534893035889e-01 1.000000000000000000e+00
2.748680487275123596e-02 7.156103253364562988e-01 -2.521282732486724854e-01 1.000000000000000000e+00
2.054624408483505249e-01 6.185407042503356934e-01 -1.935267448425292969e-01 1.000000000000000000e+00
3.703520298004150391e-01 4.919949471950531006e-01 -7.872621715068817139e-02 1.000000000000000000e+00
5.045761466026306152e-01 3.383302092552185059e-01 -7.368830032646656036e-03 1.000000000000000000e+00
6.096474528312683105e-01 1.755204796791076660e-01 3.448334988206624985e-03 1.000000000000000000e+00
6.860559582710266113e-01 -2.347568236291408539e-02 -5.742133036255836487e-02 1.000000000000000000e+00
7.559021711349487305e-01 -2.005975544452667236e-01 -1.084527373313903809e-01 1.000000000000000000e+00
-6.035082340240478516e-01 -5.943487286567687988e-01 -2.140890210866928101e-01 1.000000000000000000e+00
-5.333049297332763672e-01 -7.124212384223937988e-01 -4.101608395576477051e-01 1.000000000000000000e+00
-4.224400818347930908e-01 -6.988848447799682617e-01 -5.762197375297546387e-01 1.000000000000000000e+00
-3.002514541149139404e-01 -6.363288164138793945e-01 -6.721889376640319824e-01 1.000000000000000000e+00
-1.941758692264556885e-01 -5.586116313934326172e-01 -7.144950628280639648e-01 1.000000000000000000e+00
-1.565986126661300659e-02 -5.155973434448242188e-01 -7.649234533309936523e-01 1.000000000000000000e+00
1.197051182389259338e-01 -5.287798643112182617e-01 -7.902554869651794434e-01 1.000000000000000000e+00
2.840501964092254639e-01 -5.107814073562622070e-01 -7.735944986343383789e-01 1.000000000000000000e+00
4.516105353832244873e-01 -4.541634619235992432e-01 -6.766809821128845215e-01 1.000000000000000000e+00
5.404675602912902832e-01 -2.976441979408264160e-01 -5.244576930999755859e-01 1.000000000000000000e+00
-1.445323973894119263e-01 -3.882937729358673096e-01 -7.348765134811401367e-01 1.000000000000000000e+00
-1.903304010629653931e-01 -2.632409334182739258e-01 -7.898421883583068848e-01 1.000000000000000000e+00
-2.324755936861038208e-01 -1.633087396621704102e-01 -8.472146391868591309e-01 1.000000000000000000e+00
-2.688893079757690430e-01 -6.263846904039382935e-02 -8.860200643539428711e-01 1.000000000000000000e+00
-3.619501292705535889e-01 -1.139383576810359955e-02 -6.450168490409851074e-01 1.000000000000000000e+00
-3.135177195072174072e-01 3.055128455162048340e-02 -6.847964525222778320e-01 1.000000000000000000e+00
-2.599946856498718262e-01 6.179537996649742126e-02 -7.145342826843261719e-01 1.000000000000000000e+00
-1.913997381925582886e-01 6.324453651905059814e-02 -7.192664146423339844e-01 1.000000000000000000e+00
-1.164819523692131042e-01 5.574298650026321411e-02 -7.146124839782714844e-01 1.000000000000000000e+00
-5.370969772338867188e-01 -4.564356505870819092e-01 -4.195796251296997070e-01 1.000000000000000000e+00
-4.716049134731292725e-01 -4.387818872928619385e-01 -5.340889096260070801e-01 1.000000000000000000e+00
-3.916127979755401611e-01 -4.190503358840942383e-01 -5.585344433784484863e-01 1.000000000000000000e+00
-3.021699786186218262e-01 -3.848176896572113037e-01 -5.537737011909484863e-01 1.000000000000000000e+00
-3.932898640632629395e-01 -3.862958550453186035e-01 -5.456971526145935059e-01 1.000000000000000000e+00
-4.781506955623626709e-01 -4.025475084781646729e-01 -5.131053924560546875e-01 1.000000000000000000e+00
4.879943653941154480e-02 -2.901504337787628174e-01 -6.565859913825988770e-01 1.000000000000000000e+00
1.307716518640518188e-01 -2.732498645782470703e-01 -7.067341208457946777e-01 1.000000000000000000e+00
2.119168192148208618e-01 -2.505719661712646484e-01 -7.250776886940002441e-01 1.000000000000000000e+00
3.238273262977600098e-01 -2.269040197134017944e-01 -6.613505482673645020e-01 1.000000000000000000e+00
2.083560973405838013e-01 -2.196196615695953369e-01 -7.078705430030822754e-01 1.000000000000000000e+00
1.227540522813796997e-01 -2.482352405786514282e-01 -6.923569440841674805e-01 1.000000000000000000e+00
-4.899495840072631836e-01 2.247984260320663452e-01 -4.120484590530395508e-01 1.000000000000000000e+00
-4.386541545391082764e-01 1.659301519393920898e-01 -5.688136219978332520e-01 1.000000000000000000e+00
-3.478024303913116455e-01 1.712776273488998413e-01 -6.710055470466613770e-01 1.000000000000000000e+00
-2.881095409393310547e-01 1.929691433906555176e-01 -6.967998743057250977e-01 1.000000000000000000e+00
-2.213932126760482788e-01 2.052454352378845215e-01 -7.058742046356201172e-01 1.000000000000000000e+00
-1.089549437165260315e-01 2.554231882095336914e-01 -6.584973931312561035e-01 1.000000000000000000e+00
-2.886094525456428528e-02 3.485416769981384277e-01 -5.353537201881408691e-01 1.000000000000000000e+00
-1.394191682338714600e-01 4.440428018569946289e-01 -5.642317533493041992e-01 1.000000000000000000e+00
-2.610634565353393555e-01 4.646457433700561523e-01 -5.953719615936279297e-01 1.000000000000000000e+00
-3.365676403045654297e-01 4.560382664203643799e-01 -5.800614953041076660e-01 1.000000000000000000e+00
-4.037054777145385742e-01 4.247365593910217285e-01 -5.553397536277770996e-01 1.000000000000000000e+00
-4.766120016574859619e-01 3.524388372898101807e-01 -4.776124358177185059e-01 1.000000000000000000e+00
-4.847939312458038330e-01 2.295438051223754883e-01 -4.074876606464385986e-01 1.000000000000000000e+00
-3.355874419212341309e-01 2.157171517610549927e-01 -5.896746516227722168e-01 0.000000000000000000e+00
-2.762205302715301514e-01 2.291406095027923584e-01 -6.132137179374694824e-01 0.000000000000000000e+00
-2.152743637561798096e-01 2.487782984972000122e-01 -6.231829524040222168e-01 0.000000000000000000e+00
-3.046430833637714386e-02 3.473460376262664795e-01 -5.353075265884399414e-01 1.000000000000000000e+00
-2.385482043027877808e-01 3.926689624786376953e-01 -5.592359304428100586e-01 1.000000000000000000e+00
-3.060812056064605713e-01 3.790301680564880371e-01 -5.487670898437500000e-01 1.000000000000000000e+00
-3.704943954944610596e-01 3.563804626464843750e-01 -5.242450237274169922e-01 1.000000000000000000e+00
