-7.069797515869140625e-01 -1.765536963939666748e-01
-6.762213706970214844e-01 -8.169776760041713715e-03
-5.984299778938293457e-01 1.544045805931091309e-01
-5.109899640083312988e-01 2.950835824012756348e-01
-4.237599670886993408e-01 4.310856163501739502e-01
-3.131306767463684082e-01 5.650321841239929199e-01
-1.773416996002197266e-01 6.794884800910949707e-01
1.934203435666859150e-03 7.693293094635009766e-01
1.616006642580032349e-01 7.685375809669494629e-01
3.280438184738159180e-01 6.826574206352233887e-01
4.853376746177673340e-01 5.477244257926940918e-01
5.953747630119323730e-01 3.837975859642028809e-01
6.828158497810363770e-01 1.968456953763961792e-01
7.303636670112609863e-01 -2.924816450104117393e-03
7.420665025711059570e-01 -1.979091763496398926e-01
7.078525424003601074e-01 -4.103259742259979248e-01
6.805579662322998047e-01 -6.025414466857910156e-01
-7.278926968574523926e-01 -2.778656482696533203e-01
-7.404778003692626953e-01 -4.251528084278106689e-01
-6.500419974327087402e-01 -4.745979607105255127e-01
-5.159013271331787109e-01 -4.810423552989959717e-01
-3.857031762599945068e-01 -4.658191502094268799e-01
-2.047397643327713013e-01 -5.198370814323425293e-01
-9.203572571277618408e-02 -6.030724048614501953e-01
6.445347517728805542e-02 -6.722571849822998047e-01
2.457239329814910889e-01 -7.001882195472717285e-01
4.123580753803253174e-01 -5.950862169265747070e-01
-2.592622041702270508e-01 -3.454858660697937012e-01
-2.413425147533416748e-01 -2.167891860008239746e-01
-2.347768247127532959e-01 -1.145576611161231995e-01
-2.213582694530487061e-01 -1.172752492129802704e-02
-2.474498450756072998e-01 9.808604419231414795e-02
-1.922807991504669189e-01 1.110487878322601318e-01
-1.365884989500045776e-01 1.161723583936691284e-01
-8.036936819553375244e-02 8.182873576879501343e-02
-2.418701909482479095e-02 3.932403773069381714e-02
-6.249088644981384277e-01 -2.044889181852340698e-01
-5.694630146026611328e-01 -2.330640107393264771e-01
-4.894107580184936523e-01 -2.556991279125213623e-01
-3.933051824569702148e-01 -2.624700069427490234e-01
-4.708318114280700684e-01 -2.177141457796096802e-01
-5.521759390830993652e-01 -1.889076232910156250e-01
-2.486160211265087128e-02 -3.596505522727966309e-01
4.381493479013442993e-02 -4.052263498306274414e-01
1.290891766548156738e-01 -4.299797117710113525e-01
2.486744225025177002e-01 -4.428212642669677734e-01
1.472579240798950195e-01 -3.761008977890014648e-01
5.739317089319229126e-02 -3.570415377616882324e-01
-2.114220261573791504e-01 3.908845484256744385e-01
-2.117191404104232788e-01 3.190029561519622803e-01
-1.478360742330551147e-01 2.771709859371185303e-01
-9.216215461492538452e-02 2.679430842399597168e-01
-3.279702365398406982e-02 2.466925233602523804e-01
8.682280778884887695e-02 2.405229955911636353e-01
2.146884948015213013e-01 2.752012014389038086e-01
1.767709702253341675e-01 3.870834112167358398e-01
8.669020980596542358e-02 4.574694335460662842e-01
2.266875654458999634e-02 4.845987558364868164e-01
-4.552632197737693787e-02 4.919356405735015869e-01
-1.373622715473175049e-01 4.705941379070281982e-01
-2.035391926765441895e-01 3.917397260665893555e-01
-1.093299537897109985e-01 3.219129145145416260e-01
-5.674310401082038879e-02 3.061164319515228271e-01
1.291511813178658485e-03 2.931023538112640381e-01
2.123584300279617310e-01 2.753148972988128662e-01
7.157623767852783203e-02 3.851422965526580811e-01
1.012887246906757355e-02 4.048778116703033447e-01
-5.198599770665168762e-02 4.180731177330017090e-01
