-6.858417987823486328e-01 -2.306960225105285645e-01 4.088833928108215332e-01 0.000000000000000000e+00
-5.977180004119873047e-01 -5.610971897840499878e-02 4.386640191078186035e-01 0.000000000000000000e+00
-4.959283769130706787e-01 1.401715129613876343e-01 4.579938054084777832e-01 0.000000000000000000e+00
-4.084640443325042725e-01 3.124393224716186523e-01 3.962956666946411133e-01 0.000000000000000000e+00
-3.301238417625427246e-01 4.787545800209045410e-01 2.676664888858795166e-01 0.000000000000000000e+00
-2.509671747684478760e-01 6.178016066551208496e-01 7.769940793514251709e-02 0.000000000000000000e+00
-1.260840445756912231e-01 7.128943204879760742e-01 -6.986338645219802856e-02 1.000000000000000000e+00
1.507176086306571960e-02 7.690816521644592285e-01 -2.370173484086990356e-01 1.000000000000000000e+00
1.903851479291915894e-01 7.634003758430480957e-01 -2.955224215984344482e-01 1.000000000000000000e+00
3.279489278793334961e-01 6.828211545944213867e-01 -3.274947106838226318e-01 1.000000000000000000e+00
4.850841760635375977e-01 5.478976368904113770e-01 -2.560608386993408203e-01 1.000000000000000000e+00
5.953077077865600586e-01 3.844247162342071533e-01 -1.904024183750152588e-01 1.000000000000000000e+00
6.829293966293334961e-01 1.975761055946350098e-01 -6.255187094211578369e-02 1.000000000000000000e+00
7.304273247718811035e-01 -1.835127011872828007e-03 1.865580491721630096e-02 1.000000000000000000e+00
7.429782152175903320e-01 -1.967814713716506958e-01 3.805930912494659424e-02 1.000000000000000000e+00
7.083805203437805176e-01 -4.105909764766693115e-01 -1.556405890733003616e-02 1.000000000000000000e+00
6.810696721076965332e-01 -6.021781563758850098e-01 -6.171510368585586548e-02 1.000000000000000000e+00
-7.278926968574523926e-01 -2.778656482696533203e-01 -8.037321269512176514e-02 1.000000000000000000e+00
-7.404778003692626953e-01 -4.251528084278106689e-01 -2.743797302246093750e-01 1.000000000000000000e+00
-6.500419974327087402e-01 -4.745979607105255127e-01 -4.481199085712432861e-01 1.000000000000000000e+00
-5.159013271331787109e-01 -4.810423552989959717e-01 -5.554512143135070801e-01 1.000000000000000000e+00
-3.857031762599945068e-01 -4.658191502094268799e-01 -6.099370718002319336e-01 1.000000000000000000e+00
-2.047397643327713013e-01 -5.198370814323425293e-01 -6.731668710708618164e-01 1.000000000000000000e+00
-9.203572571277618408e-02 -6.030724048614501953e-01 -7.015214562416076660e-01 1.000000000000000000e+00
6.445347517728805542e-02 -6.722571849822998047e-01 -6.925699114799499512e-01 1.000000000000000000e+00
2.457239329814910889e-01 -7.001882195472717285e-01 -6.071643829345703125e-01 1.000000000000000000e+00
4.123580753803253174e-01 -5.950862169265747070e-01 -4.669531583786010742e-01 1.000000000000000000e+00
-2.592622041702270508e-01 -3.454858660697937012e-01 -6.477954387664794922e-01 1.000000000000000000e+00
-2.413425147533416748e-01 -2.167891860008239746e-01 -7.031835317611694336e-01 1.000000000000000000e+00
-2.347768247127532959e-01 -1.145576611161231995e-01 -7.625339627265930176e-01 1.000000000000000000e+00
-2.213582694530487061e-01 -1.172752492129802704e-02 -8.033059835433959961e-01 1.000000000000000000e+00
-2.474498450756072998e-01 9.808604419231414795e-02 -5.691878199577331543e-01 1.000000000000000000e+00
-1.922807991504669189e-01 1.110487878322601318e-01 -6.126055121421813965e-01 1.000000000000000000e+00
-1.365884989500045776e-01 1.161723583936691284e-01 -6.479687690734863281e-01 1.000000000000000000e+00
-8.036936819553375244e-02 8.182873576879501343e-02 -6.529036164283752441e-01 1.000000000000000000e+00
-2.418701909482479095e-02 3.932403773069381714e-02 -6.489611268043518066e-01 1.000000000000000000e+00
-6.249088644981384277e-01 -2.044889181852340698e-01 -2.963671088218688965e-01 1.000000000000000000e+00
-5.694630146026611328e-01 -2.330640107393264771e-01 -4.157147109508514404e-01 1.000000000000000000e+00
-4.894107580184936523e-01 -2.556991279125213623e-01 -4.468528032302856445e-01 1.000000000000000000e+00
-3.933051824569702148e-01 -2.624700069427490234e-01 -4.491297304630279541e-01 1.000000000000000000e+00
-4.708318114280700684e-01 -2.177141457796096802e-01 -4.345916807651519775e-01 1.000000000000000000e+00
-5.521759390830993652e-01 -1.889076232910156250e-01 -3.960297107696533203e-01 1.000000000000000000e+00
-2.486160211265087128e-02 -3.596505522727966309e-01 -5.797122716903686523e-01 1.000000000000000000e+00
4.381493479013442993e-02 -4.052263498306274414e-01 -6.360046267509460449e-01 1.000000000000000000e+00
1.290891766548156738e-01 -4.299797117710113525e-01 -6.601063013076782227e-01 1.000000000000000000e+00
2.486744225025177002e-01 -4.428212642669677734e-01 -6.003766059875488281e-01 1.000000000000000000e+00
1.472579240798950195e-01 -3.761008977890014648e-01 -6.384891271591186523e-01 1.000000000000000000e+00
5.739317089319229126e-02 -3.570415377616882324e-01 -6.174706220626831055e-01 1.000000000000000000e+00
-2.114220261573791504e-01 3.908845484256744385e-01 -3.951528668403625488e-01 1.000000000000000000e+00
-2.117191404104232788e-01 3.190029561519622803e-01 -5.259423851966857910e-01 1.000000000000000000e+00
-1.478360742330551147e-01 2.771709859371185303e-01 -6.196974515914916992e-01 1.000000000000000000e+00
-9.216215461492538452e-02 2.679430842399597168e-01 -6.479100584983825684e-01 1.000000000000000000e+00
-3.279702365398406982e-02 2.466925233602523804e-01 -6.600515842437744141e-01 1.000000000000000000e+00
8.682280778884887695e-02 2.405229955911636353e-01 -6.265567541122436523e-01 1.000000000000000000e+00
2.146884948015213013e-01 2.752012014389038086e-01 -5.303968787193298340e-01 1.000000000000000000e+00
1.767709702253341675e-01 3.870834112167358398e-01 -5.602926611900329590e-01 1.000000000000000000e+00
8.669020980596542358e-02 4.574694335460662842e-01 -5.855061411857604980e-01 1.000000000000000000e+00
2.266875654458999634e-02 4.845987558364868164e-01 -5.701691508293151855e-01 1.000000000000000000e+00
-4.552632197737693787e-02 4.919356405735015869e-01 -5.439307689666748047e-01 1.000000000000000000e+00
-1.373622715473175049e-01 4.705941379070281982e-01 -4.686186313629150391e-01 1.000000000000000000e+00
-2.035391926765441895e-01 3.917397260665893555e-01 -3.917422294616699219e-01 1.000000000000000000e+00
-1.093299537897109985e-01 3.219129145145416260e-01 -5.502917766571044922e-01 1.000000000000000000e+00
-5.674310401082038879e-02 3.061164319515228271e-01 -5.759080052375793457e-01 1.000000000000000000e+00
1.291511813178658485e-03 2.931023538112640381e-01 -5.872223973274230957e-01 0.000000000000000000e+00
2.123584300279617310e-01 2.753148972988128662e-01 -5.298586487770080566e-01 1.000000000000000000e+00
7.157623767852783203e-02 3.851422965526580811e-01 -5.579236149787902832e-01 1.000000000000000000e+00
1.012887246906757355e-02 4.048778116703033447e-01 -5.447896122932434082e-01 1.000000000000000000e+00
-5.198599770665168762e-02 4.180731177330017090e-01 -5.209808945655822754e-01 1.000000000000000000e+00
