-6.980922222137451172e-01 -4.264113306999206543e-01
-7.143453359603881836e-01 -2.638796269893646240e-01
-6.951344013214111328e-01 -8.555299788713455200e-02
-6.565191745758056641e-01 7.674934715032577515e-02
-6.046200990676879883e-01 2.301940619945526123e-01
-5.256488919258117676e-01 3.925704360008239746e-01
-4.254255294799804688e-01 5.563219785690307617e-01
-2.725643217563629150e-01 7.117881178855895996e-01
-1.175093054771423340e-01 7.622208595275878906e-01
6.950121372938156128e-02 7.168788909912109375e-01
2.619535624980926514e-01 6.135920882225036621e-01
4.093410074710845947e-01 4.649535417556762695e-01
5.441648960113525391e-01 3.010901808738708496e-01
6.393309235572814941e-01 1.197417154908180237e-01
6.985425353050231934e-01 -6.340327858924865723e-02
7.202144861221313477e-01 -2.788376808166503906e-01
7.415378689765930176e-01 -4.716515541076660156e-01
-6.904975175857543945e-01 -5.285121202468872070e-01
-6.635807156562805176e-01 -6.734613776206970215e-01
-5.624004602432250977e-01 -7.006885409355163574e-01
-4.330911338329315186e-01 -6.791790723800659180e-01
-3.107247650623321533e-01 -6.319940090179443359e-01
-1.277436465024948120e-01 -6.374929547309875488e-01
8.544639567844569683e-04 -6.868079304695129395e-01
1.658785492181777954e-01 -7.076975703239440918e-01
3.498774766921997070e-01 -6.861917376518249512e-01
4.824488162994384766e-01 -5.451107025146484375e-01
-2.212226390838623047e-01 -4.845687448978424072e-01
-2.389996349811553955e-01 -3.597254455089569092e-01
-2.597327232360839844e-01 -2.553255259990692139e-01
-2.728231549263000488e-01 -1.506271213293075562e-01
-3.400151431560516357e-01 -6.175874918699264526e-02
-2.824556529521942139e-01 -3.605882450938224792e-02
-2.219055294990539551e-01 -2.196731977164745331e-02
-1.531267613172531128e-01 -3.713869675993919373e-02
-8.018344640731811523e-02 -6.307826191186904907e-02
-6.057680249214172363e-01 -4.495231807231903076e-01
-5.466902852058410645e-01 -4.876892268657684326e-01
-4.591303765773773193e-01 -4.846458435058593750e-01
-3.641768693923950195e-01 -4.433558881282806396e-01
-4.512039721012115479e-01 -4.169114828109741211e-01
-5.346720814704895020e-01 -4.109964966773986816e-01
-2.032938500633463264e-04 -4.443533718585968018e-01
7.580433785915374756e-02 -4.891033172607421875e-01
1.680472344160079956e-01 -4.956120252609252930e-01
2.863811254501342773e-01 -4.567239880561828613e-01
1.677259206771850586e-01 -4.141959249973297119e-01
7.918412983417510986e-02 -4.178894162178039551e-01
-3.827953338623046875e-01 2.370078712701797485e-01
-3.635007441043853760e-01 1.398887336254119873e-01
-2.802544832229614258e-01 1.103961542248725891e-01
-2.171280086040496826e-01 1.129923611879348755e-01
-1.483821868896484375e-01 1.098848357796669006e-01
-1.790985651314258575e-02 1.406996250152587891e-01
1.007677987217903137e-01 2.408421784639358521e-01
1.981546357274055481e-02 3.738199472427368164e-01
-9.577587991952896118e-02 4.241528511047363281e-01
-1.722455918788909912e-01 4.348530769348144531e-01
-2.456753700971603394e-01 4.213577508926391602e-01
-3.347818553447723389e-01 3.688914179801940918e-01
-3.751415908336639404e-01 2.409976571798324585e-01
-2.504103481769561768e-01 1.575383991003036499e-01
-1.909394860267639160e-01 1.518451571464538574e-01
-1.261521875858306885e-01 1.577924638986587524e-01
9.863905608654022217e-02 2.396853864192962646e-01
-8.903151750564575195e-02 3.539161384105682373e-01
-1.576834470033645630e-01 3.575999140739440918e-01
-2.250756472349166870e-01 3.509405851364135742e-01
