-6.659380197525024414e-01 -4.617660939693450928e-01 4.293026924133300781e-01 0.000000000000000000e+00
-6.289359331130981445e-01 -2.721799015998840332e-01 4.574571251869201660e-01 0.000000000000000000e+00
-5.843990445137023926e-01 -5.844206362962722778e-02 4.756399393081665039e-01 0.000000000000000000e+00
-5.527825355529785156e-01 1.268887966871261597e-01 4.169685840606689453e-01 0.000000000000000000e+00
-5.224689245223999023e-01 3.048932850360870361e-01 2.971599102020263672e-01 0.000000000000000000e+00
-4.801467061042785645e-01 4.628274440765380859e-01 1.220933794975280762e-01 0.000000000000000000e+00
-3.857445120811462402e-01 6.071473956108093262e-01 -4.701618105173110962e-03 1.000000000000000000e+00
-2.607207298278808594e-01 7.138387560844421387e-01 -1.540556252002716064e-01 1.000000000000000000e+00
-8.819627016782760620e-02 7.625930309295654297e-01 -2.100163847208023071e-01 1.000000000000000000e+00
6.936417520046234131e-02 7.170115709304809570e-01 -2.446852326393127441e-01 1.000000000000000000e+00
2.616620659828186035e-01 6.137177944183349609e-01 -1.933753788471221924e-01 1.000000000000000000e+00
4.091500639915466309e-01 4.656065106391906738e-01 -1.465814858675003052e-01 1.000000000000000000e+00
5.441095232963562012e-01 3.019040226936340332e-01 -3.621923550963401794e-02 1.000000000000000000e+00
6.390944123268127441e-01 1.207717731595039368e-01 3.796985372900962830e-02 1.000000000000000000e+00
6.991808414459228516e-01 -6.213055178523063660e-02 5.866147205233573914e-02 1.000000000000000000e+00
7.208032011985778809e-01 -2.789622247219085693e-01 7.847071625292301178e-03 1.000000000000000000e+00
7.419103384017944336e-01 -4.711650013923645020e-01 -3.565938025712966919e-02 1.000000000000000000e+00
-6.904975175857543945e-01 -5.285121202468872070e-01 -5.235763266682624817e-02 1.000000000000000000e+00
-6.635807156562805176e-01 -6.734613776206970215e-01 -2.391635924577713013e-01 1.000000000000000000e+00
-5.624004602432250977e-01 -7.006885409355163574e-01 -4.113814234733581543e-01 1.000000000000000000e+00
-4.330911338329315186e-01 -6.791790723800659180e-01 -5.158466696739196777e-01 1.000000000000000000e+00
-3.107247650623321533e-01 -6.319940090179443359e-01 -5.683158636093139648e-01 1.000000000000000000e+00
-1.277436465024948120e-01 -6.374929547309875488e-01 -6.297200918197631836e-01 1.000000000000000000e+00
8.544639567844569683e-04 -6.868079304695129395e-01 -6.616917848587036133e-01 1.000000000000000000e+00
1.658785492181777954e-01 -7.076975703239440918e-01 -6.524632573127746582e-01 1.000000000000000000e+00
3.498774766921997070e-01 -6.861917376518249512e-01 -5.671077966690063477e-01 1.000000000000000000e+00
4.824488162994384766e-01 -5.451107025146484375e-01 -4.318333268165588379e-01 1.000000000000000000e+00
-2.212226390838623047e-01 -4.845687448978424072e-01 -6.050665974617004395e-01 1.000000000000000000e+00
-2.389996349811553955e-01 -3.597254455089569092e-01 -6.661705374717712402e-01 1.000000000000000000e+00
-2.597327232360839844e-01 -2.553255259990692139e-01 -7.294479608535766602e-01 1.000000000000000000e+00
-2.728231549263000488e-01 -1.506271213293075562e-01 -7.738794088363647461e-01 1.000000000000000000e+00
-3.400151431560516357e-01 -6.175874918699264526e-02 -5.328668355941772461e-01 1.000000000000000000e+00
-2.824556529521942139e-01 -3.605882450938224792e-02 -5.777430534362792969e-01 1.000000000000000000e+00
-2.219055294990539551e-01 -2.196731977164745331e-02 -6.123771667480468750e-01 1.000000000000000000e+00
-1.531267613172531128e-01 -3.713869675993919373e-02 -6.201305389404296875e-01 1.000000000000000000e+00
-8.018344640731811523e-02 -6.307826191186904907e-02 -6.186394095420837402e-01 1.000000000000000000e+00
-6.057680249214172363e-01 -4.495231807231903076e-01 -2.615615725517272949e-01 1.000000000000000000e+00
-5.466902852058410645e-01 -4.876892268657684326e-01 -3.812039494514465332e-01 1.000000000000000000e+00
-4.591303765773773193e-01 -4.846458435058593750e-01 -4.149555861949920654e-01 1.000000000000000000e+00
-3.641768693923950195e-01 -4.433558881282806396e-01 -4.132364988327026367e-01 1.000000000000000000e+00
-4.512039721012115479e-01 -4.169114828109741211e-01 -3.995608091354370117e-01 1.000000000000000000e+00
-5.346720814704895020e-01 -4.109964966773986816e-01 -3.623815476894378662e-01 1.000000000000000000e+00
-2.032938500633463264e-04 -4.443533718585968018e-01 -5.375043749809265137e-01 1.000000000000000000e+00
7.580433785915374756e-02 -4.891033172607421875e-01 -5.950815677642822266e-01 1.000000000000000000e+00
1.680472344160079956e-01 -4.956120252609252930e-01 -6.199132800102233887e-01 1.000000000000000000e+00
2.863811254501342773e-01 -4.567239880561828613e-01 -5.582981109619140625e-01 1.000000000000000000e+00
1.677259206771850586e-01 -4.141959249973297119e-01 -5.975996851921081543e-01 1.000000000000000000e+00
7.918412983417510986e-02 -4.178894162178039551e-01 -5.772938132286071777e-01 1.000000000000000000e+00
-3.827953338623046875e-01 2.370078712701797485e-01 -3.035556077957153320e-01 1.000000000000000000e+00
-3.635007441043853760e-01 1.398887336254119873e-01 -4.662286341190338135e-01 1.000000000000000000e+00
-2.802544832229614258e-01 1.103961542248725891e-01 -5.765841603279113770e-01 1.000000000000000000e+00
-2.171280086040496826e-01 1.129923611879348755e-01 -6.063597202301025391e-01 1.000000000000000000e+00
-1.483821868896484375e-01 1.098848357796669006e-01 -6.193327307701110840e-01 1.000000000000000000e+00
-1.790985651314258575e-02 1.406996250152587891e-01 -5.773182511329650879e-01 1.000000000000000000e+00
1.007677987217903137e-01 2.408421784639358521e-01 -4.512940943241119385e-01 1.000000000000000000e+00
1.981546357274055481e-02 3.738199472427368164e-01 -4.797705411911010742e-01 1.000000000000000000e+00
-9.577587991952896118e-02 4.241528511047363281e-01 -5.067564845085144043e-01 1.000000000000000000e+00
-1.722455918788909912e-01 4.348530769348144531e-01 -4.913132786750793457e-01 1.000000000000000000e+00
-2.456753700971603394e-01 4.213577508926391602e-01 -4.631558954715728760e-01 1.000000000000000000e+00
-3.347818553447723389e-01 3.688914179801940918e-01 -3.790153861045837402e-01 1.000000000000000000e+00
-3.751415908336639404e-01 2.409976571798324585e-01 -2.982870042324066162e-01 1.000000000000000000e+00
-2.504103481769561768e-01 1.575383991003036499e-01 -4.965378940105438232e-01 1.000000000000000000e+00
-1.909394860267639160e-01 1.518451571464538574e-01 -5.238565206527709961e-01 1.000000000000000000e+00
-1.261521875858306885e-01 1.577924638986587524e-01 -5.369316935539245605e-01 0.000000000000000000e+00
9.863905608654022217e-02 2.396853864192962646e-01 -4.507579803466796875e-01 1.000000000000000000e+00
-8.903151750564575195e-02 3.539161384105682373e-01 -4.635750353336334229e-01 1.000000000000000000e+00
-1.576834470033645630e-01 3.575999140739440918e-01 -4.505686461925506592e-01 1.000000000000000000e+00
-2.250756472349166870e-01 3.509405851364135742e-01 -4.240777194499969482e-01 1.000000000000000000e+00
