-5.337555408477783203e-01 -6.379778981208801270e-01
-6.190440654754638672e-01 -4.470559060573577881e-01
-6.713290810585021973e-01 -2.708576917648315430e-01
-7.178871035575866699e-01 -1.239100620150566101e-01
-7.527595758438110352e-01 4.662334546446800232e-02
-7.512140870094299316e-01 2.255018055438995361e-01
-6.966536045074462891e-01 4.164999723434448242e-01
-5.914625525474548340e-01 6.061833500862121582e-01
-4.572175741195678711e-01 7.144377827644348145e-01
-2.802713811397552490e-01 7.569181323051452637e-01
-6.174684315919876099e-02 7.490944862365722656e-01
1.382070928812026978e-01 6.923878788948059082e-01
3.024065494537353516e-01 5.898810029029846191e-01
4.586330056190490723e-01 4.486449658870697021e-01
5.740308761596679688e-01 3.027432262897491455e-01
6.879804134368896484e-01 1.440813690423965454e-01
7.951713800430297852e-01 -1.366311591118574142e-02
-4.604982435703277588e-01 -6.503021121025085449e-01
-3.443174362182617188e-01 -7.259216308593750000e-01
-2.253963202238082886e-01 -6.654126048088073730e-01
-1.087569370865821838e-01 -5.624512434005737305e-01
-1.513139437884092331e-02 -4.578072726726531982e-01
1.607800275087356567e-01 -3.691824078559875488e-01
3.014326095581054688e-01 -3.517300188541412354e-01
4.608176946640014648e-01 -3.052971661090850830e-01
6.033026576042175293e-01 -2.317169755697250366e-01
6.442483067512512207e-01 -7.784931361675262451e-02
1.875303423730656505e-04 -2.739480137825012207e-01
-7.021839916706085205e-02 -1.450343132019042969e-01
-1.314108818769454956e-01 -4.164219647645950317e-02
-1.900688111782073975e-01 6.287777423858642578e-02
-3.130150735378265381e-01 5.163423344492912292e-02
-2.700677812099456787e-01 1.106040701270103455e-01
-2.207859605550765991e-01 1.612839400768280029e-01
-1.480785608291625977e-01 1.747701019048690796e-01
-7.089328765869140625e-02 1.805130690336227417e-01
-3.977507948875427246e-01 -4.781243503093719482e-01
-3.237642943859100342e-01 -4.415219426155090332e-01
-2.430574446916580200e-01 -3.985396325588226318e-01
-1.665627211332321167e-01 -3.372911512851715088e-01
-2.571696341037750244e-01 -3.547816276550292969e-01
-3.434795439243316650e-01 -3.955236673355102539e-01
1.703458875417709351e-01 -1.574602872133255005e-01
2.584760785102844238e-01 -1.342470347881317139e-01
3.427585661411285400e-01 -9.265638887882232666e-02
4.336748123168945312e-01 -4.127319157123565674e-02
3.183136284351348877e-01 -4.590154811739921570e-02
2.338007390499114990e-01 -9.420461952686309814e-02
-4.939111769199371338e-01 1.708617508411407471e-01
-4.258593022823333740e-01 1.831031590700149536e-01
-3.309389650821685791e-01 2.354358881711959839e-01
-2.729147374629974365e-01 2.768027782440185547e-01
-2.044828832149505615e-01 3.019919395446777344e-01
-9.826140850782394409e-02 3.549584448337554932e-01
-2.237919531762599945e-02 4.078140258789062500e-01
-1.434442251920700073e-01 4.528084993362426758e-01
-2.693737447261810303e-01 4.436407685279846191e-01
-3.424389064311981201e-01 4.164404869079589844e-01
-4.061862230300903320e-01 3.751492500305175781e-01
-4.794129431247711182e-01 2.859477400779724121e-01
-4.899576306343078613e-01 1.743672937154769897e-01
-3.388933539390563965e-01 2.674383819103240967e-01
-2.756939232349395752e-01 3.005077242851257324e-01
-2.123061865568161011e-01 3.343707919120788574e-01
-2.382708340883255005e-02 4.068292677402496338e-01
-2.331782728433609009e-01 3.748550415039062500e-01
-3.039788305759429932e-01 3.458350300788879395e-01
-3.702662885189056396e-01 3.076031506061553955e-01
