-5.158795714378356934e-01 -7.079980373382568359e-01 -1.041766628623008728e-02 1.000000000000000000e+00
-5.756772160530090332e-01 -5.271181464195251465e-01 5.914907157421112061e-02 1.000000000000000000e+00
-6.368416547775268555e-01 -3.165384531021118164e-01 1.241848170757293701e-01 1.000000000000000000e+00
-6.856896877288818359e-01 -1.156189069151878357e-01 1.000478714704513550e-01 0.000000000000000000e+00
-7.230208516120910645e-01 8.917725086212158203e-02 1.323117758147418499e-04 0.000000000000000000e+00
-7.357535362243652344e-01 2.827818989753723145e-01 -1.681744456291198730e-01 0.000000000000000000e+00
-6.778119802474975586e-01 4.559177458286285400e-01 -2.994351983070373535e-01 1.000000000000000000e+00
-5.852770209312438965e-01 6.119572520256042480e-01 -4.574800729751586914e-01 1.000000000000000000e+00
-4.410006403923034668e-01 7.231735587120056152e-01 -4.917259216308593750e-01 1.000000000000000000e+00
-2.820530533790588379e-01 7.572222948074340820e-01 -4.972066581249237061e-01 1.000000000000000000e+00
-7.510676234960556030e-02 7.533810734748840332e-01 -3.809308707714080811e-01 1.000000000000000000e+00
1.134604141116142273e-01 7.038156986236572266e-01 -2.844988703727722168e-01 1.000000000000000000e+00
2.894009947776794434e-01 5.976436138153076172e-01 -1.383944749832153320e-01 1.000000000000000000e+00
4.496555328369140625e-01 4.615362286567687988e-01 -5.446597933769226074e-02 1.000000000000000000e+00
5.850409269332885742e-01 3.161699771881103516e-01 -4.487517476081848145e-02 1.000000000000000000e+00
7.051532864570617676e-01 1.412776410579681396e-01 -1.239414364099502563e-01 1.000000000000000000e+00
8.126880526542663574e-01 -1.493830699473619461e-02 -1.936721354722976685e-01 1.000000000000000000e+00
-4.604982435703277588e-01 -6.503021121025085449e-01 -5.067949891090393066e-01 1.000000000000000000e+00
-3.443174362182617188e-01 -7.259216308593750000e-01 -7.144086956977844238e-01 1.000000000000000000e+00
-2.253963202238082886e-01 -6.654126048088073730e-01 -8.676791191101074219e-01 1.000000000000000000e+00
-1.087569370865821838e-01 -5.624512434005737305e-01 -9.434734582901000977e-01 1.000000000000000000e+00
-1.513139437884092331e-02 -4.578072726726531982e-01 -9.627361893653869629e-01 1.000000000000000000e+00
1.607800275087356567e-01 -3.691824078559875488e-01 -9.880315065383911133e-01 1.000000000000000000e+00
3.014326095581054688e-01 -3.517300188541412354e-01 -1.000554919242858887e+00 1.000000000000000000e+00
4.608176946640014648e-01 -3.052971661090850830e-01 -9.605370759963989258e-01 1.000000000000000000e+00
6.033026576042175293e-01 -2.317169755697250366e-01 -8.377601504325866699e-01 1.000000000000000000e+00
6.442483067512512207e-01 -7.784931361675262451e-02 -6.521789431571960449e-01 1.000000000000000000e+00
1.875303423730656505e-04 -2.739480137825012207e-01 -9.589784145355224609e-01 1.000000000000000000e+00
-7.021839916706085205e-02 -1.450343132019042969e-01 -1.007162213325500488e+00 1.000000000000000000e+00
-1.314108818769454956e-01 -4.164219647645950317e-02 -1.056674957275390625e+00 1.000000000000000000e+00
-1.900688111782073975e-01 6.287777423858642578e-02 -1.090367555618286133e+00 1.000000000000000000e+00
-3.130150735378265381e-01 5.163423344492912292e-02 -8.335220217704772949e-01 1.000000000000000000e+00
-2.700677812099456787e-01 1.106040701270103455e-01 -8.639900088310241699e-01 1.000000000000000000e+00
-2.207859605550765991e-01 1.612839400768280029e-01 -8.832857608795166016e-01 1.000000000000000000e+00
-1.480785608291625977e-01 1.747701019048690796e-01 -8.814069628715515137e-01 1.000000000000000000e+00
-7.089328765869140625e-02 1.805130690336227417e-01 -8.672519326210021973e-01 1.000000000000000000e+00
-3.977507948875427246e-01 -4.781243503093719482e-01 -6.836721897125244141e-01 1.000000000000000000e+00
-3.237642943859100342e-01 -4.415219426155090332e-01 -7.934941053390502930e-01 1.000000000000000000e+00
-2.430574446916580200e-01 -3.985396325588226318e-01 -8.069665431976318359e-01 1.000000000000000000e+00
-1.665627211332321167e-01 -3.372911512851715088e-01 -7.814426422119140625e-01 1.000000000000000000e+00
-2.571696341037750244e-01 -3.547816276550292969e-01 -7.821881771087646484e-01 1.000000000000000000e+00
-3.434795439243316650e-01 -3.955236673355102539e-01 -7.613356709480285645e-01 1.000000000000000000e+00
1.703458875417709351e-01 -1.574602872133255005e-01 -8.310614824295043945e-01 1.000000000000000000e+00
2.584760785102844238e-01 -1.342470347881317139e-01 -8.791036009788513184e-01 1.000000000000000000e+00
3.427585661411285400e-01 -9.265638887882232666e-02 -8.857784867286682129e-01 1.000000000000000000e+00
4.336748123168945312e-01 -4.127319157123565674e-02 -7.967686653137207031e-01 1.000000000000000000e+00
3.183136284351348877e-01 -4.590154811739921570e-02 -8.515700101852416992e-01 1.000000000000000000e+00
2.338007390499114990e-01 -9.420461952686309814e-02 -8.500683307647705078e-01 1.000000000000000000e+00
-4.939111769199371338e-01 1.708617508411407471e-01 -5.938919782638549805e-01 1.000000000000000000e+00
-4.258593022823333740e-01 1.831031590700149536e-01 -7.311863303184509277e-01 1.000000000000000000e+00
-3.309389650821685791e-01 2.354358881711959839e-01 -8.158580660820007324e-01 1.000000000000000000e+00
-2.729147374629974365e-01 2.768027782440185547e-01 -8.309041261672973633e-01 1.000000000000000000e+00
-2.044828832149505615e-01 3.019919395446777344e-01 -8.338342308998107910e-01 1.000000000000000000e+00
-9.826140850782394409e-02 3.549584448337554932e-01 -7.757735848426818848e-01 1.000000000000000000e+00
-2.237919531762599945e-02 4.078140258789062500e-01 -6.588694453239440918e-01 1.000000000000000000e+00
-1.434442251920700073e-01 4.528084993362426758e-01 -7.163612842559814453e-01 1.000000000000000000e+00
-2.693737447261810303e-01 4.436407685279846191e-01 -7.653507590293884277e-01 1.000000000000000000e+00
-3.424389064311981201e-01 4.164404869079589844e-01 -7.602575421333312988e-01 1.000000000000000000e+00
-4.061862230300903320e-01 3.751492500305175781e-01 -7.428179979324340820e-01 1.000000000000000000e+00
-4.794129431247711182e-01 2.859477400779724121e-01 -6.681983470916748047e-01 1.000000000000000000e+00
-4.899576306343078613e-01 1.743672937154769897e-01 -5.911675691604614258e-01 1.000000000000000000e+00
-3.388933539390563965e-01 2.674383819103240967e-01 -7.353574633598327637e-01 0.000000000000000000e+00
-2.756939232349395752e-01 3.005077242851257324e-01 -7.480108141899108887e-01 0.000000000000000000e+00
-2.123061865568161011e-01 3.343707919120788574e-01 -7.533580064773559570e-01 0.000000000000000000e+00
-2.382708340883255005e-02 4.068292677402496338e-01 -6.591219305992126465e-01 1.000000000000000000e+00
-2.331782728433609009e-01 3.748550415039062500e-01 -7.396083474159240723e-01 1.000000000000000000e+00
-3.039788305759429932e-01 3.458350300788879395e-01 -7.422962188720703125e-01 1.000000000000000000e+00
-3.702662885189056396e-01 3.076031506061553955e-01 -7.188491225242614746e-01 1.000000000000000000e+00
