-6.882926821708679199e-01 -1.975918114185333252e-01
-6.624532341957092285e-01 -3.582045435905456543e-02
-5.934273600578308105e-01 1.283906102180480957e-01
-5.086787343025207520e-01 2.710074484348297119e-01
-4.191357493400573730e-01 4.040826559066772461e-01
-3.053201138973236084e-01 5.401344299316406250e-01
-1.698312908411026001e-01 6.690757274627685547e-01
1.390942465513944626e-02 7.767462134361267090e-01
1.730620115995407104e-01 7.848917841911315918e-01
3.358365595340728760e-01 6.956478357315063477e-01
4.862951636314392090e-01 5.530319809913635254e-01
5.855770111083984375e-01 3.784982562065124512e-01
6.704819202423095703e-01 1.920083165168762207e-01
7.160852551460266113e-01 -3.320195013657212257e-03
7.301930785179138184e-01 -1.939025521278381348e-01
7.000421881675720215e-01 -4.040403366088867188e-01
6.766087412834167480e-01 -5.929763913154602051e-01
-7.052612304687500000e-01 -2.977091372013092041e-01
-7.172377705574035645e-01 -4.446676969528198242e-01
-6.290702223777770996e-01 -4.975458383560180664e-01
-4.995995759963989258e-01 -5.055314302444458008e-01
-3.718972504138946533e-01 -4.888954460620880127e-01
-1.978504508733749390e-01 -5.409758090972900391e-01
-8.724050223827362061e-02 -6.236950755119323730e-01
6.598688662052154541e-02 -6.869597434997558594e-01
2.467997521162033081e-01 -7.099494934082031250e-01
4.080374836921691895e-01 -6.043822169303894043e-01
-2.510725557804107666e-01 -3.687381148338317871e-01
-2.359623908996582031e-01 -2.446078211069107056e-01
-2.301938235759735107e-01 -1.413786262273788452e-01
-2.176317423582077026e-01 -3.940221294760704041e-02
-2.501175701618194580e-01 6.519073992967605591e-02
-1.929875165224075317e-01 7.753567397594451904e-02
-1.357869505882263184e-01 7.869184017181396484e-02
-7.723191380500793457e-02 4.711940139532089233e-02
-1.893776096403598785e-02 4.568088334053754807e-03
-6.109558939933776855e-01 -2.351849675178527832e-01
-5.607743263244628906e-01 -2.765173316001892090e-01
-4.798328578472137451e-01 -2.963021099567413330e-01
-3.826881647109985352e-01 -2.902619540691375732e-01
-4.595160782337188721e-01 -2.461172789335250854e-01
-5.374458432197570801e-01 -2.190461456775665283e-01
-2.571958489716053009e-02 -3.833889961242675781e-01
3.724450990557670593e-02 -4.405213296413421631e-01
1.223074123263359070e-01 -4.682658612728118896e-01
2.440915256738662720e-01 -4.657855033874511719e-01
1.415499001741409302e-01 -3.979927897453308105e-01
5.592133849859237671e-02 -3.796215057373046875e-01
-2.074994742870330811e-01 3.660505414009094238e-01
-2.196179479360580444e-01 2.710805833339691162e-01
-1.548610776662826538e-01 2.232607603073120117e-01
-9.730827063322067261e-02 2.113662064075469971e-01
-3.488076478242874146e-02 1.921763122081756592e-01
9.266602993011474609e-02 1.917894482612609863e-01
2.310873866081237793e-01 2.541033923625946045e-01
1.987053304910659790e-01 3.963371217250823975e-01
1.079060807824134827e-01 4.742633104324340820e-01
4.076036065816879272e-02 5.030998587608337402e-01
-3.078268840909004211e-02 5.081032514572143555e-01
-1.274487823247909546e-01 4.770626723766326904e-01
-1.987245678901672363e-01 3.685626685619354248e-01
-1.138931214809417725e-01 2.637624740600585938e-01
-6.162754818797111511e-02 2.454636543989181519e-01
-1.671341131441295147e-03 2.353991270065307617e-01
2.287400960922241211e-01 2.537765204906463623e-01
9.553518146276473999e-02 4.045071005821228027e-01
3.369626402854919434e-02 4.251267015933990479e-01
-2.980042435228824615e-02 4.349079132080078125e-01
