-6.609106063842773438e-01 -2.350276261568069458e-01 4.450873136520385742e-01 0.000000000000000000e+00
-5.761181116104125977e-01 -6.440571695566177368e-02 4.682793319225311279e-01 0.000000000000000000e+00
-4.788193702697753906e-01 1.279907226562500000e-01 4.813560545444488525e-01 0.000000000000000000e+00
-3.973462879657745361e-01 2.958224713802337646e-01 4.198621809482574463e-01 0.000000000000000000e+00
-3.243635296821594238e-01 4.584653675556182861e-01 2.994033992290496826e-01 0.000000000000000000e+00
-2.461144775152206421e-01 5.969765782356262207e-01 1.246333643794059753e-01 0.000000000000000000e+00
-1.208041012287139893e-01 7.078046202659606934e-01 -2.002750523388385773e-03 1.000000000000000000e+00
2.531980723142623901e-02 7.760889530181884766e-01 -1.472215652465820312e-01 1.000000000000000000e+00
2.002122849225997925e-01 7.782966494560241699e-01 -1.996024549007415771e-01 1.000000000000000000e+00
3.357398808002471924e-01 6.958066821098327637e-01 -2.335279732942581177e-01 1.000000000000000000e+00
4.860622286796569824e-01 5.532191395759582520e-01 -1.824685186147689819e-01 1.000000000000000000e+00
5.855575799942016602e-01 3.791680634021759033e-01 -1.346385926008224487e-01 1.000000000000000000e+00
6.706184744834899902e-01 1.928136497735977173e-01 -2.350570261478424072e-02 1.000000000000000000e+00
7.161152958869934082e-01 -2.265218645334243774e-03 5.022139102220535278e-02 1.000000000000000000e+00
7.310215234756469727e-01 -1.928332298994064331e-01 7.031802833080291748e-02 1.000000000000000000e+00
7.005454301834106445e-01 -4.042839705944061279e-01 2.187289856374263763e-02 1.000000000000000000e+00
6.770985722541809082e-01 -5.925942659378051758e-01 -1.859357766807079315e-02 1.000000000000000000e+00
-7.052612304687500000e-01 -2.977091372013092041e-01 -2.841293811798095703e-02 1.000000000000000000e+00
-7.172377705574035645e-01 -4.446676969528198242e-01 -2.108373790979385376e-01 1.000000000000000000e+00
-6.290702223777770996e-01 -4.975458383560180664e-01 -3.799497187137603760e-01 1.000000000000000000e+00
-4.995995759963989258e-01 -5.055314302444458008e-01 -4.845979511737823486e-01 1.000000000000000000e+00
-3.718972504138946533e-01 -4.888954460620880127e-01 -5.392802357673645020e-01 1.000000000000000000e+00
-1.978504508733749390e-01 -5.409758090972900391e-01 -6.005815863609313965e-01 1.000000000000000000e+00
-8.724050223827362061e-02 -6.236950755119323730e-01 -6.286720633506774902e-01 1.000000000000000000e+00
6.598688662052154541e-02 -6.869597434997558594e-01 -6.202380657196044922e-01 1.000000000000000000e+00
2.467997521162033081e-01 -7.099494934082031250e-01 -5.384807586669921875e-01 1.000000000000000000e+00
4.080374836921691895e-01 -6.043822169303894043e-01 -4.075888097286224365e-01 1.000000000000000000e+00
-2.510725557804107666e-01 -3.687381148338317871e-01 -5.795617699623107910e-01 1.000000000000000000e+00
-2.359623908996582031e-01 -2.446078211069107056e-01 -6.364485025405883789e-01 1.000000000000000000e+00
-2.301938235759735107e-01 -1.413786262273788452e-01 -6.970233321189880371e-01 1.000000000000000000e+00
-2.176317423582077026e-01 -3.940221294760704041e-02 -7.389749884605407715e-01 1.000000000000000000e+00
-2.501175701618194580e-01 6.519073992967605591e-02 -5.093095898628234863e-01 1.000000000000000000e+00
-1.929875165224075317e-01 7.753567397594451904e-02 -5.523461103439331055e-01 1.000000000000000000e+00
-1.357869505882263184e-01 7.869184017181396484e-02 -5.869048833847045898e-01 1.000000000000000000e+00
-7.723191380500793457e-02 4.711940139532089233e-02 -5.935409069061279297e-01 1.000000000000000000e+00
-1.893776096403598785e-02 4.568088334053754807e-03 -5.917474031448364258e-01 1.000000000000000000e+00
-6.109558939933776855e-01 -2.351849675178527832e-01 -2.404520958662033081e-01 1.000000000000000000e+00
-5.607743263244628906e-01 -2.765173316001892090e-01 -3.579029440879821777e-01 1.000000000000000000e+00
-4.798328578472137451e-01 -2.963021099567413330e-01 -3.900353312492370605e-01 1.000000000000000000e+00
-3.826881647109985352e-01 -2.902619540691375732e-01 -3.918257355690002441e-01 1.000000000000000000e+00
-4.595160782337188721e-01 -2.461172789335250854e-01 -3.776181042194366455e-01 1.000000000000000000e+00
-5.374458432197570801e-01 -2.190461456775665283e-01 -3.405376076698303223e-01 1.000000000000000000e+00
-2.571958489716053009e-02 -3.833889961242675781e-01 -5.192967653274536133e-01 1.000000000000000000e+00
3.724450990557670593e-02 -4.405213296413421631e-01 -5.746072530746459961e-01 1.000000000000000000e+00
1.223074123263359070e-01 -4.682658612728118896e-01 -5.987958908081054688e-01 1.000000000000000000e+00
2.440915256738662720e-01 -4.657855033874511719e-01 -5.403605699539184570e-01 1.000000000000000000e+00
1.415499001741409302e-01 -3.979927897453308105e-01 -5.784549713134765625e-01 1.000000000000000000e+00
5.592133849859237671e-02 -3.796215057373046875e-01 -5.577404499053955078e-01 1.000000000000000000e+00
-2.074994742870330811e-01 3.660505414009094238e-01 -3.032681047916412354e-01 1.000000000000000000e+00
-2.196179479360580444e-01 2.710805833339691162e-01 -4.523281455039978027e-01 1.000000000000000000e+00
-1.548610776662826538e-01 2.232607603073120117e-01 -5.559436678886413574e-01 1.000000000000000000e+00
-9.730827063322067261e-02 2.113662064075469971e-01 -5.856673121452331543e-01 1.000000000000000000e+00
-3.488076478242874146e-02 1.921763122081756592e-01 -5.980072021484375000e-01 1.000000000000000000e+00
9.266602993011474609e-02 1.917894482612609863e-01 -5.585869550704956055e-01 1.000000000000000000e+00
2.310873866081237793e-01 2.541033923625946045e-01 -4.419373273849487305e-01 1.000000000000000000e+00
1.987053304910659790e-01 3.963371217250823975e-01 -4.666746258735656738e-01 1.000000000000000000e+00
1.079060807824134827e-01 4.742633104324340820e-01 -4.914482831954956055e-01 1.000000000000000000e+00
4.076036065816879272e-02 5.030998587608337402e-01 -4.767008721828460693e-01 1.000000000000000000e+00
-3.078268840909004211e-02 5.081032514572143555e-01 -4.504032433032989502e-01 1.000000000000000000e+00
-1.274487823247909546e-01 4.770626723766326904e-01 -3.734917640686035156e-01 1.000000000000000000e+00
-1.987245678901672363e-01 3.685626685619354248e-01 -2.978967428207397461e-01 1.000000000000000000e+00
-1.138931214809417725e-01 2.637624740600585938e-01 -4.802341759204864502e-01 1.000000000000000000e+00
-6.162754818797111511e-02 2.454636543989181519e-01 -5.069091916084289551e-01 1.000000000000000000e+00
-1.671341131441295147e-03 2.353991270065307617e-01 -5.181797146797180176e-01 0.000000000000000000e+00
2.287400960922241211e-01 2.537765204906463623e-01 -4.412709772586822510e-01 1.000000000000000000e+00
9.553518146276473999e-02 4.045071005821228027e-01 -4.521696269512176514e-01 1.000000000000000000e+00
3.369626402854919434e-02 4.251267015933990479e-01 -4.395181536674499512e-01 1.000000000000000000e+00
-2.980042435228824615e-02 4.349079132080078125e-01 -4.156013727188110352e-01 1.000000000000000000e+00
