-7.120033502578735352e-01 -6.240095496177673340e-01
-7.374885678291320801e-01 -3.821325600147247314e-01
-7.289387583732604980e-01 -1.933589577674865723e-01
-7.279710769653320312e-01 -2.915313094854354858e-02
-7.099590897560119629e-01 1.596852838993072510e-01
-6.468860507011413574e-01 3.384631872177124023e-01
-5.282314419746398926e-01 5.004929900169372559e-01
-3.668461441993713379e-01 6.572247147560119629e-01
-2.040276974439620972e-01 7.254535555839538574e-01
-2.417113259434700012e-02 7.112891674041748047e-01
1.762182712554931641e-01 6.284209489822387695e-01
3.483490049839019775e-01 5.159080624580383301e-01
4.729916155338287354e-01 3.685585260391235352e-01
5.700595974922180176e-01 1.824368834495544434e-01
6.417492628097534180e-01 8.713918738067150116e-03
7.166926860809326172e-01 -1.712914854288101196e-01
7.937971353530883789e-01 -3.761914372444152832e-01
-6.334992647171020508e-01 -5.961671471595764160e-01
-5.302661061286926270e-01 -6.909483075141906738e-01
-3.880257606506347656e-01 -6.496239900588989258e-01
-2.376966625452041626e-01 -5.707869529724121094e-01
-1.121088042855262756e-01 -4.893134832382202148e-01
9.623839706182479858e-02 -4.517899751663208008e-01
2.446347475051879883e-01 -4.796642065048217773e-01
4.184937179088592529e-01 -4.921724200248718262e-01
5.758591890335083008e-01 -4.791860282421112061e-01
6.503276824951171875e-01 -3.529370129108428955e-01
-4.071024060249328613e-02 -3.049362599849700928e-01
-6.964323669672012329e-02 -1.486419290304183960e-01
-9.646443277597427368e-02 -2.316084317862987518e-02
-1.211505532264709473e-01 1.011653095483779907e-01
-2.590926587581634521e-01 9.970325231552124023e-02
-1.971762031316757202e-01 1.472167223691940308e-01
-1.318894773721694946e-01 1.836305260658264160e-01
-5.574166402220726013e-02 1.744546741247177124e-01
2.199398539960384369e-02 1.556028425693511963e-01
-5.174352526664733887e-01 -4.152997136116027832e-01
-4.274268150329589844e-01 -3.874634504318237305e-01
-3.341404497623443604e-01 -3.681350648403167725e-01
-2.411319911479949951e-01 -3.337433338165283203e-01
-3.351259827613830566e-01 -3.254298567771911621e-01
-4.362791180610656738e-01 -3.420911431312561035e-01
1.620086580514907837e-01 -2.513377070426940918e-01
2.593972682952880859e-01 -2.477049380540847778e-01
3.552537262439727783e-01 -2.320717275142669678e-01
4.590467810630798340e-01 -2.231020331382751465e-01
3.465196788311004639e-01 -1.869920045137405396e-01
2.455023229122161865e-01 -2.095391750335693359e-01
-3.995648622512817383e-01 2.268807142972946167e-01
-3.305974602699279785e-01 2.403854429721832275e-01
-2.191893309354782104e-01 2.718641459941864014e-01
-1.490454077720642090e-01 2.968013286590576172e-01
-7.376074045896530151e-02 3.000145554542541504e-01
4.187307879328727722e-02 3.113834261894226074e-01
1.245590150356292725e-01 3.170715272426605225e-01
2.901534922420978546e-02 3.925564289093017578e-01
-9.146899729967117310e-02 4.252484738826751709e-01
-1.701452136039733887e-01 4.205615818500518799e-01
-2.450558692216873169e-01 3.986345231533050537e-01
-3.461148440837860107e-01 3.288868963718414307e-01
-3.951473236083984375e-01 2.285459786653518677e-01
-2.211057990789413452e-01 2.996147572994232178e-01
-1.496946960687637329e-01 3.139408826828002930e-01
-7.800644636154174805e-02 3.267864584922790527e-01
1.230249106884002686e-01 3.167673945426940918e-01
-7.762120664119720459e-02 3.416710793972015381e-01
-1.553069949150085449e-01 3.354959189891815186e-01
-2.317574769258499146e-01 3.169155120849609375e-01
