-7.221091389656066895e-01 -6.862133145332336426e-01 -1.862301677465438843e-01 1.000000000000000000e+00
-7.289127111434936523e-01 -4.939923584461212158e-01 -9.911271929740905762e-02 1.000000000000000000e+00
-7.231887578964233398e-01 -2.732228338718414307e-01 -1.117963250726461411e-02 1.000000000000000000e+00
-7.007864713668823242e-01 -5.315937101840972900e-02 -1.750433072447776794e-02 0.000000000000000000e+00
-6.725035905838012695e-01 1.701780706644058228e-01 -1.028192862868309021e-01 0.000000000000000000e+00
-6.196670532226562500e-01 3.737075924873352051e-01 -2.617591321468353271e-01 0.000000000000000000e+00
-5.031288266181945801e-01 5.254765152931213379e-01 -3.875382542610168457e-01 1.000000000000000000e+00
-3.618126213550567627e-01 6.589382886886596680e-01 -5.459961891174316406e-01 1.000000000000000000e+00
-1.894092857837677002e-01 7.247360348701477051e-01 -5.684099197387695312e-01 1.000000000000000000e+00
-2.714279480278491974e-02 7.114881277084350586e-01 -5.653704404830932617e-01 1.000000000000000000e+00
1.603818982839584351e-01 6.368845701217651367e-01 -4.274690747261047363e-01 1.000000000000000000e+00
3.227223455905914307e-01 5.335946083068847656e-01 -3.203095197677612305e-01 1.000000000000000000e+00
4.521716535091400146e-01 3.678357005119323730e-01 -1.711330115795135498e-01 0.000000000000000000e+00
5.649589300155639648e-01 1.773295849561691284e-01 -9.345152229070663452e-02 0.000000000000000000e+00
6.653258800506591797e-01 -8.534383960068225861e-03 -9.599721431732177734e-02 1.000000000000000000e+00
7.414590120315551758e-01 -2.095636576414108276e-01 -1.916995495557785034e-01 1.000000000000000000e+00
8.109701275825500488e-01 -3.909089863300323486e-01 -2.733366489410400391e-01 1.000000000000000000e+00
-6.334992647171020508e-01 -5.961671471595764160e-01 -6.986051201820373535e-01 1.000000000000000000e+00
-5.302661061286926270e-01 -6.909483075141906738e-01 -9.226303100585937500e-01 1.000000000000000000e+00
-3.880257606506347656e-01 -6.496239900588989258e-01 -1.074558496475219727e+00 1.000000000000000000e+00
-2.376966625452041626e-01 -5.707869529724121094e-01 -1.142529249191284180e+00 1.000000000000000000e+00
-1.121088042855262756e-01 -4.893134832382202148e-01 -1.149796962738037109e+00 1.000000000000000000e+00
9.623839706182479858e-02 -4.517899751663208008e-01 -1.162655711174011230e+00 1.000000000000000000e+00
2.446347475051879883e-01 -4.796642065048217773e-01 -1.170513391494750977e+00 1.000000000000000000e+00
4.184937179088592529e-01 -4.921724200248718262e-01 -1.117567658424377441e+00 1.000000000000000000e+00
5.758591890335083008e-01 -4.791860282421112061e-01 -9.766612052917480469e-01 1.000000000000000000e+00
6.503276824951171875e-01 -3.529370129108428955e-01 -7.632727622985839844e-01 1.000000000000000000e+00
-4.071024060249328613e-02 -3.049362599849700928e-01 -1.115754604339599609e+00 1.000000000000000000e+00
-6.964323669672012329e-02 -1.486419290304183960e-01 -1.147068142890930176e+00 1.000000000000000000e+00
-9.646443277597427368e-02 -2.316084317862987518e-02 -1.184778451919555664e+00 1.000000000000000000e+00
-1.211505532264709473e-01 1.011653095483779907e-01 -1.208538174629211426e+00 1.000000000000000000e+00
-2.590926587581634521e-01 9.970325231552124023e-02 -9.523288011550903320e-01 0.000000000000000000e+00
-1.971762031316757202e-01 1.472167223691940308e-01 -9.743673205375671387e-01 1.000000000000000000e+00
-1.318894773721694946e-01 1.836305260658264160e-01 -9.870779514312744141e-01 1.000000000000000000e+00
-5.574166402220726013e-02 1.744546741247177124e-01 -9.827030301094055176e-01 1.000000000000000000e+00
2.199398539960384369e-02 1.556028425693511963e-01 -9.683684706687927246e-01 0.000000000000000000e+00
-5.174352526664733887e-01 -4.152997136116027832e-01 -8.641535639762878418e-01 1.000000000000000000e+00
-4.274268150329589844e-01 -3.874634504318237305e-01 -9.736508131027221680e-01 1.000000000000000000e+00
-3.341404497623443604e-01 -3.681350648403167725e-01 -9.811774492263793945e-01 1.000000000000000000e+00
-2.411319911479949951e-01 -3.337433338165283203e-01 -9.460434913635253906e-01 1.000000000000000000e+00
-3.351259827613830566e-01 -3.254298567771911621e-01 -9.494927525520324707e-01 1.000000000000000000e+00
-4.362791180610656738e-01 -3.420911431312561035e-01 -9.340593218803405762e-01 1.000000000000000000e+00
1.620086580514907837e-01 -2.513377070426940918e-01 -9.726746082305908203e-01 1.000000000000000000e+00
2.593972682952880859e-01 -2.477049380540847778e-01 -1.017342448234558105e+00 1.000000000000000000e+00
3.552537262439727783e-01 -2.320717275142669678e-01 -1.018024563789367676e+00 1.000000000000000000e+00
4.590467810630798340e-01 -2.231020331382751465e-01 -9.186729788780212402e-01 1.000000000000000000e+00
3.465196788311004639e-01 -1.869920045137405396e-01 -9.786855578422546387e-01 1.000000000000000000e+00
2.455023229122161865e-01 -2.095391750335693359e-01 -9.840886592864990234e-01 1.000000000000000000e+00
-3.995648622512817383e-01 2.268807142972946167e-01 -7.209655046463012695e-01 1.000000000000000000e+00
-3.305974602699279785e-01 2.403854429721832275e-01 -8.460116386413574219e-01 1.000000000000000000e+00
-2.191893309354782104e-01 2.718641459941864014e-01 -9.197078347206115723e-01 1.000000000000000000e+00
-1.490454077720642090e-01 2.968013286590576172e-01 -9.295243620872497559e-01 1.000000000000000000e+00
-7.376074045896530151e-02 3.000145554542541504e-01 -9.288026690483093262e-01 1.000000000000000000e+00
4.187307879328727722e-02 3.113834261894226074e-01 -8.673888444900512695e-01 1.000000000000000000e+00
1.245590150356292725e-01 3.170715272426605225e-01 -7.518414855003356934e-01 1.000000000000000000e+00
2.901534922420978546e-02 3.925564289093017578e-01 -8.166745305061340332e-01 1.000000000000000000e+00
-9.146899729967117310e-02 4.252484738826751709e-01 -8.727554678916931152e-01 1.000000000000000000e+00
-1.701452136039733887e-01 4.205615818500518799e-01 -8.709279298782348633e-01 1.000000000000000000e+00
-2.450558692216873169e-01 3.986345231533050537e-01 -8.593215942382812500e-01 1.000000000000000000e+00
-3.461148440837860107e-01 3.288868963718414307e-01 -7.931880950927734375e-01 1.000000000000000000e+00
-3.951473236083984375e-01 2.285459786653518677e-01 -7.188005447387695312e-01 1.000000000000000000e+00
-2.211057990789413452e-01 2.996147572994232178e-01 -8.390348553657531738e-01 0.000000000000000000e+00
-1.496946960687637329e-01 3.139408826828002930e-01 -8.455272912979125977e-01 0.000000000000000000e+00
-7.800644636154174805e-02 3.267864584922790527e-01 -8.479583263397216797e-01 0.000000000000000000e+00
1.230249106884002686e-01 3.167673945426940918e-01 -7.522795796394348145e-01 1.000000000000000000e+00
-7.762120664119720459e-02 3.416710793972015381e-01 -8.564899563789367676e-01 1.000000000000000000e+00
-1.553069949150085449e-01 3.354959189891815186e-01 -8.641258478164672852e-01 1.000000000000000000e+00
-2.317574769258499146e-01 3.169155120849609375e-01 -8.448491096496582031e-01 1.000000000000000000e+00
