-6.174508929252624512e-01 -5.160634517669677734e-01
-6.831184625625610352e-01 -3.571864366531372070e-01
-7.163633704185485840e-01 -1.778782308101654053e-01
-7.306087613105773926e-01 -2.945598587393760681e-02
-7.364729046821594238e-01 1.282083243131637573e-01
-7.170377969741821289e-01 2.966218888759613037e-01
-6.620855927467346191e-01 4.677505195140838623e-01
-5.589401721954345703e-01 6.471850275993347168e-01
-4.274137318134307861e-01 7.399109601974487305e-01
-2.412197738885879517e-01 7.596831917762756348e-01
-2.313697151839733124e-02 7.306146025657653809e-01
1.659352779388427734e-01 6.528394818305969238e-01
3.393717110157012939e-01 5.368730425834655762e-01
4.865203499794006348e-01 3.880455791950225830e-01
5.942814946174621582e-01 2.282186299562454224e-01
6.798161268234252930e-01 4.606457799673080444e-02
7.635427117347717285e-01 -1.297499537467956543e-01
-5.748618245124816895e-01 -6.033933162689208984e-01
-4.953972399234771729e-01 -7.103649973869323730e-01
-3.851536214351654053e-01 -6.818071007728576660e-01
-2.657532989978790283e-01 -6.070257425308227539e-01
-1.638468205928802490e-01 -5.214470624923706055e-01
1.351416762918233871e-02 -4.638990759849548340e-01
1.497523635625839233e-01 -4.657814502716064453e-01
3.144662380218505859e-01 -4.384959340095520020e-01
4.784668684005737305e-01 -3.757506012916564941e-01
5.573841929435729980e-01 -2.174720019102096558e-01
-1.240134909749031067e-01 -3.490489125251770020e-01
-1.772638857364654541e-01 -2.259941697120666504e-01
-2.252808064222335815e-01 -1.282988339662551880e-01
-2.686721086502075195e-01 -2.844078280031681061e-02
-3.645385801792144775e-01 6.769825238734483719e-03
-3.196817636489868164e-01 5.457262322306632996e-02
-2.686364352703094482e-01 9.169425070285797119e-02
-1.993408948183059692e-01 9.622147679328918457e-02
-1.232558265328407288e-01 9.201493114233016968e-02
-5.141317844390869141e-01 -4.493104517459869385e-01
-4.509663879871368408e-01 -4.192876815795898438e-01
-3.719778954982757568e-01 -3.947350084781646729e-01
-2.823183536529541016e-01 -3.587840795516967773e-01
-3.733798265457153320e-01 -3.665099740028381348e-01
-4.587153792381286621e-01 -3.898364305496215820e-01
6.331001222133636475e-02 -2.374352961778640747e-01
1.433573067188262939e-01 -2.072182744741439819e-01
2.218780964612960815e-01 -1.770255714654922485e-01
3.334614038467407227e-01 -1.539949923753738403e-01
2.193900644779205322e-01 -1.543454378843307495e-01
1.343681514263153076e-01 -1.900670975446701050e-01
-5.133666992187500000e-01 2.072277963161468506e-01
-4.547258913516998291e-01 1.716788262128829956e-01
-3.629536926746368408e-01 1.919668167829513550e-01
-3.040669262409210205e-01 2.200714200735092163e-01
-2.368700355291366577e-01 2.355183213949203491e-01
-1.263170540332794189e-01 2.862105071544647217e-01
-5.134600773453712463e-02 3.675523698329925537e-01
-1.702579706907272339e-01 4.416727423667907715e-01
-2.950263917446136475e-01 4.493400454521179199e-01
-3.697582781314849854e-01 4.339505732059478760e-01
-4.349670410156250000e-01 3.990225493907928467e-01
-5.054963231086730957e-01 3.241438269615173340e-01
-5.084388256072998047e-01 2.111686915159225464e-01
-3.556182086467742920e-01 2.330926358699798584e-01
-2.948440015316009521e-01 2.526335418224334717e-01
-2.335046678781509399e-01 2.760821580886840820e-01
-5.292686447501182556e-02 3.663430809974670410e-01
-2.665622234344482422e-01 3.779957890510559082e-01
-3.349511325359344482e-01 3.582510948181152344e-01
-3.996816873550415039e-01 3.310528099536895752e-01
