-5.831120610237121582e-01 -5.977958440780639648e-01 2.085101902484893799e-01 1.000000000000000000e+00
-6.110827922821044922e-01 -4.090711772441864014e-01 2.595271468162536621e-01 0.000000000000000000e+00
-6.359926462173461914e-01 -1.941345632076263428e-01 3.045480847358703613e-01 0.000000000000000000e+00
-6.607718467712402344e-01 8.633611723780632019e-04 2.658406198024749756e-01 0.000000000000000000e+00
-6.818314790725708008e-01 1.903803646564483643e-01 1.569294184446334839e-01 0.000000000000000000e+00
-6.868731975555419922e-01 3.626843392848968506e-01 -1.306676119565963745e-02 0.000000000000000000e+00
-6.335055828094482422e-01 5.177690386772155762e-01 -1.470143049955368042e-01 1.000000000000000000e+00
-5.476158261299133301e-01 6.514171361923217773e-01 -3.096510767936706543e-01 1.000000000000000000e+00
-4.015980958938598633e-01 7.474650740623474121e-01 -3.612968027591705322e-01 1.000000000000000000e+00
-2.414985746145248413e-01 7.599523663520812988e-01 -3.865941166877746582e-01 1.000000000000000000e+00
-2.645286172628402710e-02 7.315681576728820801e-01 -3.035679757595062256e-01 1.000000000000000000e+00
1.612856984138488770e-01 6.565147042274475098e-01 -2.350789308547973633e-01 1.000000000000000000e+00
3.357847332954406738e-01 5.416709780693054199e-01 -1.122826263308525085e-01 1.000000000000000000e+00
4.822272360324859619e-01 3.966838121414184570e-01 -3.829780593514442444e-02 1.000000000000000000e+00
5.973519682884216309e-01 2.395587712526321411e-01 -2.928436361253261566e-02 1.000000000000000000e+00
6.865328550338745117e-01 4.645304009318351746e-02 -9.698449075222015381e-02 1.000000000000000000e+00
7.681516408920288086e-01 -1.258068382740020752e-01 -1.554313898086547852e-01 1.000000000000000000e+00
-5.748618245124816895e-01 -6.033933162689208984e-01 -2.845436632633209229e-01 1.000000000000000000e+00
-4.953972399234771729e-01 -7.103649973869323730e-01 -4.881912171840667725e-01 1.000000000000000000e+00
-3.851536214351654053e-01 -6.818071007728576660e-01 -6.549311876296997070e-01 1.000000000000000000e+00
-2.657532989978790283e-01 -6.070257425308227539e-01 -7.490437030792236328e-01 1.000000000000000000e+00
-1.638468205928802490e-01 -5.214470624923706055e-01 -7.880980968475341797e-01 1.000000000000000000e+00
1.351416762918233871e-02 -4.638990759849548340e-01 -8.363046646118164062e-01 1.000000000000000000e+00
1.497523635625839233e-01 -4.657814502716064453e-01 -8.613627552986145020e-01 1.000000000000000000e+00
3.144662380218505859e-01 -4.384959340095520020e-01 -8.430867791175842285e-01 1.000000000000000000e+00
4.784668684005737305e-01 -3.757506012916564941e-01 -7.419809699058532715e-01 1.000000000000000000e+00
5.573841929435729980e-01 -2.174720019102096558e-01 -5.808944106101989746e-01 1.000000000000000000e+00
-1.240134909749031067e-01 -3.490489125251770020e-01 -8.030137419700622559e-01 1.000000000000000000e+00
-1.772638857364654541e-01 -2.259941697120666504e-01 -8.548040986061096191e-01 1.000000000000000000e+00
-2.252808064222335815e-01 -1.282988339662551880e-01 -9.091288447380065918e-01 1.000000000000000000e+00
-2.686721086502075195e-01 -2.844078280031681061e-02 -9.462479352951049805e-01 1.000000000000000000e+00
-3.645385801792144775e-01 6.769825238734483719e-03 -6.972229480743408203e-01 1.000000000000000000e+00
-3.196817636489868164e-01 5.457262322306632996e-02 -7.364519834518432617e-01 1.000000000000000000e+00
-2.686364352703094482e-01 9.169425070285797119e-02 -7.647948265075683594e-01 1.000000000000000000e+00
-1.993408948183059692e-01 9.622147679328918457e-02 -7.691974639892578125e-01 1.000000000000000000e+00
-1.232558265328407288e-01 9.201493114233016968e-02 -7.627633213996887207e-01 1.000000000000000000e+00
-5.141317844390869141e-01 -4.493104517459869385e-01 -4.863883554935455322e-01 1.000000000000000000e+00
-4.509663879871368408e-01 -4.192876815795898438e-01 -6.000200510025024414e-01 1.000000000000000000e+00
-3.719778954982757568e-01 -3.947350084781646729e-01 -6.229749321937561035e-01 1.000000000000000000e+00
-2.823183536529541016e-01 -3.587840795516967773e-01 -6.165138483047485352e-01 1.000000000000000000e+00
-3.733798265457153320e-01 -3.665099740028381348e-01 -6.093395948410034180e-01 1.000000000000000000e+00
-4.587153792381286621e-01 -3.898364305496215820e-01 -5.775417089462280273e-01 1.000000000000000000e+00
6.331001222133636475e-02 -2.374352961778640747e-01 -7.139875888824462891e-01 1.000000000000000000e+00
1.433573067188262939e-01 -2.072182744741439819e-01 -7.632132768630981445e-01 1.000000000000000000e+00
2.218780964612960815e-01 -1.770255714654922485e-01 -7.803663611412048340e-01 1.000000000000000000e+00
3.334614038467407227e-01 -1.539949923753738403e-01 -7.149814963340759277e-01 1.000000000000000000e+00
2.193900644779205322e-01 -1.543454378843307495e-01 -7.622744441032409668e-01 1.000000000000000000e+00
1.343681514263153076e-01 -1.900670975446701050e-01 -7.481611967086791992e-01 1.000000000000000000e+00
-5.133666992187500000e-01 2.072277963161468506e-01 -4.649131596088409424e-01 1.000000000000000000e+00
-4.547258913516998291e-01 1.716788262128829956e-01 -6.137454509735107422e-01 1.000000000000000000e+00
-3.629536926746368408e-01 1.919668167829513550e-01 -7.125476002693176270e-01 1.000000000000000000e+00
-3.040669262409210205e-01 2.200714200735092163e-01 -7.366928458213806152e-01 1.000000000000000000e+00
-2.368700355291366577e-01 2.355183213949203491e-01 -7.459442019462585449e-01 1.000000000000000000e+00
-1.263170540332794189e-01 2.862105071544647217e-01 -6.998829841613769531e-01 1.000000000000000000e+00
-5.134600773453712463e-02 3.675523698329925537e-01 -5.857993960380554199e-01 1.000000000000000000e+00
-1.702579706907272339e-01 4.416727423667907715e-01 -6.206834316253662109e-01 1.000000000000000000e+00
-2.950263917446136475e-01 4.493400454521179199e-01 -6.543215513229370117e-01 1.000000000000000000e+00
-3.697582781314849854e-01 4.339505732059478760e-01 -6.394301056861877441e-01 1.000000000000000000e+00
-4.349670410156250000e-01 3.990225493907928467e-01 -6.147320270538330078e-01 1.000000000000000000e+00
-5.054963231086730957e-01 3.241438269615173340e-01 -5.352426171302795410e-01 1.000000000000000000e+00
-5.084388256072998047e-01 2.111686915159225464e-01 -4.613699913024902344e-01 1.000000000000000000e+00
-3.556182086467742920e-01 2.330926358699798584e-01 -6.319623589515686035e-01 0.000000000000000000e+00
-2.948440015316009521e-01 2.526335418224334717e-01 -6.537221670150756836e-01 0.000000000000000000e+00
-2.335046678781509399e-01 2.760821580886840820e-01 -6.652079224586486816e-01 0.000000000000000000e+00
-5.292686447501182556e-02 3.663430809974670410e-01 -5.857797861099243164e-01 1.000000000000000000e+00
-2.665622234344482422e-01 3.779957890510559082e-01 -6.219969987869262695e-01 1.000000000000000000e+00
-3.349511325359344482e-01 3.582510948181152344e-01 -6.132138967514038086e-01 1.000000000000000000e+00
-3.996816873550415039e-01 3.310528099536895752e-01 -5.867716073989868164e-01 1.000000000000000000e+00
