-7.229263186454772949e-01 -1.707142740488052368e-01
-6.909737586975097656e-01 8.011086843907833099e-03
-6.121255159378051758e-01 1.718242764472961426e-01
-5.300406813621520996e-01 3.122713863849639893e-01
-4.505466818809509277e-01 4.519760906696319580e-01
-3.466049432754516602e-01 5.814983248710632324e-01
-2.137995958328247070e-01 6.742703318595886230e-01
-4.754141718149185181e-02 7.410432696342468262e-01
1.080063059926033020e-01 7.324236631393432617e-01
2.783378958702087402e-01 6.578211784362792969e-01
4.490233957767486572e-01 5.422049164772033691e-01
5.806481838226318359e-01 4.008597731590270996e-01
6.793523430824279785e-01 2.201564908027648926e-01
7.353813648223876953e-01 1.787636242806911469e-02
7.495592236518859863e-01 -1.824799031019210815e-01
7.168700098991394043e-01 -3.980728089809417725e-01
6.929088234901428223e-01 -5.951559543609619141e-01
-7.468269467353820801e-01 -2.755827009677886963e-01
-7.538353204727172852e-01 -4.295511543750762939e-01
-6.609405279159545898e-01 -4.717846512794494629e-01
-5.235177874565124512e-01 -4.708061516284942627e-01
-3.916794359683990479e-01 -4.512177109718322754e-01
-2.015138566493988037e-01 -5.018705725669860840e-01
-8.608071506023406982e-02 -5.850300192832946777e-01
7.465093582868576050e-02 -6.586307287216186523e-01
2.558682560920715332e-01 -6.875389814376831055e-01
4.267405867576599121e-01 -5.732960700988769531e-01
-2.583613693714141846e-01 -3.177354633808135986e-01
-2.400596290826797485e-01 -1.780693382024765015e-01
-2.348622828722000122e-01 -7.370389997959136963e-02
-2.235071510076522827e-01 3.270216658711433411e-02
-2.483952790498733521e-01 1.499563604593276978e-01
-1.957338899374008179e-01 1.623112708330154419e-01
-1.412112116813659668e-01 1.721007376909255981e-01
-8.508236706256866455e-02 1.367104798555374146e-01
-2.854468673467636108e-02 9.795324504375457764e-02
-6.352549195289611816e-01 -1.836943477392196655e-01
-5.769586563110351562e-01 -2.039295434951782227e-01
-4.953489303588867188e-01 -2.262434363365173340e-01
-3.982157409191131592e-01 -2.356898337602615356e-01
-4.759492874145507812e-01 -1.920783072710037231e-01
-5.625273585319519043e-01 -1.638660877943038940e-01
-1.920269429683685303e-02 -3.264939486980438232e-01
5.335180833935737610e-02 -3.655609786510467529e-01
1.407111436128616333e-01 -3.873156011104583740e-01
2.601649761199951172e-01 -4.063226878643035889e-01
1.588610261678695679e-01 -3.404508829116821289e-01
6.305476278066635132e-02 -3.224804103374481201e-01
-2.398707121610641479e-01 4.139375686645507812e-01
-2.188706547021865845e-01 3.772982060909271240e-01
-1.532308310270309448e-01 3.434252738952636719e-01
-9.881303459405899048e-02 3.386663198471069336e-01
-4.211245104670524597e-02 3.162993788719177246e-01
6.688782572746276855e-02 3.068426549434661865e-01
1.742909252643585205e-01 3.051670193672180176e-01
1.202558353543281555e-01 3.706574738025665283e-01
2.763164229691028595e-02 4.287619590759277344e-01
-3.325300663709640503e-02 4.520584642887115479e-01
-9.724910557270050049e-02 4.607929587364196777e-01
-1.813967972993850708e-01 4.493084549903869629e-01
-2.336797565221786499e-01 4.126484692096710205e-01
-1.198978200554847717e-01 3.953453004360198975e-01
-6.583118438720703125e-02 3.844303190708160400e-01
-9.499159641563892365e-03 3.685106337070465088e-01
1.720286905765533447e-01 3.058999478816986084e-01
1.056499127298593521e-02 3.527747094631195068e-01
-5.125231295824050903e-02 3.704189658164978027e-01
-1.114218607544898987e-01 3.857250213623046875e-01
