-7.089203596115112305e-01 -2.442306280136108398e-01 3.716502785682678223e-01 0.000000000000000000e+00
-6.221038699150085449e-01 -6.281802058219909668e-02 4.068747758865356445e-01 0.000000000000000000e+00
-5.226690769195556641e-01 1.407624930143356323e-01 4.321685135364532471e-01 0.000000000000000000e+00
-4.334883987903594971e-01 3.215063214302062988e-01 3.697189390659332275e-01 0.000000000000000000e+00
-3.542182147502899170e-01 4.923933744430541992e-01 2.308256179094314575e-01 0.000000000000000000e+00
-2.798151373863220215e-01 6.299462318420410156e-01 2.293901517987251282e-02 0.000000000000000000e+00
-1.598613262176513672e-01 7.022145986557006836e-01 -1.487210839986801147e-01 1.000000000000000000e+00
-3.183439001441001892e-02 7.427837848663330078e-01 -3.434582352638244629e-01 1.000000000000000000e+00
1.391312927007675171e-01 7.313246130943298340e-01 -4.095900654792785645e-01 1.000000000000000000e+00
2.782485783100128174e-01 6.579929590225219727e-01 -4.395831227302551270e-01 1.000000000000000000e+00
4.487318098545074463e-01 5.423411726951599121e-01 -3.423444032669067383e-01 1.000000000000000000e+00
5.805156230926513672e-01 4.014325439929962158e-01 -2.565737664699554443e-01 1.000000000000000000e+00
6.794297099113464355e-01 2.208076268434524536e-01 -1.077134013175964355e-01 1.000000000000000000e+00
7.354448437690734863e-01 1.899874396622180939e-02 -1.581705547869205475e-02 1.000000000000000000e+00
7.504457235336303711e-01 -1.813343465328216553e-01 4.743328783661127090e-03 1.000000000000000000e+00
7.174212932586669922e-01 -3.983625173568725586e-01 -5.197755619883537292e-02 1.000000000000000000e+00
6.934344768524169922e-01 -5.947976708412170410e-01 -1.029332131147384644e-01 1.000000000000000000e+00
-7.468269467353820801e-01 -2.755827009677886963e-01 -1.325607299804687500e-01 1.000000000000000000e+00
-7.538353204727172852e-01 -4.295511543750762939e-01 -3.373058438301086426e-01 1.000000000000000000e+00
-6.609405279159545898e-01 -4.717846512794494629e-01 -5.156295895576477051e-01 1.000000000000000000e+00
-5.235177874565124512e-01 -4.708061516284942627e-01 -6.274229288101196289e-01 1.000000000000000000e+00
-3.916794359683990479e-01 -4.512177109718322754e-01 -6.811134815216064453e-01 1.000000000000000000e+00
-2.015138566493988037e-01 -5.018705725669860840e-01 -7.460797429084777832e-01 1.000000000000000000e+00
-8.608071506023406982e-02 -5.850300192832946777e-01 -7.746070623397827148e-01 1.000000000000000000e+00
7.465093582868576050e-02 -6.586307287216186523e-01 -7.617093920707702637e-01 1.000000000000000000e+00
2.558682560920715332e-01 -6.875389814376831055e-01 -6.714721322059631348e-01 1.000000000000000000e+00
4.267405867576599121e-01 -5.732960700988769531e-01 -5.235224366188049316e-01 1.000000000000000000e+00
-2.583613693714141846e-01 -3.177354633808135986e-01 -7.117497920989990234e-01 1.000000000000000000e+00
-2.400596290826797485e-01 -1.780693382024765015e-01 -7.677370309829711914e-01 1.000000000000000000e+00
-2.348622828722000122e-01 -7.370389997959136963e-02 -8.264166116714477539e-01 1.000000000000000000e+00
-2.235071510076522827e-01 3.270216658711433411e-02 -8.681268095970153809e-01 1.000000000000000000e+00
-2.483952790498733521e-01 1.499563604593276978e-01 -6.304876804351806641e-01 1.000000000000000000e+00
-1.957338899374008179e-01 1.623112708330154419e-01 -6.748753190040588379e-01 1.000000000000000000e+00
-1.412112116813659668e-01 1.721007376909255981e-01 -7.117403149604797363e-01 1.000000000000000000e+00
-8.508236706256866455e-02 1.367104798555374146e-01 -7.148199677467346191e-01 1.000000000000000000e+00
-2.854468673467636108e-02 9.795324504375457764e-02 -7.085695862770080566e-01 1.000000000000000000e+00
-6.352549195289611816e-01 -1.836943477392196655e-01 -3.545043766498565674e-01 1.000000000000000000e+00
-5.769586563110351562e-01 -2.039295434951782227e-01 -4.774998426437377930e-01 1.000000000000000000e+00
-4.953489303588867188e-01 -2.262434363365173340e-01 -5.089362263679504395e-01 1.000000000000000000e+00
-3.982157409191131592e-01 -2.356898337602615356e-01 -5.094490647315979004e-01 1.000000000000000000e+00
-4.759492874145507812e-01 -1.920783072710037231e-01 -4.940551221370697021e-01 1.000000000000000000e+00
-5.625273585319519043e-01 -1.638660877943038940e-01 -4.535956084728240967e-01 1.000000000000000000e+00
-1.920269429683685303e-02 -3.264939486980438232e-01 -6.414878964424133301e-01 1.000000000000000000e+00
5.335180833935737610e-02 -3.655609786510467529e-01 -7.001059651374816895e-01 1.000000000000000000e+00
1.407111436128616333e-01 -3.873156011104583740e-01 -7.234971523284912109e-01 1.000000000000000000e+00
2.601649761199951172e-01 -4.063226878643035889e-01 -6.591717004776000977e-01 1.000000000000000000e+00
1.588610261678695679e-01 -3.404508829116821289e-01 -6.979334354400634766e-01 1.000000000000000000e+00
6.305476278066635132e-02 -3.224804103374481201e-01 -6.773090362548828125e-01 1.000000000000000000e+00
-2.398707121610641479e-01 4.139375686645507812e-01 -4.991076588630676270e-01 1.000000000000000000e+00
-2.188706547021865845e-01 3.772982060909271240e-01 -6.085174083709716797e-01 1.000000000000000000e+00
-1.532308310270309448e-01 3.434252738952636719e-01 -6.895440816879272461e-01 1.000000000000000000e+00
-9.881303459405899048e-02 3.386663198471069336e-01 -7.162134051322937012e-01 1.000000000000000000e+00
-4.211245104670524597e-02 3.162993788719177246e-01 -7.286593914031982422e-01 1.000000000000000000e+00
6.688782572746276855e-02 3.068426549434661865e-01 -7.043302655220031738e-01 1.000000000000000000e+00
1.742909252643585205e-01 3.051670193672180176e-01 -6.339842081069946289e-01 1.000000000000000000e+00
1.202558353543281555e-01 3.706574738025665283e-01 -6.717108488082885742e-01 1.000000000000000000e+00
2.763164229691028595e-02 4.287619590759277344e-01 -6.962062716484069824e-01 1.000000000000000000e+00
-3.325300663709640503e-02 4.520584642887115479e-01 -6.791527271270751953e-01 1.000000000000000000e+00
-9.724910557270050049e-02 4.607929587364196777e-01 -6.528629064559936523e-01 1.000000000000000000e+00
-1.813967972993850708e-01 4.493084549903869629e-01 -5.779718160629272461e-01 1.000000000000000000e+00
-2.336797565221786499e-01 4.126484692096710205e-01 -4.987375140190124512e-01 1.000000000000000000e+00
-1.198978200554847717e-01 3.953453004360198975e-01 -6.298566460609436035e-01 1.000000000000000000e+00
-6.583118438720703125e-02 3.844303190708160400e-01 -6.543534398078918457e-01 1.000000000000000000e+00
-9.499159641563892365e-03 3.685106337070465088e-01 -6.660075783729553223e-01 1.000000000000000000e+00
1.720286905765533447e-01 3.058999478816986084e-01 -6.335713863372802734e-01 1.000000000000000000e+00
1.056499127298593521e-02 3.527747094631195068e-01 -6.833661198616027832e-01 1.000000000000000000e+00
-5.125231295824050903e-02 3.704189658164978027e-01 -6.692225337028503418e-01 1.000000000000000000e+00
-1.114218607544898987e-01 3.857250213623046875e-01 -6.440754532814025879e-01 1.000000000000000000e+00
