-6.619523763656616211e-01 -6.801683306694030762e-01
-7.042093276977539062e-01 -5.029687285423278809e-01
-7.313802242279052734e-01 -3.051495254039764404e-01
-7.484126687049865723e-01 -1.077135130763053894e-01
-7.290827035903930664e-01 1.251596957445144653e-01
-6.653280854225158691e-01 3.347243070602416992e-01
-5.410391092300415039e-01 5.132268071174621582e-01
-3.812893927097320557e-01 6.772015690803527832e-01
-2.211681604385375977e-01 7.598052024841308594e-01
-5.011065676808357239e-02 7.589493393898010254e-01
1.554188728332519531e-01 6.679655313491821289e-01
3.221728503704071045e-01 5.569324493408203125e-01
4.406440258026123047e-01 4.281016588211059570e-01
5.278894305229187012e-01 2.931766211986541748e-01
6.005929112434387207e-01 1.841768920421600342e-01
6.794995069503784180e-01 2.672771364450454712e-02
7.368309497833251953e-01 -1.624703407287597656e-01
-4.938036203384399414e-01 -5.520522594451904297e-01
-3.425860404968261719e-01 -6.120841503143310547e-01
-1.792990416288375854e-01 -5.465736389160156250e-01
-2.947653830051422119e-02 -4.545940756797790527e-01
8.570019155740737915e-02 -3.699763119220733643e-01
2.794453501701354980e-01 -3.201473653316497803e-01
4.230482280254364014e-01 -3.352572917938232422e-01
5.788865685462951660e-01 -3.419115245342254639e-01
7.044531106948852539e-01 -3.341477513313293457e-01
7.299606800079345703e-01 -2.289443612098693848e-01
1.335276812314987183e-01 -1.973774582147598267e-01
1.007568016648292542e-01 -4.855703189969062805e-02
7.291228324174880981e-02 7.355409115552902222e-02
4.432449862360954285e-02 1.942794620990753174e-01
-1.342241764068603516e-01 1.646452993154525757e-01
-7.667707651853561401e-02 2.171280235052108765e-01
-1.662833616137504578e-02 2.576910853385925293e-01
5.438199266791343689e-02 2.525070309638977051e-01
1.242658570408821106e-01 2.356469184160232544e-01
-3.601270020008087158e-01 -3.545638024806976318e-01
-2.551398575305938721e-01 -3.124084770679473877e-01
-1.651829183101654053e-01 -2.872516214847564697e-01
-8.434547483921051025e-02 -2.519922256469726562e-01
-1.752157807350158691e-01 -2.485420852899551392e-01
-2.730744183063507080e-01 -2.722253799438476562e-01
2.905943691730499268e-01 -1.467322856187820435e-01
3.930357992649078369e-01 -1.330087929964065552e-01
4.846875667572021484e-01 -1.111229956150054932e-01
5.630694627761840820e-01 -1.039476990699768066e-01
4.626460075378417969e-01 -7.104388624429702759e-02
3.695412278175354004e-01 -9.846558421850204468e-02
-3.449181318283081055e-01 2.594205439090728760e-01
-2.459146529436111450e-01 2.903257012367248535e-01
-1.235425025224685669e-01 3.366014957427978516e-01
-5.544335022568702698e-02 3.665490150451660156e-01
1.722266338765621185e-02 3.749606907367706299e-01
1.172113120555877686e-01 3.891732692718505859e-01
1.742033511400222778e-01 3.949008882045745850e-01
7.945678383111953735e-02 4.707196652889251709e-01
-3.214180096983909607e-02 4.987774491310119629e-01
-1.090289503335952759e-01 4.873034954071044922e-01
-1.827394217252731323e-01 4.582804143428802490e-01
-2.894581258296966553e-01 3.744328022003173828e-01
-3.410168588161468506e-01 2.614027261734008789e-01
-1.445734202861785889e-01 3.546270430088043213e-01
-7.368328422307968140e-02 3.747630417346954346e-01
-3.727881936356425285e-03 3.930527269840240479e-01
1.726589202880859375e-01 3.944700956344604492e-01
-1.416675560176372528e-02 4.189229607582092285e-01
-8.816804736852645874e-02 4.069485664367675781e-01
-1.658533364534378052e-01 3.796529173851013184e-01
