-6.734979748725891113e-01 -6.947966217994689941e-01 -3.802707493305206299e-01 1.000000000000000000e+00
-7.128224372863769531e-01 -5.162109136581420898e-01 -2.827188372611999512e-01 1.000000000000000000e+00
-7.454140782356262207e-01 -3.091437816619873047e-01 -1.818279474973678589e-01 1.000000000000000000e+00
-7.479053735733032227e-01 -9.548491984605789185e-02 -1.678919643163681030e-01 1.000000000000000000e+00
-7.217086553573608398e-01 1.307704448699951172e-01 -2.261917889118194580e-01 1.000000000000000000e+00
-6.573730707168579102e-01 3.486008048057556152e-01 -3.509075641632080078e-01 1.000000000000000000e+00
-5.357584357261657715e-01 5.201209783554077148e-01 -4.323254525661468506e-01 1.000000000000000000e+00
-3.810470998287200928e-01 6.766431331634521484e-01 -5.399176478385925293e-01 1.000000000000000000e+00
-2.174007594585418701e-01 7.567275166511535645e-01 -5.205292701721191406e-01 1.000000000000000000e+00
-5.932447686791419983e-02 7.544940710067749023e-01 -4.849811196327209473e-01 0.000000000000000000e+00
1.086954101920127869e-01 6.835567355155944824e-01 -3.243291974067687988e-01 1.000000000000000000e+00
2.593211233615875244e-01 5.807277560234069824e-01 -1.998907327651977539e-01 0.000000000000000000e+00
3.745361566543579102e-01 4.116401672363281250e-01 -4.510361328721046448e-02 0.000000000000000000e+00
4.852252900600433350e-01 2.250039279460906982e-01 3.673462569713592529e-02 0.000000000000000000e+00
5.919578671455383301e-01 4.810076579451560974e-02 3.935357555747032166e-02 0.000000000000000000e+00
6.989656686782836914e-01 -1.352632939815521240e-01 -5.375530198216438293e-02 1.000000000000000000e+00
7.945160269737243652e-01 -3.007841408252716064e-01 -1.345320940017700195e-01 1.000000000000000000e+00
-4.938036203384399414e-01 -5.520522594451904297e-01 -8.435223102569580078e-01 1.000000000000000000e+00
-3.425860404968261719e-01 -6.120841503143310547e-01 -1.041207313537597656e+00 1.000000000000000000e+00
-1.792990416288375854e-01 -5.465736389160156250e-01 -1.153697609901428223e+00 1.000000000000000000e+00
-2.947653830051422119e-02 -4.545940756797790527e-01 -1.182989835739135742e+00 1.000000000000000000e+00
8.570019155740737915e-02 -3.699763119220733643e-01 -1.159329295158386230e+00 1.000000000000000000e+00
2.794453501701354980e-01 -3.201473653316497803e-01 -1.128487110137939453e+00 1.000000000000000000e+00
4.230482280254364014e-01 -3.352572917938232422e-01 -1.109158039093017578e+00 1.000000000000000000e+00
5.788865685462951660e-01 -3.419115245342254639e-01 -1.025504231452941895e+00 1.000000000000000000e+00
7.044531106948852539e-01 -3.341477513313293457e-01 -8.592824935913085938e-01 1.000000000000000000e+00
7.299606800079345703e-01 -2.289443612098693848e-01 -6.326814889907836914e-01 1.000000000000000000e+00
1.335276812314987183e-01 -1.973774582147598267e-01 -1.101843476295471191e+00 1.000000000000000000e+00
1.007568016648292542e-01 -4.855703189969062805e-02 -1.127463340759277344e+00 1.000000000000000000e+00
7.291228324174880981e-02 7.355409115552902222e-02 -1.161103963851928711e+00 1.000000000000000000e+00
4.432449862360954285e-02 1.942794620990753174e-01 -1.181202530860900879e+00 1.000000000000000000e+00
-1.342241764068603516e-01 1.646452993154525757e-01 -9.593758583068847656e-01 1.000000000000000000e+00
-7.667707651853561401e-02 2.171280235052108765e-01 -9.682734608650207520e-01 1.000000000000000000e+00
-1.662833616137504578e-02 2.576910853385925293e-01 -9.665356874465942383e-01 1.000000000000000000e+00
5.438199266791343689e-02 2.525070309638977051e-01 -9.476656913757324219e-01 1.000000000000000000e+00
1.242658570408821106e-01 2.356469184160232544e-01 -9.171749949455261230e-01 0.000000000000000000e+00
-3.601270020008087158e-01 -3.545638024806976318e-01 -9.645751118659973145e-01 1.000000000000000000e+00
-2.551398575305938721e-01 -3.124084770679473877e-01 -1.050056457519531250e+00 1.000000000000000000e+00
-1.651829183101654053e-01 -2.872516214847564697e-01 -1.036668419837951660e+00 1.000000000000000000e+00
-8.434547483921051025e-02 -2.519922256469726562e-01 -9.802460074424743652e-01 1.000000000000000000e+00
-1.752157807350158691e-01 -2.485420852899551392e-01 -1.002813220024108887e+00 1.000000000000000000e+00
-2.730744183063507080e-01 -2.722253799438476562e-01 -1.009406208992004395e+00 1.000000000000000000e+00
2.905943691730499268e-01 -1.467322856187820435e-01 -9.217799901962280273e-01 1.000000000000000000e+00
3.930357992649078369e-01 -1.330087929964065552e-01 -9.467520117759704590e-01 1.000000000000000000e+00
4.846875667572021484e-01 -1.111229956150054932e-01 -9.276750683784484863e-01 1.000000000000000000e+00
5.630694627761840820e-01 -1.039476990699768066e-01 -8.101179599761962891e-01 1.000000000000000000e+00
4.626460075378417969e-01 -7.104388624429702759e-02 -8.869280219078063965e-01 1.000000000000000000e+00
3.695412278175354004e-01 -9.846558421850204468e-02 -9.134548902511596680e-01 1.000000000000000000e+00
-3.449181318283081055e-01 2.594205439090728760e-01 -7.516528964042663574e-01 1.000000000000000000e+00
-2.459146529436111450e-01 2.903257012367248535e-01 -8.620449900627136230e-01 1.000000000000000000e+00
-1.235425025224685669e-01 3.366014957427978516e-01 -9.112973809242248535e-01 1.000000000000000000e+00
-5.544335022568702698e-02 3.665490150451660156e-01 -9.050306081771850586e-01 1.000000000000000000e+00
1.722266338765621185e-02 3.749606907367706299e-01 -8.889148235321044922e-01 1.000000000000000000e+00
1.172113120555877686e-01 3.891732692718505859e-01 -8.018668293952941895e-01 1.000000000000000000e+00
1.742033511400222778e-01 3.949008882045745850e-01 -6.662395000457763672e-01 1.000000000000000000e+00
7.945678383111953735e-02 4.707196652889251709e-01 -7.397049069404602051e-01 1.000000000000000000e+00
-3.214180096983909607e-02 4.987774491310119629e-01 -8.176949620246887207e-01 1.000000000000000000e+00
-1.090289503335952759e-01 4.873034954071044922e-01 -8.338626027107238770e-01 1.000000000000000000e+00
-1.827394217252731323e-01 4.582804143428802490e-01 -8.391662836074829102e-01 1.000000000000000000e+00
-2.894581258296966553e-01 3.744328022003173828e-01 -7.999573349952697754e-01 1.000000000000000000e+00
-3.410168588161468506e-01 2.614027261734008789e-01 -7.484778761863708496e-01 1.000000000000000000e+00
-1.445734202861785889e-01 3.546270430088043213e-01 -8.293986916542053223e-01 0.000000000000000000e+00
-7.368328422307968140e-02 3.747630417346954346e-01 -8.210683465003967285e-01 0.000000000000000000e+00
-3.727881936356425285e-03 3.930527269840240479e-01 -8.067951798439025879e-01 0.000000000000000000e+00
1.726589202880859375e-01 3.944700956344604492e-01 -6.671029925346374512e-01 1.000000000000000000e+00
-1.416675560176372528e-02 4.189229607582092285e-01 -8.040019273757934570e-01 1.000000000000000000e+00
-8.816804736852645874e-02 4.069485664367675781e-01 -8.287031054496765137e-01 1.000000000000000000e+00
-1.658533364534378052e-01 3.796529173851013184e-01 -8.269305825233459473e-01 1.000000000000000000e+00
