-6.117339134216308594e-01 -6.822829246520996094e-01
-6.661027669906616211e-01 -5.059323906898498535e-01
-7.071776986122131348e-01 -3.140379786491394043e-01
-7.316495180130004883e-01 -1.158773899078369141e-01
-7.169376611709594727e-01 1.132924854755401611e-01
-6.585246920585632324e-01 3.281554281711578369e-01
-5.413250327110290527e-01 5.080934166908264160e-01
-3.860174417495727539e-01 6.727622747421264648e-01
-2.291074395179748535e-01 7.604312300682067871e-01
-6.287010014057159424e-02 7.658821344375610352e-01
1.383858770132064819e-01 6.807918548583984375e-01
3.012815117835998535e-01 5.820920467376708984e-01
4.192854166030883789e-01 4.599586427211761475e-01
5.094301104545593262e-01 3.334814608097076416e-01
5.868358612060546875e-01 2.271628230810165405e-01
6.676528453826904297e-01 7.387387752532958984e-02
7.251257896423339844e-01 -9.752248227596282959e-02
-4.307461380958557129e-01 -5.497578978538513184e-01
-2.721487283706665039e-01 -6.066557168960571289e-01
-1.115974411368370056e-01 -5.368742346763610840e-01
3.189679607748985291e-02 -4.425577819347381592e-01
1.393828988075256348e-01 -3.550442457199096680e-01
3.234908580780029297e-01 -2.964259982109069824e-01
4.622899293899536133e-01 -3.020582795143127441e-01
6.115366816520690918e-01 -2.993074953556060791e-01
7.270145416259765625e-01 -2.840090990066528320e-01
7.368904352188110352e-01 -1.761736273765563965e-01
1.756060421466827393e-01 -1.819609999656677246e-01
1.377362310886383057e-01 -3.618074208498001099e-02
1.052110567688941956e-01 8.471562713384628296e-02
7.155088335275650024e-02 2.046905308961868286e-01
-1.091671437025070190e-01 1.685596555471420288e-01
-5.568315461277961731e-02 2.228896915912628174e-01
4.536088963504880667e-04 2.648721039295196533e-01
6.845100224018096924e-02 2.626378238201141357e-01
1.362067610025405884e-01 2.487964481115341187e-01
-3.007209897041320801e-01 -3.538059294223785400e-01
-1.969165503978729248e-01 -3.100326955318450928e-01
-1.104765236377716064e-01 -2.812189161777496338e-01
-3.588543087244033813e-02 -2.417567968368530273e-01
-1.238852441310882568e-01 -2.424260675907135010e-01
-2.177029401063919067e-01 -2.700411677360534668e-01
3.154214620590209961e-01 -1.252898573875427246e-01
4.139974713325500488e-01 -1.025884076952934265e-01
4.999690651893615723e-01 -7.543243467807769775e-02
5.727701783180236816e-01 -6.742146611213684082e-02
4.782218635082244873e-01 -4.267324879765510559e-02
3.902865946292877197e-01 -7.434606552124023438e-02
-3.278992474079132080e-01 2.621732354164123535e-01
-2.281655967235565186e-01 2.895461320877075195e-01
-1.092857643961906433e-01 3.382638692855834961e-01
-4.541325569152832031e-02 3.698024749755859375e-01
2.336880378425121307e-02 3.810435533523559570e-01
1.169561743736267090e-01 4.002510309219360352e-01
1.694316715002059937e-01 4.118033051490783691e-01
7.932130247354507446e-02 4.794925749301910400e-01
-2.715735509991645813e-02 5.008143782615661621e-01
-1.011228859424591064e-01 4.879510402679443359e-01
-1.715497374534606934e-01 4.575253427028656006e-01
-2.740887999534606934e-01 3.753590583801269531e-01
-3.237345814704895020e-01 2.639020085334777832e-01
-1.336086839437484741e-01 3.558295369148254395e-01
-6.629569828510284424e-02 3.782395422458648682e-01
4.394107600091956556e-05 3.991534113883972168e-01
1.678411811590194702e-01 4.111434221267700195e-01
-7.777416612952947617e-03 4.237396419048309326e-01
-7.837083190679550171e-02 4.093670845031738281e-01
-1.533104479312896729e-01 3.814838826656341553e-01
