-6.204706430435180664e-01 -6.903426051139831543e-01 -3.655647933483123779e-01 1.000000000000000000e+00
-6.723459959030151367e-01 -5.166680812835693359e-01 -2.728137075901031494e-01 1.000000000000000000e+00
-7.188355326652526855e-01 -3.137081861495971680e-01 -1.769748032093048096e-01 1.000000000000000000e+00
-7.326275110244750977e-01 -1.047372892498970032e-01 -1.647150218486785889e-01 1.000000000000000000e+00
-7.132916450500488281e-01 1.182694435119628906e-01 -2.212115377187728882e-01 1.000000000000000000e+00
-6.539038419723510742e-01 3.368485271930694580e-01 -3.394263088703155518e-01 1.000000000000000000e+00
-5.378113985061645508e-01 5.128734111785888672e-01 -4.136842191219329834e-01 1.000000000000000000e+00
-3.860407769680023193e-01 6.727768778800964355e-01 -5.131355524063110352e-01 1.000000000000000000e+00
-2.268789410591125488e-01 7.586965560913085938e-01 -4.897094070911407471e-01 1.000000000000000000e+00
-7.250396907329559326e-02 7.609799504280090332e-01 -4.511919021606445312e-01 1.000000000000000000e+00
8.831721544265747070e-02 6.972350478172302246e-01 -2.899421155452728271e-01 1.000000000000000000e+00
2.342654615640640259e-01 6.009076237678527832e-01 -1.641983538866043091e-01 0.000000000000000000e+00
3.477220833301544189e-01 4.418378174304962158e-01 -8.252804167568683624e-03 0.000000000000000000e+00
4.598662555217742920e-01 2.658114135265350342e-01 7.754749804735183716e-02 0.000000000000000000e+00
5.680367946624755859e-01 9.819529950618743896e-02 8.437591046094894409e-02 0.000000000000000000e+00
6.827502846717834473e-01 -7.744549214839935303e-02 -9.435331448912620544e-04 1.000000000000000000e+00
7.857881784439086914e-01 -2.353481352329254150e-01 -7.605478167533874512e-02 1.000000000000000000e+00
-4.307461380958557129e-01 -5.497578978538513184e-01 -8.104203343391418457e-01 1.000000000000000000e+00
-2.721487283706665039e-01 -6.066557168960571289e-01 -9.967490434646606445e-01 1.000000000000000000e+00
-1.115974411368370056e-01 -5.368742346763610840e-01 -1.101212263107299805e+00 1.000000000000000000e+00
3.189679607748985291e-02 -4.425577819347381592e-01 -1.124815702438354492e+00 1.000000000000000000e+00
1.393828988075256348e-01 -3.550442457199096680e-01 -1.098214149475097656e+00 1.000000000000000000e+00
3.234908580780029297e-01 -2.964259982109069824e-01 -1.060928940773010254e+00 1.000000000000000000e+00
4.622899293899536133e-01 -3.020582795143127441e-01 -1.036709427833557129e+00 1.000000000000000000e+00
6.115366816520690918e-01 -2.993074953556060791e-01 -9.505372047424316406e-01 1.000000000000000000e+00
7.270145416259765625e-01 -2.840090990066528320e-01 -7.835462093353271484e-01 1.000000000000000000e+00
7.368904352188110352e-01 -1.761736273765563965e-01 -5.632421970367431641e-01 1.000000000000000000e+00
1.756060421466827393e-01 -1.819609999656677246e-01 -1.045299530029296875e+00 1.000000000000000000e+00
1.377362310886383057e-01 -3.618074208498001099e-02 -1.076932787895202637e+00 1.000000000000000000e+00
1.052110567688941956e-01 8.471562713384628296e-02 -1.111580610275268555e+00 1.000000000000000000e+00
7.155088335275650024e-02 2.046905308961868286e-01 -1.133200764656066895e+00 1.000000000000000000e+00
-1.091671437025070190e-01 1.685596555471420288e-01 -9.199395775794982910e-01 1.000000000000000000e+00
-5.568315461277961731e-02 2.228896915912628174e-01 -9.271357059478759766e-01 1.000000000000000000e+00
4.536088963504880667e-04 2.648721039295196533e-01 -9.234104156494140625e-01 1.000000000000000000e+00
6.845100224018096924e-02 2.626378238201141357e-01 -9.018993377685546875e-01 1.000000000000000000e+00
1.362067610025405884e-01 2.487964481115341187e-01 -8.688989877700805664e-01 0.000000000000000000e+00
-3.007209897041320801e-01 -3.538059294223785400e-01 -9.210608005523681641e-01 1.000000000000000000e+00
-1.969165503978729248e-01 -3.100326955318450928e-01 -1.001574039459228516e+00 1.000000000000000000e+00
-1.104765236377716064e-01 -2.812189161777496338e-01 -9.854896068572998047e-01 1.000000000000000000e+00
-3.588543087244033813e-02 -2.417567968368530273e-01 -9.276481866836547852e-01 1.000000000000000000e+00
-1.238852441310882568e-01 -2.424260675907135010e-01 -9.524533748626708984e-01 1.000000000000000000e+00
-2.177029401063919067e-01 -2.700411677360534668e-01 -9.620882272720336914e-01 1.000000000000000000e+00
3.154214620590209961e-01 -1.252898573875427246e-01 -8.581976890563964844e-01 1.000000000000000000e+00
4.139974713325500488e-01 -1.025884076952934265e-01 -8.762067556381225586e-01 1.000000000000000000e+00
4.999690651893615723e-01 -7.543243467807769775e-02 -8.547953963279724121e-01 1.000000000000000000e+00
5.727701783180236816e-01 -6.742146611213684082e-02 -7.391900420188903809e-01 1.000000000000000000e+00
4.782218635082244873e-01 -4.267324879765510559e-02 -8.187848329544067383e-01 1.000000000000000000e+00
3.902865946292877197e-01 -7.434606552124023438e-02 -8.477896451950073242e-01 1.000000000000000000e+00
-3.278992474079132080e-01 2.621732354164123535e-01 -7.213161587715148926e-01 1.000000000000000000e+00
-2.281655967235565186e-01 2.895461320877075195e-01 -8.268908858299255371e-01 1.000000000000000000e+00
-1.092857643961906433e-01 3.382638692855834961e-01 -8.702377676963806152e-01 1.000000000000000000e+00
-4.541325569152832031e-02 3.698024749755859375e-01 -8.614658117294311523e-01 1.000000000000000000e+00
2.336880378425121307e-02 3.810435533523559570e-01 -8.429353833198547363e-01 1.000000000000000000e+00
1.169561743736267090e-01 4.002510309219360352e-01 -7.549777030944824219e-01 1.000000000000000000e+00
1.694316715002059937e-01 4.118033051490783691e-01 -6.230874061584472656e-01 1.000000000000000000e+00
7.932130247354507446e-02 4.794925749301910400e-01 -6.979895830154418945e-01 1.000000000000000000e+00
-2.715735509991645813e-02 5.008143782615661621e-01 -7.764919400215148926e-01 1.000000000000000000e+00
-1.011228859424591064e-01 4.879510402679443359e-01 -7.938293814659118652e-01 1.000000000000000000e+00
-1.715497374534606934e-01 4.575253427028656006e-01 -8.009172081947326660e-01 1.000000000000000000e+00
-2.740887999534606934e-01 3.753590583801269531e-01 -7.648937702178955078e-01 1.000000000000000000e+00
-3.237345814704895020e-01 2.639020085334777832e-01 -7.176567316055297852e-01 1.000000000000000000e+00
-1.336086839437484741e-01 3.558295369148254395e-01 -7.922673225402832031e-01 0.000000000000000000e+00
-6.629569828510284424e-02 3.782395422458648682e-01 -7.816965579986572266e-01 0.000000000000000000e+00
4.394107600091956556e-05 3.991534113883972168e-01 -7.653126716613769531e-01 0.000000000000000000e+00
1.678411811590194702e-01 4.111434221267700195e-01 -6.238676309585571289e-01 1.000000000000000000e+00
-7.777416612952947617e-03 4.237396419048309326e-01 -7.636622786521911621e-01 1.000000000000000000e+00
-7.837083190679550171e-02 4.093670845031738281e-01 -7.886970043182373047e-01 1.000000000000000000e+00
-1.533104479312896729e-01 3.814838826656341553e-01 -7.895475625991821289e-01 1.000000000000000000e+00
