-6.740671396255493164e-01 -1.999265402555465698e-01
-6.487140059471130371e-01 -3.684910014271736145e-02
-5.811502337455749512e-01 1.309800297021865845e-01
-4.981376528739929199e-01 2.752292454242706299e-01
-4.061278700828552246e-01 4.071676731109619141e-01
-2.909598946571350098e-01 5.438913702964782715e-01
-1.553073227405548096e-01 6.761338710784912109e-01
3.139138966798782349e-02 7.883604168891906738e-01
1.911902725696563721e-01 8.002815842628479004e-01
3.520919680595397949e-01 7.099204063415527344e-01
4.972876906394958496e-01 5.644288659095764160e-01
5.898989439010620117e-01 3.868798017501831055e-01
6.693814396858215332e-01 2.015618979930877686e-01
7.110357284545898438e-01 6.827793549746274948e-03
7.287340760231018066e-01 -1.839827150106430054e-01
7.034733891487121582e-01 -3.927155137062072754e-01
6.838919520378112793e-01 -5.834621191024780273e-01
-6.906700730323791504e-01 -3.024452924728393555e-01
-7.042653560638427734e-01 -4.585600197315216064e-01
-6.169330477714538574e-01 -5.142037868499755859e-01
-4.878504872322082520e-01 -5.224576592445373535e-01
-3.577982187271118164e-01 -5.007421970367431641e-01
-1.799065917730331421e-01 -5.528414845466613770e-01
-6.826640665531158447e-02 -6.390048265457153320e-01
8.548615127801895142e-02 -7.023671865463256836e-01
2.653257250785827637e-01 -7.216614484786987305e-01
4.221384525299072266e-01 -6.060360074043273926e-01
-2.315220981836318970e-01 -3.702816069126129150e-01
-2.157682478427886963e-01 -2.445883601903915405e-01
-2.091451734304428101e-01 -1.416176557540893555e-01
-1.960011869668960571e-01 -4.115893691778182983e-02
-2.343798130750656128e-01 6.433495134115219116e-02
-1.758502125740051270e-01 7.610977441072463989e-02
-1.177348643541336060e-01 7.590335607528686523e-02
-5.871338769793510437e-02 4.532064869999885559e-02
1.533189933979883790e-04 2.797376364469528198e-03
-5.982874631881713867e-01 -2.389370352029800415e-01
-5.502687096595764160e-01 -2.911326587200164795e-01
-4.669176042079925537e-01 -3.093672692775726318e-01
-3.673951327800750732e-01 -2.922323048114776611e-01
-4.437994658946990967e-01 -2.473150789737701416e-01
-5.220133662223815918e-01 -2.208445966243743896e-01
-9.787758812308311462e-03 -3.848422467708587646e-01
5.197721719741821289e-02 -4.496953189373016357e-01
1.383055597543716431e-01 -4.794479906558990479e-01
2.614524960517883301e-01 -4.681590199470520020e-01
1.584813445806503296e-01 -3.991723060607910156e-01
7.287405431270599365e-02 -3.806571364402770996e-01
-1.919772922992706299e-01 3.705479800701141357e-01
-2.053809762001037598e-01 2.677635252475738525e-01
-1.382271051406860352e-01 2.177112996578216553e-01
-8.011613041162490845e-02 2.049989849328994751e-01
-1.709994301199913025e-02 1.862788051366806030e-01
1.127553135156631470e-01 1.871497333049774170e-01
2.543973028659820557e-01 2.573519945144653320e-01
2.229517400264739990e-01 4.065520465373992920e-01
1.316509991884231567e-01 4.845299720764160156e-01
6.372623145580291748e-02 5.139597058296203613e-01
-8.649416267871856689e-03 5.183785557746887207e-01
-1.076905578374862671e-01 4.878289699554443359e-01
-1.829199492931365967e-01 3.733520805835723877e-01
-9.779723733663558960e-02 2.577958106994628906e-01
-4.546484723687171936e-02 2.389844208955764771e-01
1.499263290315866470e-02 2.290058135986328125e-01
2.519573867321014404e-01 2.568488419055938721e-01
1.193463951349258423e-01 4.155721664428710938e-01
5.705858394503593445e-02 4.359836578369140625e-01
-6.657010875642299652e-03 4.458599090576171875e-01
