-6.469753384590148926e-01 -2.294999808073043823e-01 4.513221681118011475e-01 0.000000000000000000e+00
-5.641972422599792480e-01 -5.867534503340721130e-02 4.716020822525024414e-01 0.000000000000000000e+00
-4.663895964622497559e-01 1.320378035306930542e-01 4.825324118137359619e-01 0.000000000000000000e+00
-3.829343914985656738e-01 2.982773780822753906e-01 4.198360443115234375e-01 0.000000000000000000e+00
-3.113312721252441406e-01 4.611732065677642822e-01 3.024010360240936279e-01 0.000000000000000000e+00
-2.320939302444458008e-01 5.994914174079895020e-01 1.336712688207626343e-01 0.000000000000000000e+00
-1.067013069987297058e-01 7.150219678878784180e-01 1.534642744809389114e-02 1.000000000000000000e+00
4.172438383102416992e-02 7.878218889236450195e-01 -1.236538439989089966e-01 1.000000000000000000e+00
2.167411148548126221e-01 7.928215265274047852e-01 -1.721029430627822876e-01 1.000000000000000000e+00
3.518712818622589111e-01 7.103031873703002930e-01 -2.044514119625091553e-01 1.000000000000000000e+00
4.967293739318847656e-01 5.649880170822143555e-01 -1.538244187831878662e-01 1.000000000000000000e+00
5.897244215011596680e-01 3.886971771717071533e-01 -1.092670708894729614e-01 1.000000000000000000e+00
6.694948077201843262e-01 2.038436681032180786e-01 -1.075452775694429874e-03 1.000000000000000000e+00
7.110942006111145020e-01 9.634179994463920593e-03 7.215325534343719482e-02 1.000000000000000000e+00
7.309157252311706543e-01 -1.812193393707275391e-01 9.320901334285736084e-02 1.000000000000000000e+00
7.049261331558227539e-01 -3.933470249176025391e-01 4.761306568980216980e-02 1.000000000000000000e+00
6.852514743804931641e-01 -5.824464559555053711e-01 1.168377790600061417e-02 1.000000000000000000e+00
-6.906700730323791504e-01 -3.024452924728393555e-01 -1.941255852580070496e-02 1.000000000000000000e+00
-7.042653560638427734e-01 -4.585600197315216064e-01 -1.968520134687423706e-01 1.000000000000000000e+00
-6.169330477714538574e-01 -5.142037868499755859e-01 -3.656985759735107422e-01 1.000000000000000000e+00
-4.878504872322082520e-01 -5.224576592445373535e-01 -4.705426394939422607e-01 1.000000000000000000e+00
-3.577982187271118164e-01 -5.007421970367431641e-01 -5.255755782127380371e-01 1.000000000000000000e+00
-1.799065917730331421e-01 -5.528414845466613770e-01 -5.851126313209533691e-01 1.000000000000000000e+00
-6.826640665531158447e-02 -6.390048265457153320e-01 -6.113169789314270020e-01 1.000000000000000000e+00
8.548615127801895142e-02 -7.023671865463256836e-01 -5.977134704589843750e-01 1.000000000000000000e+00
2.653257250785827637e-01 -7.216614484786987305e-01 -5.099250674247741699e-01 1.000000000000000000e+00
4.221384525299072266e-01 -6.060360074043273926e-01 -3.788667023181915283e-01 1.000000000000000000e+00
-2.315220981836318970e-01 -3.702816069126129150e-01 -5.620630383491516113e-01 1.000000000000000000e+00
-2.157682478427886963e-01 -2.445883601903915405e-01 -6.195485591888427734e-01 1.000000000000000000e+00
-2.091451734304428101e-01 -1.416176557540893555e-01 -6.803837418556213379e-01 1.000000000000000000e+00
-1.960011869668960571e-01 -4.115893691778182983e-02 -7.231338024139404297e-01 1.000000000000000000e+00
-2.343798130750656128e-01 6.433495134115219116e-02 -4.976297020912170410e-01 1.000000000000000000e+00
-1.758502125740051270e-01 7.610977441072463989e-02 -5.394014120101928711e-01 1.000000000000000000e+00
-1.177348643541336060e-01 7.590335607528686523e-02 -5.726095438003540039e-01 1.000000000000000000e+00
-5.871338769793510437e-02 4.532064869999885559e-02 -5.784718394279479980e-01 1.000000000000000000e+00
1.533189933979883790e-04 2.797376364469528198e-03 -5.763194561004638672e-01 1.000000000000000000e+00
-5.982874631881713867e-01 -2.389370352029800415e-01 -2.321248352527618408e-01 1.000000000000000000e+00
-5.502687096595764160e-01 -2.911326587200164795e-01 -3.496570289134979248e-01 1.000000000000000000e+00
-4.669176042079925537e-01 -3.093672692775726318e-01 -3.821958601474761963e-01 1.000000000000000000e+00
-3.673951327800750732e-01 -2.922323048114776611e-01 -3.818682730197906494e-01 1.000000000000000000e+00
-4.437994658946990967e-01 -2.473150789737701416e-01 -3.681312799453735352e-01 1.000000000000000000e+00
-5.220133662223815918e-01 -2.208445966243743896e-01 -3.321966528892517090e-01 1.000000000000000000e+00
-9.787758812308311462e-03 -3.848422467708587646e-01 -5.046316981315612793e-01 1.000000000000000000e+00
5.197721719741821289e-02 -4.496953189373016357e-01 -5.587875843048095703e-01 1.000000000000000000e+00
1.383055597543716431e-01 -4.794479906558990479e-01 -5.814070701599121094e-01 1.000000000000000000e+00
2.614524960517883301e-01 -4.681590199470520020e-01 -5.201250910758972168e-01 1.000000000000000000e+00
1.584813445806503296e-01 -3.991723060607910156e-01 -5.614466071128845215e-01 1.000000000000000000e+00
7.287405431270599365e-02 -3.806571364402770996e-01 -5.423522591590881348e-01 1.000000000000000000e+00
-1.919772922992706299e-01 3.705479800701141357e-01 -2.830107212066650391e-01 1.000000000000000000e+00
-2.053809762001037598e-01 2.677635252475738525e-01 -4.364847242832183838e-01 1.000000000000000000e+00
-1.382271051406860352e-01 2.177112996578216553e-01 -5.413250327110290527e-01 1.000000000000000000e+00
-8.011613041162490845e-02 2.049989849328994751e-01 -5.701107978820800781e-01 1.000000000000000000e+00
-1.709994301199913025e-02 1.862788051366806030e-01 -5.814760923385620117e-01 1.000000000000000000e+00
1.127553135156631470e-01 1.871497333049774170e-01 -5.390576720237731934e-01 1.000000000000000000e+00
2.543973028659820557e-01 2.573519945144653320e-01 -4.155331552028656006e-01 1.000000000000000000e+00
2.229517400264739990e-01 4.065520465373992920e-01 -4.423457682132720947e-01 1.000000000000000000e+00
1.316509991884231567e-01 4.845299720764160156e-01 -4.702308773994445801e-01 1.000000000000000000e+00
6.372623145580291748e-02 5.139597058296203613e-01 -4.574824869632720947e-01 1.000000000000000000e+00
-8.649416267871856689e-03 5.183785557746887207e-01 -4.315501749515533447e-01 1.000000000000000000e+00
-1.076905578374862671e-01 4.878289699554443359e-01 -3.540890812873840332e-01 1.000000000000000000e+00
-1.829199492931365967e-01 3.733520805835723877e-01 -2.771566808223724365e-01 1.000000000000000000e+00
-9.779723733663558960e-02 2.577958106994628906e-01 -4.639248847961425781e-01 1.000000000000000000e+00
-4.546484723687171936e-02 2.389844208955764771e-01 -4.900359213352203369e-01 1.000000000000000000e+00
1.499263290315866470e-02 2.290058135986328125e-01 -5.004059076309204102e-01 0.000000000000000000e+00
2.519573867321014404e-01 2.568488419055938721e-01 -4.148631691932678223e-01 1.000000000000000000e+00
1.193463951349258423e-01 4.155721664428710938e-01 -4.275411665439605713e-01 1.000000000000000000e+00
5.705858394503593445e-02 4.359836578369140625e-01 -4.160591065883636475e-01 1.000000000000000000e+00
-6.657010875642299652e-03 4.458599090576171875e-01 -3.928444385528564453e-01 1.000000000000000000e+00
