-7.284435033798217773e-01 -1.677111238241195679e-01
-6.957064270973205566e-01 8.291921578347682953e-03
-6.169086694717407227e-01 1.704828441143035889e-01
-5.351710319519042969e-01 3.102500438690185547e-01
-4.509223699569702148e-01 4.496322870254516602e-01
-3.452859520912170410e-01 5.792460441589355469e-01
-2.097678780555725098e-01 6.718444228172302246e-01
-3.968768939375877380e-02 7.361495494842529297e-01
1.180548593401908875e-01 7.237454652786254883e-01
2.900669872760772705e-01 6.466348767280578613e-01
4.578974843025207520e-01 5.290665626525878906e-01
5.862559676170349121e-01 3.863238096237182617e-01
6.832037568092346191e-01 2.070009112358093262e-01
7.349673509597778320e-01 4.765061195939779282e-03
7.464052438735961914e-01 -1.939440071582794189e-01
7.130121588706970215e-01 -4.072018861770629883e-01
6.871448159217834473e-01 -6.051839590072631836e-01
-7.516004443168640137e-01 -2.712112069129943848e-01
-7.589896917343139648e-01 -4.313855171203613281e-01
-6.659847497940063477e-01 -4.794134497642517090e-01
-5.277297496795654297e-01 -4.853937327861785889e-01
-3.938124179840087891e-01 -4.687425494194030762e-01
-2.013493329286575317e-01 -5.217310786247253418e-01
-8.514668047428131104e-02 -6.064605116844177246e-01
7.546708732843399048e-02 -6.807828545570373535e-01
2.561458647251129150e-01 -7.078176140785217285e-01
4.262187778949737549e-01 -5.896123051643371582e-01
-2.572071254253387451e-01 -3.375926911830902100e-01
-2.376968562602996826e-01 -1.987804472446441650e-01
-2.301915735006332397e-01 -9.272829443216323853e-02
-2.163546681404113770e-01 1.510384306311607361e-02
-2.440702915191650391e-01 1.393100023269653320e-01
-1.901653110980987549e-01 1.480672806501388550e-01
-1.338353306055068970e-01 1.552096605300903320e-01
-7.694473117589950562e-02 1.197483018040657043e-01
-1.999275572597980499e-02 8.195850253105163574e-02
-6.421800255775451660e-01 -2.060111761093139648e-01
-5.933704376220703125e-01 -2.582359015941619873e-01
-5.040954947471618652e-01 -2.779818475246429443e-01
-4.003071486949920654e-01 -2.591550648212432861e-01
-4.739489555358886719e-01 -2.102210372686386108e-01
-5.611400604248046875e-01 -1.817661672830581665e-01
-1.935324445366859436e-02 -3.572586178779602051e-01
4.140176996588706970e-02 -4.266714155673980713e-01
1.343011409044265747e-01 -4.577123522758483887e-01
2.609731256961822510e-01 -4.458587169647216797e-01
1.595095247030258179e-01 -3.703088462352752686e-01
6.348239630460739136e-02 -3.493857085704803467e-01
-2.334508895874023438e-01 4.031342267990112305e-01
-2.116730213165283203e-01 3.635409474372863770e-01
-1.460917145013809204e-01 3.260138630867004395e-01
-9.184134751558303833e-02 3.187700808048248291e-01
-3.537609055638313293e-02 2.972548007965087891e-01
7.293250411748886108e-02 2.890568077564239502e-01
1.799636185169219971e-01 2.890032529830932617e-01
1.247994527220726013e-01 3.512163460254669189e-01
3.290617093443870544e-02 4.079377055168151855e-01
-2.739190682768821716e-02 4.315528273582458496e-01
-9.019470959901809692e-02 4.417919516563415527e-01
-1.733632385730743408e-01 4.338677823543548584e-01
-2.273771762847900391e-01 4.015688300132751465e-01
-1.127101257443428040e-01 3.810877501964569092e-01
-5.960837006568908691e-02 3.681256771087646484e-01
-3.272868925705552101e-03 3.527923822402954102e-01
1.776588261127471924e-01 2.896589040756225586e-01
1.493728067725896835e-02 3.353384137153625488e-01
-4.614935442805290222e-02 3.539827466011047363e-01
-1.047717034816741943e-01 3.695645034313201904e-01
