-7.176955342292785645e-01 -2.262691706418991089e-01 3.889201283454895020e-01 0.000000000000000000e+00
-6.299923658370971680e-01 -4.560718685388565063e-02 4.209699630737304688e-01 0.000000000000000000e+00
-5.283651947975158691e-01 1.561175137758255005e-01 4.423829913139343262e-01 0.000000000000000000e+00
-4.384222328662872314e-01 3.327502012252807617e-01 3.756240308284759521e-01 0.000000000000000000e+00
-3.575341701507568359e-01 4.999195635318756104e-01 2.343707978725433350e-01 0.000000000000000000e+00
-2.786740958690643311e-01 6.313768625259399414e-01 2.376723103225231171e-02 0.000000000000000000e+00
-1.555337160825729370e-01 7.008068561553955078e-01 -1.460755616426467896e-01 1.000000000000000000e+00
-2.438190393149852753e-02 7.394906878471374512e-01 -3.385456800460815430e-01 1.000000000000000000e+00
1.495532989501953125e-01 7.236527204513549805e-01 -4.036923646926879883e-01 1.000000000000000000e+00
2.899145781993865967e-01 6.471253633499145508e-01 -4.320403933525085449e-01 1.000000000000000000e+00
4.571519196033477783e-01 5.294639468193054199e-01 -3.331578671932220459e-01 1.000000000000000000e+00
5.858826637268066406e-01 3.879476189613342285e-01 -2.449951022863388062e-01 1.000000000000000000e+00
6.833572387695312500e-01 2.089116126298904419e-01 -9.129785001277923584e-02 1.000000000000000000e+00
7.351843118667602539e-01 7.829003967344760895e-03 6.836698390543460846e-03 1.000000000000000000e+00
7.489239573478698730e-01 -1.905222684144973755e-01 3.373010829091072083e-02 1.000000000000000000e+00
7.145583629608154297e-01 -4.078572690486907959e-01 -1.824351027607917786e-02 1.000000000000000000e+00
6.886460781097412109e-01 -6.042798161506652832e-01 -6.497228890657424927e-02 1.000000000000000000e+00
-7.516004443168640137e-01 -2.712112069129943848e-01 -1.122056916356086731e-01 1.000000000000000000e+00
-7.589896917343139648e-01 -4.313855171203613281e-01 -3.112255930900573730e-01 1.000000000000000000e+00
-6.659847497940063477e-01 -4.794134497642517090e-01 -4.883069396018981934e-01 1.000000000000000000e+00
-5.277297496795654297e-01 -4.853937327861785889e-01 -5.986022353172302246e-01 1.000000000000000000e+00
-3.938124179840087891e-01 -4.687425494194030762e-01 -6.515046358108520508e-01 1.000000000000000000e+00
-2.013493329286575317e-01 -5.217310786247253418e-01 -7.144923806190490723e-01 1.000000000000000000e+00
-8.514668047428131104e-02 -6.064605116844177246e-01 -7.422370910644531250e-01 1.000000000000000000e+00
7.546708732843399048e-02 -6.807828545570373535e-01 -7.246674299240112305e-01 1.000000000000000000e+00
2.561458647251129150e-01 -7.078176140785217285e-01 -6.311897039413452148e-01 1.000000000000000000e+00
4.262187778949737549e-01 -5.896123051643371582e-01 -4.858464002609252930e-01 1.000000000000000000e+00
-2.572071254253387451e-01 -3.375926911830902100e-01 -6.839966773986816406e-01 1.000000000000000000e+00
-2.376968562602996826e-01 -1.987804472446441650e-01 -7.444730401039123535e-01 1.000000000000000000e+00
-2.301915735006332397e-01 -9.272829443216323853e-02 -8.050281405448913574e-01 1.000000000000000000e+00
-2.163546681404113770e-01 1.510384306311607361e-02 -8.489273786544799805e-01 1.000000000000000000e+00
-2.440702915191650391e-01 1.393100023269653320e-01 -6.134567856788635254e-01 1.000000000000000000e+00
-1.901653110980987549e-01 1.480672806501388550e-01 -6.572401523590087891e-01 1.000000000000000000e+00
-1.338353306055068970e-01 1.552096605300903320e-01 -6.938271522521972656e-01 1.000000000000000000e+00
-7.694473117589950562e-02 1.197483018040657043e-01 -6.952063441276550293e-01 1.000000000000000000e+00
-1.999275572597980499e-02 8.195850253105163574e-02 -6.876295208930969238e-01 1.000000000000000000e+00
-6.421800255775451660e-01 -2.060111761093139648e-01 -3.283172845840454102e-01 1.000000000000000000e+00
-5.933704376220703125e-01 -2.582359015941619873e-01 -4.528272151947021484e-01 1.000000000000000000e+00
-5.040954947471618652e-01 -2.779818475246429443e-01 -4.875146746635437012e-01 1.000000000000000000e+00
-4.003071486949920654e-01 -2.591550648212432861e-01 -4.815345704555511475e-01 1.000000000000000000e+00
-4.739489555358886719e-01 -2.102210372686386108e-01 -4.660526812076568604e-01 1.000000000000000000e+00
-5.611400604248046875e-01 -1.817661672830581665e-01 -4.267693459987640381e-01 1.000000000000000000e+00
-1.935324445366859436e-02 -3.572586178779602051e-01 -6.085404753684997559e-01 1.000000000000000000e+00
4.140176996588706970e-02 -4.266714155673980713e-01 -6.693210005760192871e-01 1.000000000000000000e+00
1.343011409044265747e-01 -4.577123522758483887e-01 -6.919973492622375488e-01 1.000000000000000000e+00
2.609731256961822510e-01 -4.458587169647216797e-01 -6.207328438758850098e-01 1.000000000000000000e+00
1.595095247030258179e-01 -3.703088462352752686e-01 -6.598564982414245605e-01 1.000000000000000000e+00
6.348239630460739136e-02 -3.493857085704803467e-01 -6.415118575096130371e-01 1.000000000000000000e+00
-2.334508895874023438e-01 4.031342267990112305e-01 -4.877672791481018066e-01 1.000000000000000000e+00
-2.116730213165283203e-01 3.635409474372863770e-01 -5.996044874191284180e-01 1.000000000000000000e+00
-1.460917145013809204e-01 3.260138630867004395e-01 -6.783757209777832031e-01 1.000000000000000000e+00
-9.184134751558303833e-02 3.187700808048248291e-01 -7.038002610206604004e-01 1.000000000000000000e+00
-3.537609055638313293e-02 2.972548007965087891e-01 -7.151173353195190430e-01 1.000000000000000000e+00
7.293250411748886108e-02 2.890568077564239502e-01 -6.907705664634704590e-01 1.000000000000000000e+00
1.799636185169219971e-01 2.890032529830932617e-01 -6.175136566162109375e-01 1.000000000000000000e+00
1.247994527220726013e-01 3.512163460254669189e-01 -6.570708155632019043e-01 1.000000000000000000e+00
3.290617093443870544e-02 4.079377055168151855e-01 -6.819295287132263184e-01 1.000000000000000000e+00
-2.739190682768821716e-02 4.315528273582458496e-01 -6.668843030929565430e-01 1.000000000000000000e+00
-9.019470959901809692e-02 4.417919516563415527e-01 -6.416252851486206055e-01 1.000000000000000000e+00
-1.733632385730743408e-01 4.338677823543548584e-01 -5.666036009788513184e-01 1.000000000000000000e+00
-2.273771762847900391e-01 4.015688300132751465e-01 -4.873971641063690186e-01 1.000000000000000000e+00
-1.127101257443428040e-01 3.810877501964569092e-01 -6.226556301116943359e-01 1.000000000000000000e+00
-5.960837006568908691e-02 3.681256771087646484e-01 -6.458737254142761230e-01 1.000000000000000000e+00
-3.272868925705552101e-03 3.527923822402954102e-01 -6.563326120376586914e-01 1.000000000000000000e+00
1.776588261127471924e-01 2.896589040756225586e-01 -6.170384287834167480e-01 1.000000000000000000e+00
1.493728067725896835e-02 3.353384137153625488e-01 -6.704190373420715332e-01 1.000000000000000000e+00
-4.614935442805290222e-02 3.539827466011047363e-01 -6.569056510925292969e-01 1.000000000000000000e+00
-1.047717034816741943e-01 3.695645034313201904e-01 -6.328994035720825195e-01 1.000000000000000000e+00
