-7.007887959480285645e-01 -1.973407715559005737e-01
-6.787963509559631348e-01 -3.702923282980918884e-02
-6.206015348434448242e-01 1.208140924572944641e-01
-5.435432791709899902e-01 2.610730230808258057e-01
-4.599243104457855225e-01 3.962527215480804443e-01
-3.478807508945465088e-01 5.273332595825195312e-01
-2.103102058172225952e-01 6.398555636405944824e-01
-4.042197391390800476e-02 7.312676906585693359e-01
1.149232909083366394e-01 7.342942357063293457e-01
2.861915826797485352e-01 6.614263057708740234e-01
4.563432633876800537e-01 5.374367833137512207e-01
5.834485292434692383e-01 3.875020146369934082e-01
6.815932393074035645e-01 2.072840034961700439e-01
7.355965375900268555e-01 7.986537180840969086e-03
7.574795484542846680e-01 -1.884937733411788940e-01
7.284739613533020020e-01 -4.024427533149719238e-01
7.069643735885620117e-01 -5.942687392234802246e-01
-7.206411957740783691e-01 -2.974038124084472656e-01
-7.299488782882690430e-01 -4.435683190822601318e-01
-6.411063671112060547e-01 -4.848577082157135010e-01
-5.072565078735351562e-01 -4.852964282035827637e-01
-3.763372302055358887e-01 -4.625748097896575928e-01
-1.911945939064025879e-01 -5.101153850555419922e-01
-7.548655569553375244e-02 -5.917451381683349609e-01
8.411206305027008057e-02 -6.584957838058471680e-01
2.671549916267395020e-01 -6.837786436080932617e-01
4.352011382579803467e-01 -5.756102204322814941e-01
-2.499034404754638672e-01 -3.316974937915802002e-01
-2.356312125921249390e-01 -1.986572891473770142e-01
-2.317617684602737427e-01 -9.228247404098510742e-02
-2.204778194427490234e-01 1.389722339808940887e-02
-2.594866156578063965e-01 1.039831414818763733e-01
-1.992042511701583862e-01 1.201182231307029724e-01
-1.373953670263290405e-01 1.257048994302749634e-01
-7.546411454677581787e-02 9.098323434591293335e-02
-1.318085845559835434e-02 4.679023474454879761e-02
-6.230745911598205566e-01 -2.237085551023483276e-01
-5.760741233825683594e-01 -2.672276198863983154e-01
-4.900268018245697021e-01 -2.832981646060943604e-01
-3.879184722900390625e-01 -2.653345763683319092e-01
-4.637567102909088135e-01 -2.206722348928451538e-01
-5.478770136833190918e-01 -1.966164261102676392e-01
-1.432935521006584167e-02 -3.501545488834381104e-01
4.655460268259048462e-02 -4.125448465347290039e-01
1.365220993757247925e-01 -4.408121705055236816e-01
2.631117701530456543e-01 -4.328562319278717041e-01
1.592005193233489990e-01 -3.601704239845275879e-01
6.703316420316696167e-02 -3.419004976749420166e-01
-2.492169290781021118e-01 3.303209543228149414e-01
-2.351202368736267090e-01 2.877896428108215332e-01
-1.588387936353683472e-01 2.603484690189361572e-01
-9.710581600666046143e-02 2.529358863830566406e-01
-3.268384560942649841e-02 2.306360453367233276e-01
9.373555332422256470e-02 2.122108191251754761e-01
2.226980775594711304e-01 2.241722196340560913e-01
1.629801839590072632e-01 3.321610689163208008e-01
5.787938460707664490e-02 3.974581062793731689e-01
-1.162061467766761780e-02 4.207089841365814209e-01
-8.155335485935211182e-02 4.271859824657440186e-01
-1.772303283214569092e-01 4.060273170471191406e-01
-2.422203868627548218e-01 3.306331038475036621e-01
-1.246712505817413330e-01 2.980182468891143799e-01
-6.489969789981842041e-02 2.821867167949676514e-01
-9.770204778760671616e-04 2.688367068767547607e-01
2.204108089208602905e-01 2.241375297307968140e-01
4.917982965707778931e-02 3.239496350288391113e-01
-1.999672688543796539e-02 3.425851464271545410e-01
-8.678958564996719360e-02 3.534511327743530273e-01
