-6.721655130386352539e-01 -2.687076032161712646e-01 3.829314112663269043e-01 0.000000000000000000e+00
-5.893204808235168457e-01 -9.267828613519668579e-02 4.160923659801483154e-01 0.000000000000000000e+00
-4.927081763744354248e-01 1.041484177112579346e-01 4.394626021385192871e-01 0.000000000000000000e+00
-4.117681086063385010e-01 2.800474762916564941e-01 3.789340257644653320e-01 0.000000000000000000e+00
-3.441844284534454346e-01 4.500672817230224609e-01 2.496353387832641602e-01 0.000000000000000000e+00
-2.767773270606994629e-01 5.872904658317565918e-01 5.417477339506149292e-02 0.000000000000000000e+00
-1.581486314535140991e-01 6.760122179985046387e-01 -1.020158976316452026e-01 1.000000000000000000e+00
-2.617807127535343170e-02 7.332380414009094238e-01 -2.847279012203216553e-01 1.000000000000000000e+00
1.447699368000030518e-01 7.321512103080749512e-01 -3.478165566921234131e-01 1.000000000000000000e+00
2.861915826797485352e-01 6.614263057708740234e-01 -3.774669170379638672e-01 1.000000000000000000e+00
4.563432633876800537e-01 5.374367833137512207e-01 -2.964648902416229248e-01 1.000000000000000000e+00
5.834485292434692383e-01 3.875020146369934082e-01 -2.296967953443527222e-01 1.000000000000000000e+00
6.815932393074035645e-01 2.072840034961700439e-01 -1.004007235169410706e-01 1.000000000000000000e+00
7.355965375900268555e-01 7.986537180840969086e-03 -1.984763517975807190e-02 1.000000000000000000e+00
7.574795484542846680e-01 -1.884937733411788940e-01 -3.165068104863166809e-03 1.000000000000000000e+00
7.284739613533020020e-01 -4.024427533149719238e-01 -6.201975047588348389e-02 1.000000000000000000e+00
7.069643735885620117e-01 -5.942687392234802246e-01 -1.126708239316940308e-01 1.000000000000000000e+00
-7.206411957740783691e-01 -2.974038124084472656e-01 -1.095106601715087891e-01 1.000000000000000000e+00
-7.299488782882690430e-01 -4.435683190822601318e-01 -3.061919510364532471e-01 1.000000000000000000e+00
-6.411063671112060547e-01 -4.848577082157135010e-01 -4.831996560096740723e-01 1.000000000000000000e+00
-5.072565078735351562e-01 -4.852964282035827637e-01 -5.933315753936767578e-01 1.000000000000000000e+00
-3.763372302055358887e-01 -4.625748097896575928e-01 -6.495555043220520020e-01 1.000000000000000000e+00
-1.911945939064025879e-01 -5.101153850555419922e-01 -7.174530625343322754e-01 1.000000000000000000e+00
-7.548655569553375244e-02 -5.917451381683349609e-01 -7.506986856460571289e-01 1.000000000000000000e+00
8.411206305027008057e-02 -6.584957838058471680e-01 -7.433581948280334473e-01 1.000000000000000000e+00
2.671549916267395020e-01 -6.837786436080932617e-01 -6.590845584869384766e-01 1.000000000000000000e+00
4.352011382579803467e-01 -5.756102204322814941e-01 -5.190183520317077637e-01 1.000000000000000000e+00
-2.499034404754638672e-01 -3.316974937915802002e-01 -6.832915544509887695e-01 1.000000000000000000e+00
-2.356312125921249390e-01 -1.986572891473770142e-01 -7.360854148864746094e-01 1.000000000000000000e+00
-2.317617684602737427e-01 -9.228247404098510742e-02 -7.917091846466064453e-01 1.000000000000000000e+00
-2.204778194427490234e-01 1.389722339808940887e-02 -8.308437466621398926e-01 1.000000000000000000e+00
-2.594866156578063965e-01 1.039831414818763733e-01 -5.845125913619995117e-01 1.000000000000000000e+00
-1.992042511701583862e-01 1.201182231307029724e-01 -6.289292573928833008e-01 1.000000000000000000e+00
-1.373953670263290405e-01 1.257048994302749634e-01 -6.639385819435119629e-01 1.000000000000000000e+00
-7.546411454677581787e-02 9.098323434591293335e-02 -6.735981702804565430e-01 1.000000000000000000e+00
-1.318085845559835434e-02 4.679023474454879761e-02 -6.735857129096984863e-01 1.000000000000000000e+00
-6.230745911598205566e-01 -2.237085551023483276e-01 -3.238731026649475098e-01 1.000000000000000000e+00
-5.760741233825683594e-01 -2.672276198863983154e-01 -4.488049745559692383e-01 1.000000000000000000e+00
-4.900268018245697021e-01 -2.832981646060943604e-01 -4.851577281951904297e-01 1.000000000000000000e+00
-3.879184722900390625e-01 -2.653345763683319092e-01 -4.826622009277343750e-01 1.000000000000000000e+00
-4.637567102909088135e-01 -2.206722348928451538e-01 -4.646970331668853760e-01 1.000000000000000000e+00
-5.478770136833190918e-01 -1.966164261102676392e-01 -4.239572286605834961e-01 1.000000000000000000e+00
-1.432935521006584167e-02 -3.501545488834381104e-01 -6.215112209320068359e-01 1.000000000000000000e+00
4.655460268259048462e-02 -4.125448465347290039e-01 -6.843112111091613770e-01 1.000000000000000000e+00
1.365220993757247925e-01 -4.408121705055236816e-01 -7.101520299911499023e-01 1.000000000000000000e+00
2.631117701530456543e-01 -4.328562319278717041e-01 -6.453202962875366211e-01 1.000000000000000000e+00
1.592005193233489990e-01 -3.601704239845275879e-01 -6.809195876121520996e-01 1.000000000000000000e+00
6.703316420316696167e-02 -3.419004976749420166e-01 -6.586611866950988770e-01 1.000000000000000000e+00
-2.492169290781021118e-01 3.303209543228149414e-01 -3.847836554050445557e-01 1.000000000000000000e+00
-2.351202368736267090e-01 2.877896428108215332e-01 -5.148575305938720703e-01 1.000000000000000000e+00
-1.588387936353683472e-01 2.603484690189361572e-01 -6.145746111869812012e-01 1.000000000000000000e+00
-9.710581600666046143e-02 2.529358863830566406e-01 -6.444731354713439941e-01 1.000000000000000000e+00
-3.268384560942649841e-02 2.306360453367233276e-01 -6.603636741638183594e-01 1.000000000000000000e+00
9.373555332422256470e-02 2.122108191251754761e-01 -6.312236785888671875e-01 1.000000000000000000e+00
2.226980775594711304e-01 2.241722196340560913e-01 -5.383037328720092773e-01 1.000000000000000000e+00
1.629801839590072632e-01 3.321610689163208008e-01 -5.817747712135314941e-01 1.000000000000000000e+00
5.787938460707664490e-02 3.974581062793731689e-01 -6.145529747009277344e-01 1.000000000000000000e+00
-1.162061467766761780e-02 4.207089841365814209e-01 -6.001144051551818848e-01 1.000000000000000000e+00
-8.155335485935211182e-02 4.271859824657440186e-01 -5.707894563674926758e-01 1.000000000000000000e+00
-1.772303283214569092e-01 4.060273170471191406e-01 -4.797756075859069824e-01 1.000000000000000000e+00
-2.422203868627548218e-01 3.306331038475036621e-01 -3.835020065307617188e-01 1.000000000000000000e+00
-1.246712505817413330e-01 2.980182468891143799e-01 -5.469285249710083008e-01 0.000000000000000000e+00
-6.489969789981842041e-02 2.821867167949676514e-01 -5.728331804275512695e-01 1.000000000000000000e+00
-9.770204778760671616e-04 2.688367068767547607e-01 -5.913252234458923340e-01 0.000000000000000000e+00
2.204108089208602905e-01 2.241375297307968140e-01 -5.381290912628173828e-01 1.000000000000000000e+00
4.917982965707778931e-02 3.239496350288391113e-01 -5.860567092895507812e-01 1.000000000000000000e+00
-1.999672688543796539e-02 3.425851464271545410e-01 -5.761104822158813477e-01 1.000000000000000000e+00
-8.678958564996719360e-02 3.534511327743530273e-01 -5.437945723533630371e-01 1.000000000000000000e+00
