-5.469531416893005371e-01 -6.190032958984375000e-01
-6.294026374816894531e-01 -4.333841800689697266e-01
-6.799711585044860840e-01 -2.593602538108825684e-01
-7.208548784255981445e-01 -1.184529066085815430e-01
-7.523170709609985352e-01 4.668415710330009460e-02
-7.488744854927062988e-01 2.208068221807479858e-01
-6.931365132331848145e-01 4.066942632198333740e-01
-5.887456536293029785e-01 5.916602611541748047e-01
-4.555211365222930908e-01 6.980750560760498047e-01
-2.791720032691955566e-01 7.396802902221679688e-01
-6.018033251166343689e-02 7.312506437301635742e-01
1.389081329107284546e-01 6.776374578475952148e-01
3.033963441848754883e-01 5.759192705154418945e-01
4.584403634071350098e-01 4.328849017620086670e-01
5.727035403251647949e-01 2.872265875339508057e-01
6.826381087303161621e-01 1.254856288433074951e-01
7.834464907646179199e-01 -3.154931962490081787e-02
-4.782012701034545898e-01 -6.419876813888549805e-01
-3.664935231208801270e-01 -7.185360789299011230e-01
-2.500503957271575928e-01 -6.581421494483947754e-01
-1.338391453027725220e-01 -5.572788715362548828e-01
-4.015759378671646118e-02 -4.546177089214324951e-01
1.354438513517379761e-01 -3.687256872653961182e-01
2.742430269718170166e-01 -3.523119986057281494e-01
4.347343146800994873e-01 -3.091922700405120850e-01
5.802651643753051758e-01 -2.399601340293884277e-01
6.265315413475036621e-01 -8.809423446655273438e-02
-2.231690101325511932e-02 -2.720983028411865234e-01
-9.044659137725830078e-02 -1.441149562597274780e-01
-1.494116485118865967e-01 -4.170622304081916809e-02
-2.058695852756500244e-01 6.254243850708007812e-02
-3.234544098377227783e-01 4.827875271439552307e-02
-2.808535993099212646e-01 1.079726591706275940e-01
-2.309289574623107910e-01 1.575438380241394043e-01
-1.581760346889495850e-01 1.697953939437866211e-01
-7.971244305372238159e-02 1.732887029647827148e-01
-4.177820980548858643e-01 -4.621783792972564697e-01
-3.486523032188415527e-01 -4.192921519279479980e-01
-2.690274119377136230e-01 -3.800775706768035889e-01
-1.880087554454803467e-01 -3.269695639610290527e-01
-2.782056927680969238e-01 -3.441290557384490967e-01
-3.646132647991180420e-01 -3.832319676876068115e-01
1.481729745864868164e-01 -1.545123457908630371e-01
2.307231575250625610e-01 -1.188860088586807251e-01
3.105134367942810059e-01 -7.761368155479431152e-02
4.094443619251251221e-01 -4.115368425846099854e-02
2.978163063526153564e-01 -4.665279760956764221e-02
2.134433686733245850e-01 -9.424568712711334229e-02
-4.983507990837097168e-01 1.620513647794723511e-01
-4.324181079864501953e-01 1.757050901651382446e-01
-3.370499610900878906e-01 2.286795526742935181e-01
-2.782710790634155273e-01 2.695478796958923340e-01
-2.088862061500549316e-01 2.931250631809234619e-01
-1.001131609082221985e-01 3.424794077873229980e-01
-2.390421181917190552e-02 3.910607993602752686e-01
-1.456326097249984741e-01 4.358192682266235352e-01
-2.724402844905853271e-01 4.273424744606018066e-01
-3.462308645248413086e-01 4.011677205562591553e-01
-4.105060398578643799e-01 3.605575859546661377e-01
-4.845340251922607422e-01 2.737094163894653320e-01
-4.940444827079772949e-01 1.652464419603347778e-01
-3.427310287952423096e-01 2.592061161994934082e-01
-2.786685824394226074e-01 2.913070619106292725e-01
-2.147444039583206177e-01 3.240616321563720703e-01
-2.538772299885749817e-02 3.900741338729858398e-01
-2.365064471960067749e-01 3.568081259727478027e-01
-3.078500330448150635e-01 3.284406960010528564e-01
-3.750094771385192871e-01 2.914799451828002930e-01
