-5.218700170516967773e-01 -7.013016343116760254e-01 -1.208950858563184738e-02 1.000000000000000000e+00
-5.797035098075866699e-01 -5.215705633163452148e-01 5.888846889138221741e-02 1.000000000000000000e+00
-6.369403600692749023e-01 -3.128858506679534912e-01 1.261472702026367188e-01 0.000000000000000000e+00
-6.838716864585876465e-01 -1.133909747004508972e-01 1.036249175667762756e-01 0.000000000000000000e+00
-7.194647789001464844e-01 8.924375474452972412e-02 3.994291182607412338e-03 0.000000000000000000e+00
-7.308175563812255859e-01 2.794331908226013184e-01 -1.642072200775146484e-01 0.000000000000000000e+00
-6.724761724472045898e-01 4.464988112449645996e-01 -2.991606593132019043e-01 1.000000000000000000e+00
-5.816262364387512207e-01 5.976365208625793457e-01 -4.639101028442382812e-01 1.000000000000000000e+00
-4.381753504276275635e-01 7.068213820457458496e-01 -5.020691156387329102e-01 1.000000000000000000e+00
-2.802742123603820801e-01 7.399386763572692871e-01 -5.095305442810058594e-01 1.000000000000000000e+00
-7.216580212116241455e-02 7.349552512168884277e-01 -3.914978504180908203e-01 1.000000000000000000e+00
1.164482161402702332e-01 6.876384019851684570e-01 -2.952023446559906006e-01 1.000000000000000000e+00
2.918306887149810791e-01 5.830804705619812012e-01 -1.514062732458114624e-01 1.000000000000000000e+00
4.498222768306732178e-01 4.468025267124176025e-01 -6.950972229242324829e-02 1.000000000000000000e+00
5.823041200637817383e-01 3.008670210838317871e-01 -6.253596395254135132e-02 1.000000000000000000e+00
6.974499821662902832e-01 1.251125335693359375e-01 -1.429597586393356323e-01 1.000000000000000000e+00
8.014300465583801270e-01 -3.212390840053558350e-02 -2.139699608087539673e-01 1.000000000000000000e+00
-4.782012701034545898e-01 -6.419876813888549805e-01 -5.078431367874145508e-01 1.000000000000000000e+00
-3.664935231208801270e-01 -7.185360789299011230e-01 -7.168658375740051270e-01 1.000000000000000000e+00
-2.500503957271575928e-01 -6.581421494483947754e-01 -8.711229562759399414e-01 1.000000000000000000e+00
-1.338391453027725220e-01 -5.572788715362548828e-01 -9.482417106628417969e-01 1.000000000000000000e+00
-4.015759378671646118e-02 -4.546177089214324951e-01 -9.694952368736267090e-01 1.000000000000000000e+00
1.354438513517379761e-01 -3.687256872653961182e-01 -9.968796968460083008e-01 1.000000000000000000e+00
2.742430269718170166e-01 -3.523119986057281494e-01 -1.010766744613647461e+00 1.000000000000000000e+00
4.347343146800994873e-01 -3.091922700405120850e-01 -9.741388559341430664e-01 1.000000000000000000e+00
5.802651643753051758e-01 -2.399601340293884277e-01 -8.533870577812194824e-01 1.000000000000000000e+00
6.265315413475036621e-01 -8.809423446655273438e-02 -6.687775254249572754e-01 1.000000000000000000e+00
-2.231690101325511932e-02 -2.720983028411865234e-01 -9.661616086959838867e-01 1.000000000000000000e+00
-9.044659137725830078e-02 -1.441149562597274780e-01 -1.013667583465576172e+00 1.000000000000000000e+00
-1.494116485118865967e-01 -4.170622304081916809e-02 -1.061609625816345215e+00 1.000000000000000000e+00
-2.058695852756500244e-01 6.254243850708007812e-02 -1.093761444091796875e+00 1.000000000000000000e+00
-3.234544098377227783e-01 4.827875271439552307e-02 -8.366152644157409668e-01 1.000000000000000000e+00
-2.808535993099212646e-01 1.079726591706275940e-01 -8.676819801330566406e-01 1.000000000000000000e+00
-2.309289574623107910e-01 1.575438380241394043e-01 -8.869661092758178711e-01 1.000000000000000000e+00
-1.581760346889495850e-01 1.697953939437866211e-01 -8.863462805747985840e-01 1.000000000000000000e+00
-7.971244305372238159e-02 1.732887029647827148e-01 -8.730877637863159180e-01 1.000000000000000000e+00
-4.177820980548858643e-01 -4.621783792972564697e-01 -6.858442425727844238e-01 1.000000000000000000e+00
-3.486523032188415527e-01 -4.192921519279479980e-01 -7.945539355278015137e-01 1.000000000000000000e+00
-2.690274119377136230e-01 -3.800775706768035889e-01 -8.087860345840454102e-01 1.000000000000000000e+00
-1.880087554454803467e-01 -3.269695639610290527e-01 -7.864392995834350586e-01 1.000000000000000000e+00
-2.782056927680969238e-01 -3.441290557384490967e-01 -7.864862680435180664e-01 1.000000000000000000e+00
-3.646132647991180420e-01 -3.832319676876068115e-01 -7.644228339195251465e-01 1.000000000000000000e+00
1.481729745864868164e-01 -1.545123457908630371e-01 -8.407145142555236816e-01 1.000000000000000000e+00
2.307231575250625610e-01 -1.188860088586807251e-01 -8.853487968444824219e-01 1.000000000000000000e+00
3.105134367942810059e-01 -7.761368155479431152e-02 -8.928381800651550293e-01 1.000000000000000000e+00
4.094443619251251221e-01 -4.115368425846099854e-02 -8.097990155220031738e-01 1.000000000000000000e+00
2.978163063526153564e-01 -4.665279760956764221e-02 -8.649786710739135742e-01 1.000000000000000000e+00
2.134433686733245850e-01 -9.424568712711334229e-02 -8.621352314949035645e-01 1.000000000000000000e+00
-4.983507990837097168e-01 1.620513647794723511e-01 -6.001967191696166992e-01 1.000000000000000000e+00
-4.324181079864501953e-01 1.757050901651382446e-01 -7.346264123916625977e-01 1.000000000000000000e+00
-3.370499610900878906e-01 2.286795526742935181e-01 -8.193473815917968750e-01 1.000000000000000000e+00
-2.782710790634155273e-01 2.695478796958923340e-01 -8.348222374916076660e-01 1.000000000000000000e+00
-2.088862061500549316e-01 2.931250631809234619e-01 -8.388152122497558594e-01 1.000000000000000000e+00
-1.001131609082221985e-01 3.424794077873229980e-01 -7.837175726890563965e-01 1.000000000000000000e+00
-2.390421181917190552e-02 3.910607993602752686e-01 -6.723356246948242188e-01 1.000000000000000000e+00
-1.456326097249984741e-01 4.358192682266235352e-01 -7.299176454544067383e-01 1.000000000000000000e+00
-2.724402844905853271e-01 4.273424744606018066e-01 -7.782946825027465820e-01 1.000000000000000000e+00
-3.462308645248413086e-01 4.011677205562591553e-01 -7.712535262107849121e-01 1.000000000000000000e+00
-4.105060398578643799e-01 3.605575859546661377e-01 -7.528585791587829590e-01 1.000000000000000000e+00
-4.845340251922607422e-01 2.737094163894653320e-01 -6.763470768928527832e-01 1.000000000000000000e+00
-4.940444827079772949e-01 1.652464419603347778e-01 -5.980095863342285156e-01 1.000000000000000000e+00
-3.427310287952423096e-01 2.592061161994934082e-01 -7.395807504653930664e-01 0.000000000000000000e+00
-2.786685824394226074e-01 2.913070619106292725e-01 -7.522587776184082031e-01 0.000000000000000000e+00
-2.147444039583206177e-01 3.240616321563720703e-01 -7.598552703857421875e-01 0.000000000000000000e+00
-2.538772299885749817e-02 3.900741338729858398e-01 -6.726596355438232422e-01 1.000000000000000000e+00
-2.365064471960067749e-01 3.568081259727478027e-01 -7.531150579452514648e-01 1.000000000000000000e+00
-3.078500330448150635e-01 3.284406960010528564e-01 -7.549133896827697754e-01 1.000000000000000000e+00
-3.750094771385192871e-01 2.914799451828002930e-01 -7.298425436019897461e-01 1.000000000000000000e+00
