-6.785846948623657227e-01 -2.356852293014526367e-01
-6.604924201965332031e-01 -7.462026923894882202e-02
-6.014335751533508301e-01 9.381867945194244385e-02
-5.223271250724792480e-01 2.429615855216979980e-01
-4.350005984306335449e-01 3.798329830169677734e-01
-3.218371570110321045e-01 5.216265320777893066e-01
-1.892151832580566406e-01 6.624764800071716309e-01
-4.090550821274518967e-03 7.829270958900451660e-01
1.566844731569290161e-01 7.992302775382995605e-01
3.217259049415588379e-01 7.121204733848571777e-01
4.721588790416717529e-01 5.690962076187133789e-01
5.698063373565673828e-01 3.923236727714538574e-01
6.572803854942321777e-01 2.103491574525833130e-01
7.060248255729675293e-01 1.912042126059532166e-02
7.282451391220092773e-01 -1.687120497226715088e-01
7.075434923171997070e-01 -3.798892498016357422e-01
6.924620866775512695e-01 -5.697462558746337891e-01
-6.914864778518676758e-01 -3.375053107738494873e-01
-6.990644335746765137e-01 -4.915263950824737549e-01
-6.097859144210815430e-01 -5.443753600120544434e-01
-4.819568693637847900e-01 -5.502358675003051758e-01
-3.536598980426788330e-01 -5.263463258743286133e-01
-1.765334010124206543e-01 -5.718668103218078613e-01
-6.265619397163391113e-02 -6.517595648765563965e-01
9.227686375379562378e-02 -7.077602148056030273e-01
2.737391591072082520e-01 -7.214497327804565430e-01
4.274896681308746338e-01 -6.041104793548583984e-01
-2.345210611820220947e-01 -3.970303535461425781e-01
-2.245724648237228394e-01 -2.746520638465881348e-01
-2.226371914148330688e-01 -1.731989085674285889e-01
-2.135269045829772949e-01 -7.357806712388992310e-02
-2.582709491252899170e-01 3.052429296076297760e-02
-1.982706636190414429e-01 4.387594386935234070e-02
-1.384296566247940063e-01 4.441288113594055176e-02
-7.673723250627517700e-02 1.595654152333736420e-02
-1.427186653017997742e-02 -2.516424469649791718e-02
-6.030619740486145020e-01 -2.776907086372375488e-01
-5.547978281974792480e-01 -3.306105732917785645e-01
-4.706075489521026611e-01 -3.459576070308685303e-01
-3.713447451591491699e-01 -3.241124153137207031e-01
-4.493685364723205566e-01 -2.818082571029663086e-01
-5.275523066520690918e-01 -2.582037448883056641e-01
-1.184478681534528732e-02 -4.051381051540374756e-01
5.129704996943473816e-02 -4.680002927780151367e-01
1.383222341537475586e-01 -4.947637319564819336e-01
2.611917555332183838e-01 -4.780284762382507324e-01
1.553082615137100220e-01 -4.137896001338958740e-01
7.028387486934661865e-02 -3.982772827148437500e-01
-2.205787450075149536e-01 3.455907702445983887e-01
-2.346800714731216431e-01 2.342429906129837036e-01
-1.653152704238891602e-01 1.839390993118286133e-01
-1.058915406465530396e-01 1.723704636096954346e-01
-4.127695038914680481e-02 1.558920592069625854e-01
9.158792346715927124e-02 1.623072624206542969e-01
2.341600954532623291e-01 2.437926679849624634e-01
1.976641416549682617e-01 3.970787823200225830e-01
1.025685817003250122e-01 4.728515148162841797e-01
3.295354917645454407e-02 5.010260343551635742e-01
-4.021225869655609131e-02 5.036172270774841309e-01
-1.386250257492065430e-01 4.706670343875885010e-01
-2.113000899553298950e-01 3.487131297588348389e-01
-1.249982863664627075e-01 2.253906875848770142e-01
-7.159551978111267090e-02 2.071297466754913330e-01
-9.864743798971176147e-03 1.998871117830276489e-01
2.317189276218414307e-01 2.430916726589202881e-01
9.280037879943847656e-02 4.042260348796844482e-01
2.978594414889812469e-02 4.231206178665161133e-01
-3.473166376352310181e-02 4.314762651920318604e-01
