-6.477649211883544922e-01 -2.597901821136474609e-01 4.726932942867279053e-01 0.000000000000000000e+00
-5.714721083641052246e-01 -8.600271493196487427e-02 4.920746088027954102e-01 0.000000000000000000e+00
-4.818879961967468262e-01 1.087861582636833191e-01 5.017287731170654297e-01 0.000000000000000000e+00
-4.078372716903686523e-01 2.774009704589843750e-01 4.380164742469787598e-01 0.000000000000000000e+00
-3.420769870281219482e-01 4.413664638996124268e-01 3.195134103298187256e-01 0.000000000000000000e+00
-2.659558653831481934e-01 5.820802450180053711e-01 1.501930207014083862e-01 0.000000000000000000e+00
-1.425208002328872681e-01 7.047094702720642090e-01 3.154698386788368225e-02 1.000000000000000000e+00
6.141910795122385025e-03 7.824829816818237305e-01 -1.078391969203948975e-01 1.000000000000000000e+00
1.831896752119064331e-01 7.924575209617614746e-01 -1.589162945747375488e-01 1.000000000000000000e+00
3.216215074062347412e-01 7.122811079025268555e-01 -1.925652772188186646e-01 1.000000000000000000e+00
4.719354212284088135e-01 5.692835450172424316e-01 -1.454064548015594482e-01 1.000000000000000000e+00
5.697540640830993652e-01 3.930244445800781250e-01 -1.022254303097724915e-01 1.000000000000000000e+00
6.573482751846313477e-01 2.112254947423934937e-01 4.669575486332178116e-03 1.000000000000000000e+00
7.060073614120483398e-01 2.016236446797847748e-02 7.856813073158264160e-02 1.000000000000000000e+00
7.290345430374145508e-01 -1.676090359687805176e-01 1.021032780408859253e-01 1.000000000000000000e+00
7.080699205398559570e-01 -3.800922036170959473e-01 5.844252556562423706e-02 1.000000000000000000e+00
6.929210424423217773e-01 -5.693247914314270020e-01 2.314574457705020905e-02 1.000000000000000000e+00
-6.914864778518676758e-01 -3.375053107738494873e-01 2.999610733240842819e-03 1.000000000000000000e+00
-6.990644335746765137e-01 -4.915263950824737549e-01 -1.730393767356872559e-01 1.000000000000000000e+00
-6.097859144210815430e-01 -5.443753600120544434e-01 -3.415649533271789551e-01 1.000000000000000000e+00
-4.819568693637847900e-01 -5.502358675003051758e-01 -4.461362957954406738e-01 1.000000000000000000e+00
-3.536598980426788330e-01 -5.263463258743286133e-01 -5.012496709823608398e-01 1.000000000000000000e+00
-1.765334010124206543e-01 -5.718668103218078613e-01 -5.613200664520263672e-01 1.000000000000000000e+00
-6.265619397163391113e-02 -6.517595648765563965e-01 -5.891243815422058105e-01 1.000000000000000000e+00
9.227686375379562378e-02 -7.077602148056030273e-01 -5.772452950477600098e-01 1.000000000000000000e+00
2.737391591072082520e-01 -7.214497327804565430e-01 -4.923259913921356201e-01 1.000000000000000000e+00
4.274896681308746338e-01 -6.041104793548583984e-01 -3.642463684082031250e-01 1.000000000000000000e+00
-2.345210611820220947e-01 -3.970303535461425781e-01 -5.394814014434814453e-01 1.000000000000000000e+00
-2.245724648237228394e-01 -2.746520638465881348e-01 -5.981535315513610840e-01 1.000000000000000000e+00
-2.226371914148330688e-01 -1.731989085674285889e-01 -6.606601476669311523e-01 1.000000000000000000e+00
-2.135269045829772949e-01 -7.357806712388992310e-02 -7.044085264205932617e-01 1.000000000000000000e+00
-2.582709491252899170e-01 3.052429296076297760e-02 -4.783494174480438232e-01 1.000000000000000000e+00
-1.982706636190414429e-01 4.387594386935234070e-02 -5.212389826774597168e-01 1.000000000000000000e+00
-1.384296566247940063e-01 4.441288113594055176e-02 -5.548006296157836914e-01 1.000000000000000000e+00
-7.673723250627517700e-02 1.595654152333736420e-02 -5.619729161262512207e-01 1.000000000000000000e+00
-1.427186653017997742e-02 -2.516424469649791718e-02 -5.607408285140991211e-01 1.000000000000000000e+00
-6.030619740486145020e-01 -2.776907086372375488e-01 -2.087081819772720337e-01 1.000000000000000000e+00
-5.547978281974792480e-01 -3.306105732917785645e-01 -3.258719444274902344e-01 1.000000000000000000e+00
-4.706075489521026611e-01 -3.459576070308685303e-01 -3.589363396167755127e-01 1.000000000000000000e+00
-3.713447451591491699e-01 -3.241124153137207031e-01 -3.588449656963348389e-01 1.000000000000000000e+00
-4.493685364723205566e-01 -2.818082571029663086e-01 -3.449267446994781494e-01 1.000000000000000000e+00
-5.275523066520690918e-01 -2.582037448883056641e-01 -3.090299367904663086e-01 1.000000000000000000e+00
-1.184478681534528732e-02 -4.051381051540374756e-01 -4.834831953048706055e-01 1.000000000000000000e+00
5.129704996943473816e-02 -4.680002927780151367e-01 -5.380579829216003418e-01 1.000000000000000000e+00
1.383222341537475586e-01 -4.947637319564819336e-01 -5.618133544921875000e-01 1.000000000000000000e+00
2.611917555332183838e-01 -4.780284762382507324e-01 -5.020255446434020996e-01 1.000000000000000000e+00
1.553082615137100220e-01 -4.137896001338958740e-01 -5.421072840690612793e-01 1.000000000000000000e+00
7.028387486934661865e-02 -3.982772827148437500e-01 -5.222352147102355957e-01 1.000000000000000000e+00
-2.205787450075149536e-01 3.455907702445983887e-01 -2.606215775012969971e-01 1.000000000000000000e+00
-2.346800714731216431e-01 2.342429906129837036e-01 -4.167962670326232910e-01 1.000000000000000000e+00
-1.653152704238891602e-01 1.839390993118286133e-01 -5.241037011146545410e-01 1.000000000000000000e+00
-1.058915406465530396e-01 1.723704636096954346e-01 -5.533195734024047852e-01 1.000000000000000000e+00
-4.127695038914680481e-02 1.558920592069625854e-01 -5.653521418571472168e-01 1.000000000000000000e+00
9.158792346715927124e-02 1.623072624206542969e-01 -5.232132077217102051e-01 1.000000000000000000e+00
2.341600954532623291e-01 2.437926679849624634e-01 -3.986395001411437988e-01 1.000000000000000000e+00
1.976641416549682617e-01 3.970787823200225830e-01 -4.266146719455718994e-01 1.000000000000000000e+00
1.025685817003250122e-01 4.728515148162841797e-01 -4.537861347198486328e-01 1.000000000000000000e+00
3.295354917645454407e-02 5.010260343551635742e-01 -4.402449131011962891e-01 1.000000000000000000e+00
-4.021225869655609131e-02 5.036172270774841309e-01 -4.132475554943084717e-01 1.000000000000000000e+00
-1.386250257492065430e-01 4.706670343875885010e-01 -3.335483968257904053e-01 1.000000000000000000e+00
-2.113000899553298950e-01 3.487131297588348389e-01 -2.544638216495513916e-01 1.000000000000000000e+00
-1.249982863664627075e-01 2.253906875848770142e-01 -4.459218978881835938e-01 1.000000000000000000e+00
-7.159551978111267090e-02 2.071297466754913330e-01 -4.723047614097595215e-01 1.000000000000000000e+00
-9.864743798971176147e-03 1.998871117830276489e-01 -4.837379753589630127e-01 0.000000000000000000e+00
2.317189276218414307e-01 2.430916726589202881e-01 -3.978551924228668213e-01 1.000000000000000000e+00
9.280037879943847656e-02 4.042260348796844482e-01 -4.077021479606628418e-01 1.000000000000000000e+00
2.978594414889812469e-02 4.231206178665161133e-01 -3.954144418239593506e-01 1.000000000000000000e+00
-3.473166376352310181e-02 4.314762651920318604e-01 -3.714845180511474609e-01 1.000000000000000000e+00
