-6.856656670570373535e-01 -6.863337755203247070e-01
-7.167592644691467285e-01 -4.944063723087310791e-01
-7.341796159744262695e-01 -2.857298254966735840e-01
-7.474555373191833496e-01 -8.451267331838607788e-02
-7.210002541542053223e-01 1.500453948974609375e-01
-6.551799178123474121e-01 3.524757325649261475e-01
-5.200247764587402344e-01 5.323090553283691406e-01
-3.512516021728515625e-01 6.902950406074523926e-01
-1.818851679563522339e-01 7.664234042167663574e-01
-1.936394954100251198e-03 7.589660286903381348e-01
2.060219049453735352e-01 6.680119037628173828e-01
3.732453882694244385e-01 5.518096685409545898e-01
4.923323988914489746e-01 4.138669371604919434e-01
5.758388638496398926e-01 2.628102302551269531e-01
6.415497660636901855e-01 1.337665319442749023e-01
7.243778705596923828e-01 -3.211957961320877075e-02
7.893506288528442383e-01 -2.427998185157775879e-01
-5.315660834312438965e-01 -5.822205543518066406e-01
-3.872734010219573975e-01 -6.577990055084228516e-01
-2.231754511594772339e-01 -6.001751422882080078e-01
-6.716947257518768311e-02 -5.111172199249267578e-01
5.527145043015480042e-02 -4.268878996372222900e-01
2.589285075664520264e-01 -3.808333277702331543e-01
4.076564908027648926e-01 -4.007471799850463867e-01
5.730468630790710449e-01 -4.104349613189697266e-01
7.104638814926147461e-01 -4.007746577262878418e-01
7.501620054244995117e-01 -2.837816476821899414e-01
1.126227751374244690e-01 -2.475279569625854492e-01
8.196201920509338379e-02 -9.323351085186004639e-02
5.484609678387641907e-02 3.289954364299774170e-02
2.752454392611980438e-02 1.585951894521713257e-01
-1.463723778724670410e-01 1.409218311309814453e-01
-8.562524616718292236e-02 1.929652839899063110e-01
-2.199755609035491943e-02 2.330626845359802246e-01
5.259713903069496155e-02 2.259430587291717529e-01
1.263078749179840088e-01 2.074863910675048828e-01
-3.946386575698852539e-01 -3.875344693660736084e-01
-2.897224128246307373e-01 -3.503823578357696533e-01
-1.957826465368270874e-01 -3.271136581897735596e-01
-1.090262830257415771e-01 -2.917335033416748047e-01
-2.029034644365310669e-01 -2.863386571407318115e-01
-3.053151369094848633e-01 -3.076810240745544434e-01
2.875923216342926025e-01 -1.929247379302978516e-01
3.919076919555664062e-01 -1.830418854951858521e-01
4.878123998641967773e-01 -1.629858911037445068e-01
5.747454762458801270e-01 -1.543495953083038330e-01
4.691030681133270264e-01 -1.199807748198509216e-01
3.704009354114532471e-01 -1.463074088096618652e-01
-3.416539728641510010e-01 2.551677823066711426e-01
-2.482572495937347412e-01 2.771060764789581299e-01
-1.251946687698364258e-01 3.168221116065979004e-01
-5.422312766313552856e-02 3.455212712287902832e-01
2.127881161868572235e-02 3.520467281341552734e-01
1.273127645254135132e-01 3.666481673717498779e-01
1.918311566114425659e-01 3.727438747882843018e-01
9.821286797523498535e-02 4.458451867103576660e-01
-1.812651753425598145e-02 4.753447473049163818e-01
-9.748268872499465942e-02 4.666039049625396729e-01
-1.737436056137084961e-01 4.409579932689666748e-01
-2.825880944728851318e-01 3.631049096584320068e-01
-3.373667597770690918e-01 2.567661404609680176e-01
-1.417236477136611938e-01 3.412795364856719971e-01
-6.870878487825393677e-02 3.593551516532897949e-01
3.511626273393630981e-03 3.761622607707977295e-01
1.901829838752746582e-01 3.723120093345642090e-01
-2.514590276405215263e-03 3.921379446983337402e-01
-7.968947291374206543e-02 3.826825618743896484e-01
-1.593280881643295288e-01 3.592024147510528564e-01
