-6.985771656036376953e-01 -7.061498761177062988e-01 -3.215082585811614990e-01 1.000000000000000000e+00
-7.278673052787780762e-01 -5.160402059555053711e-01 -2.259691357612609863e-01 1.000000000000000000e+00
-7.500084638595581055e-01 -2.964980006217956543e-01 -1.282201856374740601e-01 1.000000000000000000e+00
-7.433307766914367676e-01 -7.382405549287796021e-02 -1.225926652550697327e-01 0.000000000000000000e+00
-7.106312513351440430e-01 1.575950980186462402e-01 -1.948197782039642334e-01 0.000000000000000000e+00
-6.417248845100402832e-01 3.756476640701293945e-01 -3.384729921817779541e-01 1.000000000000000000e+00
-5.115352869033813477e-01 5.426565408706665039e-01 -4.407705962657928467e-01 1.000000000000000000e+00
-3.494201004505157471e-01 6.911509633064270020e-01 -5.716953277587890625e-01 1.000000000000000000e+00
-1.743575632572174072e-01 7.661500573158264160e-01 -5.661468505859375000e-01 1.000000000000000000e+00
-9.831112809479236603e-03 7.579629421234130859e-01 -5.385958552360534668e-01 1.000000000000000000e+00
1.656697690486907959e-01 6.851579546928405762e-01 -3.749284446239471436e-01 1.000000000000000000e+00
3.208182752132415771e-01 5.804427266120910645e-01 -2.449750155210494995e-01 0.000000000000000000e+00
4.389536976814270020e-01 4.094465970993041992e-01 -7.934445887804031372e-02 0.000000000000000000e+00
5.493359565734863281e-01 2.166389226913452148e-01 9.948973543941974640e-03 0.000000000000000000e+00
6.524160504341125488e-01 3.021261282265186310e-02 1.544583309441804886e-02 0.000000000000000000e+00
7.507100105285644531e-01 -1.661928594112396240e-01 -7.773654907941818237e-02 1.000000000000000000e+00
8.407359123229980469e-01 -3.427883386611938477e-01 -1.586222052574157715e-01 1.000000000000000000e+00
-5.315660834312438965e-01 -5.822205543518066406e-01 -8.143178820610046387e-01 1.000000000000000000e+00
-3.872734010219573975e-01 -6.577990055084228516e-01 -1.024070620536804199e+00 1.000000000000000000e+00
-2.231754511594772339e-01 -6.001751422882080078e-01 -1.150677442550659180e+00 1.000000000000000000e+00
-6.716947257518768311e-02 -5.111172199249267578e-01 -1.191352009773254395e+00 1.000000000000000000e+00
5.527145043015480042e-02 -4.268878996372222900e-01 -1.175849795341491699e+00 1.000000000000000000e+00
2.589285075664520264e-01 -3.808333277702331543e-01 -1.155382871627807617e+00 1.000000000000000000e+00
4.076564908027648926e-01 -4.007471799850463867e-01 -1.141851186752319336e+00 1.000000000000000000e+00
5.730468630790710449e-01 -4.104349613189697266e-01 -1.063496708869934082e+00 1.000000000000000000e+00
7.104638814926147461e-01 -4.007746577262878418e-01 -8.993008136749267578e-01 1.000000000000000000e+00
7.501620054244995117e-01 -2.837816476821899414e-01 -6.708283424377441406e-01 1.000000000000000000e+00
1.126227751374244690e-01 -2.475279569625854492e-01 -1.126638770103454590e+00 1.000000000000000000e+00
8.196201920509338379e-02 -9.323351085186004639e-02 -1.156743049621582031e+00 1.000000000000000000e+00
5.484609678387641907e-02 3.289954364299774170e-02 -1.193653821945190430e+00 1.000000000000000000e+00
2.752454392611980438e-02 1.585951894521713257e-01 -1.216988563537597656e+00 1.000000000000000000e+00
-1.463723778724670410e-01 1.409218311309814453e-01 -9.791775941848754883e-01 1.000000000000000000e+00
-8.562524616718292236e-02 1.929652839899063110e-01 -9.923930168151855469e-01 1.000000000000000000e+00
-2.199755609035491943e-02 2.330626845359802246e-01 -9.947709441184997559e-01 1.000000000000000000e+00
5.259713903069496155e-02 2.259430587291717529e-01 -9.787196516990661621e-01 1.000000000000000000e+00
1.263078749179840088e-01 2.074863910675048828e-01 -9.509146213531494141e-01 0.000000000000000000e+00
-3.946386575698852539e-01 -3.875344693660736084e-01 -9.547805786132812500e-01 1.000000000000000000e+00
-2.897224128246307373e-01 -3.503823578357696533e-01 -1.049761056900024414e+00 1.000000000000000000e+00
-1.957826465368270874e-01 -3.271136581897735596e-01 -1.041609287261962891e+00 1.000000000000000000e+00
-1.090262830257415771e-01 -2.917335033416748047e-01 -9.893172979354858398e-01 1.000000000000000000e+00
-2.029034644365310669e-01 -2.863386571407318115e-01 -1.007589697837829590e+00 1.000000000000000000e+00
-3.053151369094848633e-01 -3.076810240745544434e-01 -1.008620619773864746e+00 1.000000000000000000e+00
2.875923216342926025e-01 -1.929247379302978516e-01 -9.507551193237304688e-01 1.000000000000000000e+00
3.919076919555664062e-01 -1.830418854951858521e-01 -9.818184375762939453e-01 1.000000000000000000e+00
4.878123998641967773e-01 -1.629858911037445068e-01 -9.673920273780822754e-01 1.000000000000000000e+00
5.747454762458801270e-01 -1.543495953083038330e-01 -8.504185676574707031e-01 1.000000000000000000e+00
4.691030681133270264e-01 -1.199807748198509216e-01 -9.257472753524780273e-01 1.000000000000000000e+00
3.704009354114532471e-01 -1.463074088096618652e-01 -9.476244449615478516e-01 1.000000000000000000e+00
-3.416539728641510010e-01 2.551677823066711426e-01 -7.679660916328430176e-01 1.000000000000000000e+00
-2.482572495937347412e-01 2.771060764789581299e-01 -8.832074403762817383e-01 1.000000000000000000e+00
-1.251946687698364258e-01 3.168221116065979004e-01 -9.392394423484802246e-01 1.000000000000000000e+00
-5.422312766313552856e-02 3.455212712287902832e-01 -9.371213316917419434e-01 1.000000000000000000e+00
2.127881161868572235e-02 3.520467281341552734e-01 -9.248632192611694336e-01 1.000000000000000000e+00
1.273127645254135132e-01 3.666481673717498779e-01 -8.446289896965026855e-01 1.000000000000000000e+00
1.918311566114425659e-01 3.727438747882843018e-01 -7.170855402946472168e-01 1.000000000000000000e+00
9.821286797523498535e-02 4.458451867103576660e-01 -7.928392887115478516e-01 1.000000000000000000e+00
-1.812651753425598145e-02 4.753447473049163818e-01 -8.654760122299194336e-01 1.000000000000000000e+00
-9.748268872499465942e-02 4.666039049625396729e-01 -8.759204149246215820e-01 1.000000000000000000e+00
-1.737436056137084961e-01 4.409579932689666748e-01 -8.758826851844787598e-01 1.000000000000000000e+00
-2.825880944728851318e-01 3.631049096584320068e-01 -8.268401026725769043e-01 1.000000000000000000e+00
-3.373667597770690918e-01 2.567661404609680176e-01 -7.650858163833618164e-01 1.000000000000000000e+00
-1.417236477136611938e-01 3.412795364856719971e-01 -8.573430180549621582e-01 0.000000000000000000e+00
-6.870878487825393677e-02 3.593551516532897949e-01 -8.523476719856262207e-01 0.000000000000000000e+00
3.511626273393630981e-03 3.761622607707977295e-01 -8.428648710250854492e-01 0.000000000000000000e+00
1.901829838752746582e-01 3.723120093345642090e-01 -7.176770567893981934e-01 1.000000000000000000e+00
-2.514590276405215263e-03 3.921379446983337402e-01 -8.510717153549194336e-01 1.000000000000000000e+00
-7.968947291374206543e-02 3.826825618743896484e-01 -8.708159923553466797e-01 1.000000000000000000e+00
-1.593280881643295288e-01 3.592024147510528564e-01 -8.630557060241699219e-01 1.000000000000000000e+00
