-6.756602525711059570e-01 -2.040749490261077881e-01
-6.513150930404663086e-01 -4.345314949750900269e-02
-5.854083895683288574e-01 1.201132759451866150e-01
-5.023801922798156738e-01 2.620542645454406738e-01
-4.137085676193237305e-01 3.934937119483947754e-01
-3.005626499652862549e-01 5.287947058677673340e-01
-1.670043617486953735e-01 6.588289737701416016e-01
1.498868409544229507e-02 7.684978842735290527e-01
1.722360104322433472e-01 7.795702219009399414e-01
3.328488767147064209e-01 6.913678646087646484e-01
4.809617698192596436e-01 5.500413179397583008e-01
5.772679448127746582e-01 3.759427964687347412e-01
6.602984070777893066e-01 1.922181248664855957e-01
7.052187323570251465e-01 -1.541582023492082953e-04
7.212845087051391602e-01 -1.885998249053955078e-01
6.937597990036010742e-01 -3.971360325813293457e-01
6.725674867630004883e-01 -5.845025777816772461e-01
-6.921882033348083496e-01 -3.043343424797058105e-01
-7.047137022018432617e-01 -4.542462825775146484e-01
-6.184696555137634277e-01 -5.080931186676025391e-01
-4.912779927253723145e-01 -5.160631537437438965e-01
-3.644010424613952637e-01 -4.970320165157318115e-01
-1.914925426244735718e-01 -5.479956269264221191e-01
-8.196420222520828247e-02 -6.312653422355651855e-01
6.982690095901489258e-02 -6.930570006370544434e-01
2.490355819463729858e-01 -7.132291793823242188e-01
4.073092937469482422e-01 -6.039146184921264648e-01
-2.428725212812423706e-01 -3.726686239242553711e-01
-2.283159345388412476e-01 -2.494458705186843872e-01
-2.229685485363006592e-01 -1.479229331016540527e-01
-2.107466608285903931e-01 -4.820875078439712524e-02
-2.459313124418258667e-01 5.647688359022140503e-02
-1.884834915399551392e-01 6.800860911607742310e-02
-1.313278973102569580e-01 6.826522946357727051e-02
-7.279285043478012085e-02 3.778745234012603760e-02
-1.422806270420551300e-02 -3.858893644064664841e-03
-6.014204025268554688e-01 -2.426936775445938110e-01
-5.536009669303894043e-01 -2.897465229034423828e-01
-4.723428189754486084e-01 -3.081734776496887207e-01
-3.749382495880126953e-01 -2.957122623920440674e-01
-4.507583379745483398e-01 -2.518536746501922607e-01
-5.276604890823364258e-01 -2.255703657865524292e-01
-2.266656048595905304e-02 -3.868485093116760254e-01
3.848079964518547058e-02 -4.476907551288604736e-01
1.231929585337638855e-01 -4.762033522129058838e-01
2.449409514665603638e-01 -4.684039056301116943e-01
1.427794247865676880e-01 -4.007565975189208984e-01
5.837254598736763000e-02 -3.827358484268188477e-01
-2.025523483753204346e-01 3.576223254203796387e-01
-2.157311588525772095e-01 2.588708102703094482e-01
-1.510793119668960571e-01 2.101704180240631104e-01
-9.404634684324264526e-02 1.979851871728897095e-01
-3.198372945189476013e-02 1.795603483915328979e-01
9.565933048725128174e-02 1.806688755750656128e-01
2.346951067447662354e-01 2.484677135944366455e-01
2.023438662290573120e-01 3.940552473068237305e-01
1.121271178126335144e-01 4.712620973587036133e-01
4.515887796878814697e-02 4.999110102653503418e-01
-2.612052299082279205e-02 5.039876699447631836e-01
-1.223116517066955566e-01 4.723699688911437988e-01
-1.937656998634338379e-01 3.604556322097778320e-01
-1.103026792407035828e-01 2.501579821109771729e-01
-5.885335057973861694e-02 2.318928241729736328e-01
6.708845030516386032e-04 2.223013639450073242e-01
2.323525100946426392e-01 2.480385303497314453e-01
1.005029156804084778e-01 4.028436541557312012e-01
3.921123966574668884e-02 4.228900074958801270e-01
-2.360197156667709351e-02 4.320077300071716309e-01
