-6.467435956001281738e-01 -2.355039417743682861e-01 4.546327888965606689e-01 0.000000000000000000e+00
-5.642541050910949707e-01 -6.656546890735626221e-02 4.751216769218444824e-01 0.000000000000000000e+00
-4.689195752143859863e-01 1.232556253671646118e-01 4.858645796775817871e-01 0.000000000000000000e+00
-3.891857564449310303e-01 2.886260449886322021e-01 4.242556691169738770e-01 0.000000000000000000e+00
-3.187332153320312500e-01 4.489192664623260498e-01 3.063259124755859375e-01 0.000000000000000000e+00
-2.425097674131393433e-01 5.856965184211730957e-01 1.366866230964660645e-01 0.000000000000000000e+00
-1.190885305404663086e-01 6.981547474861145020e-01 1.624691858887672424e-02 1.000000000000000000e+00
2.585881203413009644e-02 7.678465843200683594e-01 -1.234634369611740112e-01 1.000000000000000000e+00
1.985837519168853760e-01 7.726804018020629883e-01 -1.735328137874603271e-01 1.000000000000000000e+00
3.327501714229583740e-01 6.915233731269836426e-01 -2.069850414991378784e-01 1.000000000000000000e+00
4.807361066341400146e-01 5.502272248268127441e-01 -1.591917574405670166e-01 1.000000000000000000e+00
5.772382020950317383e-01 3.766148984432220459e-01 -1.154326051473617554e-01 1.000000000000000000e+00
6.604089736938476562e-01 1.930405348539352417e-01 -8.355463854968547821e-03 1.000000000000000000e+00
7.052360773086547852e-01 8.833915926516056061e-04 6.367257982492446899e-02 1.000000000000000000e+00
7.220860719680786133e-01 -1.875582486391067505e-01 8.399696648120880127e-02 1.000000000000000000e+00
6.942623853683471680e-01 -3.973731994628906250e-01 3.815625980496406555e-02 1.000000000000000000e+00
6.730433702468872070e-01 -5.841118097305297852e-01 9.849030757322907448e-04 1.000000000000000000e+00
-6.921882033348083496e-01 -3.043343424797058105e-01 -1.108768209815025330e-02 1.000000000000000000e+00
-7.047137022018432617e-01 -4.542462825775146484e-01 -1.882345229387283325e-01 1.000000000000000000e+00
-6.184696555137634277e-01 -5.080931186676025391e-01 -3.553390800952911377e-01 1.000000000000000000e+00
-4.912779927253723145e-01 -5.160631537437438965e-01 -4.593650400638580322e-01 1.000000000000000000e+00
-3.644010424613952637e-01 -4.970320165157318115e-01 -5.140463113784790039e-01 1.000000000000000000e+00
-1.914925426244735718e-01 -5.479956269264221191e-01 -5.744619965553283691e-01 1.000000000000000000e+00
-8.196420222520828247e-02 -6.312653422355651855e-01 -6.020081639289855957e-01 1.000000000000000000e+00
6.982690095901489258e-02 -6.930570006370544434e-01 -5.921776890754699707e-01 1.000000000000000000e+00
2.490355819463729858e-01 -7.132291793823242188e-01 -5.099948644638061523e-01 1.000000000000000000e+00
4.073092937469482422e-01 -6.039146184921264648e-01 -3.822555541992187500e-01 1.000000000000000000e+00
-2.428725212812423706e-01 -3.726686239242553711e-01 -5.526008009910583496e-01 1.000000000000000000e+00
-2.283159345388412476e-01 -2.494458705186843872e-01 -6.098603606224060059e-01 1.000000000000000000e+00
-2.229685485363006592e-01 -1.479229331016540527e-01 -6.707388758659362793e-01 1.000000000000000000e+00
-2.107466608285903931e-01 -4.820875078439712524e-02 -7.129268050193786621e-01 1.000000000000000000e+00
-2.459313124418258667e-01 5.647688359022140503e-02 -4.884858131408691406e-01 1.000000000000000000e+00
-1.884834915399551392e-01 6.800860911607742310e-02 -5.306137800216674805e-01 1.000000000000000000e+00
-1.313278973102569580e-01 6.826522946357727051e-02 -5.644534826278686523e-01 1.000000000000000000e+00
-7.279285043478012085e-02 3.778745234012603760e-02 -5.711120963096618652e-01 1.000000000000000000e+00
-1.422806270420551300e-02 -3.858893644064664841e-03 -5.700422525405883789e-01 1.000000000000000000e+00
-6.014204025268554688e-01 -2.426936775445938110e-01 -2.222697138786315918e-01 1.000000000000000000e+00
-5.536009669303894043e-01 -2.897465229034423828e-01 -3.387473821640014648e-01 1.000000000000000000e+00
-4.723428189754486084e-01 -3.081734776496887207e-01 -3.713304400444030762e-01 1.000000000000000000e+00
-3.749382495880126953e-01 -2.957122623920440674e-01 -3.723644018173217773e-01 1.000000000000000000e+00
-4.507583379745483398e-01 -2.518536746501922607e-01 -3.583208620548248291e-01 1.000000000000000000e+00
-5.276604890823364258e-01 -2.255703657865524292e-01 -3.218701779842376709e-01 1.000000000000000000e+00
-2.266656048595905304e-02 -3.868485093116760254e-01 -4.980350434780120850e-01 1.000000000000000000e+00
3.848079964518547058e-02 -4.476907551288604736e-01 -5.524572134017944336e-01 1.000000000000000000e+00
1.231929585337638855e-01 -4.762033522129058838e-01 -5.759817957878112793e-01 1.000000000000000000e+00
2.449409514665603638e-01 -4.684039056301116943e-01 -5.174509286880493164e-01 1.000000000000000000e+00
1.427794247865676880e-01 -4.007565975189208984e-01 -5.563594102859497070e-01 1.000000000000000000e+00
5.837254598736763000e-02 -3.827358484268188477e-01 -5.362620949745178223e-01 1.000000000000000000e+00
-2.025523483753204346e-01 3.576223254203796387e-01 -2.790248394012451172e-01 1.000000000000000000e+00
-2.157311588525772095e-01 2.588708102703094482e-01 -4.298003017902374268e-01 1.000000000000000000e+00
-1.510793119668960571e-01 2.101704180240631104e-01 -5.337764620780944824e-01 1.000000000000000000e+00
-9.404634684324264526e-02 1.979851871728897095e-01 -5.631359815597534180e-01 1.000000000000000000e+00
-3.198372945189476013e-02 1.795603483915328979e-01 -5.749635696411132812e-01 1.000000000000000000e+00
9.565933048725128174e-02 1.806688755750656128e-01 -5.344659090042114258e-01 1.000000000000000000e+00
2.346951067447662354e-01 2.484677135944366455e-01 -4.148275852203369141e-01 1.000000000000000000e+00
2.023438662290573120e-01 3.940552473068237305e-01 -4.395096302032470703e-01 1.000000000000000000e+00
1.121271178126335144e-01 4.712620973587036133e-01 -4.653259515762329102e-01 1.000000000000000000e+00
4.515887796878814697e-02 4.999110102653503418e-01 -4.514797031879425049e-01 1.000000000000000000e+00
-2.612052299082279205e-02 5.039876699447631836e-01 -4.254564046859741211e-01 1.000000000000000000e+00
-1.223116517066955566e-01 4.723699688911437988e-01 -3.488451540470123291e-01 1.000000000000000000e+00
-1.937656998634338379e-01 3.604556322097778320e-01 -2.734506130218505859e-01 1.000000000000000000e+00
-1.103026792407035828e-01 2.501579821109771729e-01 -4.579513967037200928e-01 1.000000000000000000e+00
-5.885335057973861694e-02 2.318928241729736328e-01 -4.844553470611572266e-01 1.000000000000000000e+00
6.708845030516386032e-04 2.223013639450073242e-01 -4.951043128967285156e-01 0.000000000000000000e+00
2.323525100946426392e-01 2.480385303497314453e-01 -4.141911268234252930e-01 1.000000000000000000e+00
1.005029156804084778e-01 4.028436541557312012e-01 -4.242323637008666992e-01 1.000000000000000000e+00
3.921123966574668884e-02 4.228900074958801270e-01 -4.120127260684967041e-01 1.000000000000000000e+00
-2.360197156667709351e-02 4.320077300071716309e-01 -3.887084424495697021e-01 1.000000000000000000e+00
