-5.555041432380676270e-01 -5.902298092842102051e-01
-6.338948607444763184e-01 -4.083832800388336182e-01
-6.830875277519226074e-01 -2.347903102636337280e-01
-7.190970778465270996e-01 -9.452527761459350586e-02
-7.467092275619506836e-01 6.859479099512100220e-02
-7.407853603363037109e-01 2.403455674648284912e-01
-6.821925640106201172e-01 4.229596853256225586e-01
-5.757257938385009766e-01 6.035825014114379883e-01
-4.419137239456176758e-01 7.063816189765930176e-01
-2.646921277046203613e-01 7.457215189933776855e-01
-4.444668814539909363e-02 7.374033927917480469e-01
1.539018601179122925e-01 6.839258670806884766e-01
3.196905255317687988e-01 5.802573561668395996e-01
4.746389687061309814e-01 4.358327090740203857e-01
5.874210596084594727e-01 2.870704531669616699e-01
6.940505504608154297e-01 1.217501014471054077e-01
7.897503376007080078e-01 -3.785059973597526550e-02
-4.883072078227996826e-01 -6.275308728218078613e-01
-3.795534968376159668e-01 -7.093849778175354004e-01
-2.628597021102905273e-01 -6.543244719505310059e-01
-1.452675163745880127e-01 -5.574280023574829102e-01
-4.995991662144660950e-02 -4.575401544570922852e-01
1.266901642084121704e-01 -3.760819435119628906e-01
2.653206586837768555e-01 -3.626278936862945557e-01
4.267355203628540039e-01 -3.215743601322174072e-01
5.747933983802795410e-01 -2.525109350681304932e-01
6.267022490501403809e-01 -9.807512164115905762e-02
-2.889875322580337524e-02 -2.753686606884002686e-01
-9.510878473520278931e-02 -1.468972116708755493e-01
-1.524784266948699951e-01 -4.445963352918624878e-02
-2.072540223598480225e-01 6.016651168465614319e-02
-3.221425414085388184e-01 5.391583964228630066e-02
-2.791347801685333252e-01 1.119724959135055542e-01
-2.289547026157379150e-01 1.599996238946914673e-01
-1.563340425491333008e-01 1.707277745008468628e-01
-7.807291299104690552e-02 1.728700250387191772e-01
-4.258396625518798828e-01 -4.488261342048645020e-01
-3.581935763359069824e-01 -4.056247174739837646e-01
-2.784297168254852295e-01 -3.694224357604980469e-01
-1.943666338920593262e-01 -3.209202289581298828e-01
-2.850114107131958008e-01 -3.367582857608795166e-01
-3.720757365226745605e-01 -3.735053539276123047e-01
1.430702358484268188e-01 -1.568589359521865845e-01
2.247224748134613037e-01 -1.200090721249580383e-01
3.040589988231658936e-01 -8.016294986009597778e-02
4.062668383121490479e-01 -4.762094467878341675e-02
2.947949767112731934e-01 -5.249021202325820923e-02
2.096650004386901855e-01 -9.861552715301513672e-02
-4.940696358680725098e-01 1.727517843246459961e-01
-4.286319613456726074e-01 1.845745891332626343e-01
-3.331435918807983398e-01 2.348007857799530029e-01
-2.737848162651062012e-01 2.744013071060180664e-01
-2.039173841476440430e-01 2.964800298213958740e-01
-9.354527294635772705e-02 3.443026244640350342e-01
-1.518686022609472275e-02 3.927463591098785400e-01
-1.376760900020599365e-01 4.386667609214782715e-01
-2.656284570693969727e-01 4.316885173320770264e-01
-3.400939702987670898e-01 4.067631959915161133e-01
-4.051238596439361572e-01 3.673423826694488525e-01
-4.799047410488128662e-01 2.827767431735992432e-01
-4.898052811622619629e-01 1.759597212076187134e-01
-3.372393548488616943e-01 2.661693990230560303e-01
-2.726261019706726074e-01 2.971533834934234619e-01
-2.079616338014602661e-01 3.283911645412445068e-01
-1.670456118881702423e-02 3.918212950229644775e-01
-2.305500954389572144e-01 3.609420359134674072e-01
-3.026249706745147705e-01 3.336184322834014893e-01
-3.704334497451782227e-01 2.980301082134246826e-01
