-5.281677842140197754e-01 -6.775264143943786621e-01 1.977202109992504120e-02 1.000000000000000000e+00
-5.818354487419128418e-01 -4.955191910266876221e-01 8.801712840795516968e-02 1.000000000000000000e+00
-6.345292925834655762e-01 -2.848778665065765381e-01 1.521146744489669800e-01 0.000000000000000000e+00
-6.783385276794433594e-01 -8.520357310771942139e-02 1.270470768213272095e-01 0.000000000000000000e+00
-7.105169892311096191e-01 1.156416013836860657e-01 2.418450824916362762e-02 0.000000000000000000e+00
-7.199660539627075195e-01 3.019360601902008057e-01 -1.471546292304992676e-01 0.000000000000000000e+00
-6.595620512962341309e-01 4.643339514732360840e-01 -2.855497300624847412e-01 1.000000000000000000e+00
-5.676521658897399902e-01 6.099591851234436035e-01 -4.542955458164215088e-01 1.000000000000000000e+00
-4.234015345573425293e-01 7.157664895057678223e-01 -4.957787096500396729e-01 1.000000000000000000e+00
-2.651102542877197266e-01 7.461105585098266602e-01 -5.050848126411437988e-01 1.000000000000000000e+00
-5.519169196486473083e-02 7.408102750778198242e-01 -3.886326849460601807e-01 1.000000000000000000e+00
1.341719031333923340e-01 6.930481791496276855e-01 -2.934397757053375244e-01 1.000000000000000000e+00
3.092277646064758301e-01 5.883411765098571777e-01 -1.496274322271347046e-01 1.000000000000000000e+00
4.657707512378692627e-01 4.511662125587463379e-01 -6.696212291717529297e-02 1.000000000000000000e+00
5.954027771949768066e-01 3.025727570056915283e-01 -5.899003893136978149e-02 1.000000000000000000e+00
7.063515186309814453e-01 1.231563240289688110e-01 -1.374426335096359253e-01 1.000000000000000000e+00
8.069159984588623047e-01 -3.726375102996826172e-02 -2.067024260759353638e-01 1.000000000000000000e+00
-4.883072078227996826e-01 -6.275308728218078613e-01 -4.774161875247955322e-01 1.000000000000000000e+00
-3.795534968376159668e-01 -7.093849778175354004e-01 -6.863596439361572266e-01 1.000000000000000000e+00
-2.628597021102905273e-01 -6.543244719505310059e-01 -8.426460623741149902e-01 1.000000000000000000e+00
-1.452675163745880127e-01 -5.574280023574829102e-01 -9.225378036499023438e-01 1.000000000000000000e+00
-4.995991662144660950e-02 -4.575401544570922852e-01 -9.467931985855102539e-01 1.000000000000000000e+00
1.266901642084121704e-01 -3.760819435119628906e-01 -9.773487448692321777e-01 1.000000000000000000e+00
2.653206586837768555e-01 -3.626278936862945557e-01 -9.922359585762023926e-01 1.000000000000000000e+00
4.267355203628540039e-01 -3.215743601322174072e-01 -9.582867026329040527e-01 1.000000000000000000e+00
5.747933983802795410e-01 -2.525109350681304932e-01 -8.403338193893432617e-01 1.000000000000000000e+00
6.267022490501403809e-01 -9.807512164115905762e-02 -6.589666604995727539e-01 1.000000000000000000e+00
-2.889875322580337524e-02 -2.753686606884002686e-01 -9.477112293243408203e-01 1.000000000000000000e+00
-9.510878473520278931e-02 -1.468972116708755493e-01 -9.972661137580871582e-01 1.000000000000000000e+00
-1.524784266948699951e-01 -4.445963352918624878e-02 -1.046552896499633789e+00 1.000000000000000000e+00
-2.072540223598480225e-01 6.016651168465614319e-02 -1.080161809921264648e+00 1.000000000000000000e+00
-3.221425414085388184e-01 5.391583964228630066e-02 -8.211129307746887207e-01 1.000000000000000000e+00
-2.791347801685333252e-01 1.119724959135055542e-01 -8.538775444030761719e-01 1.000000000000000000e+00
-2.289547026157379150e-01 1.599996238946914673e-01 -8.747199773788452148e-01 1.000000000000000000e+00
-1.563340425491333008e-01 1.707277745008468628e-01 -8.748404383659362793e-01 1.000000000000000000e+00
-7.807291299104690552e-02 1.728700250387191772e-01 -8.621537685394287109e-01 1.000000000000000000e+00
-4.258396625518798828e-01 -4.488261342048645020e-01 -6.596544384956359863e-01 1.000000000000000000e+00
-3.581935763359069824e-01 -4.056247174739837646e-01 -7.688368558883666992e-01 1.000000000000000000e+00
-2.784297168254852295e-01 -3.694224357604980469e-01 -7.843101024627685547e-01 1.000000000000000000e+00
-1.943666338920593262e-01 -3.209202289581298828e-01 -7.651040554046630859e-01 1.000000000000000000e+00
-2.850114107131958008e-01 -3.367582857608795166e-01 -7.644551396369934082e-01 1.000000000000000000e+00
-3.720757365226745605e-01 -3.735053539276123047e-01 -7.407484054565429688e-01 1.000000000000000000e+00
1.430702358484268188e-01 -1.568589359521865845e-01 -8.255745768547058105e-01 1.000000000000000000e+00
2.247224748134613037e-01 -1.200090721249580383e-01 -8.702444434165954590e-01 1.000000000000000000e+00
3.040589988231658936e-01 -8.016294986009597778e-02 -8.789755105972290039e-01 1.000000000000000000e+00
4.062668383121490479e-01 -4.762094467878341675e-02 -7.986919283866882324e-01 1.000000000000000000e+00
2.947949767112731934e-01 -5.249021202325820923e-02 -8.534767627716064453e-01 1.000000000000000000e+00
2.096650004386901855e-01 -9.861552715301513672e-02 -8.490383028984069824e-01 1.000000000000000000e+00
-4.940696358680725098e-01 1.727517843246459961e-01 -5.833421349525451660e-01 1.000000000000000000e+00
-4.286319613456726074e-01 1.845745891332626343e-01 -7.194454073905944824e-01 1.000000000000000000e+00
-3.331435918807983398e-01 2.348007857799530029e-01 -8.066315054893493652e-01 1.000000000000000000e+00
-2.737848162651062012e-01 2.744013071060180664e-01 -8.235450983047485352e-01 1.000000000000000000e+00
-2.039173841476440430e-01 2.964800298213958740e-01 -8.285980224609375000e-01 1.000000000000000000e+00
-9.354527294635772705e-02 3.443026244640350342e-01 -7.749416828155517578e-01 1.000000000000000000e+00
-1.518686022609472275e-02 3.927463591098785400e-01 -6.646421551704406738e-01 1.000000000000000000e+00
-1.376760900020599365e-01 4.386667609214782715e-01 -7.212018966674804688e-01 1.000000000000000000e+00
-2.656284570693969727e-01 4.316885173320770264e-01 -7.684472203254699707e-01 1.000000000000000000e+00
-3.400939702987670898e-01 4.067631959915161133e-01 -7.600555419921875000e-01 1.000000000000000000e+00
-4.051238596439361572e-01 3.673423826694488525e-01 -7.402262091636657715e-01 1.000000000000000000e+00
-4.799047410488128662e-01 2.827767431735992432e-01 -6.612744927406311035e-01 1.000000000000000000e+00
-4.898052811622619629e-01 1.759597212076187134e-01 -5.813254714012145996e-01 1.000000000000000000e+00
-3.372393548488616943e-01 2.661693990230560303e-01 -7.264817357063293457e-01 0.000000000000000000e+00
-2.726261019706726074e-01 2.971533834934234619e-01 -7.405660152435302734e-01 0.000000000000000000e+00
-2.079616338014602661e-01 3.283911645412445068e-01 -7.492581605911254883e-01 0.000000000000000000e+00
-1.670456118881702423e-02 3.918212950229644775e-01 -6.649865508079528809e-01 1.000000000000000000e+00
-2.305500954389572144e-01 3.609420359134674072e-01 -7.421010732650756836e-01 1.000000000000000000e+00
-3.026249706745147705e-01 3.336184322834014893e-01 -7.427699565887451172e-01 1.000000000000000000e+00
-3.704334497451782227e-01 2.980301082134246826e-01 -7.162268757820129395e-01 1.000000000000000000e+00
