-7.012825608253479004e-01 -2.112143039703369141e-01
-6.795703172683715820e-01 -4.989855736494064331e-02
-6.158484220504760742e-01 1.144947856664657593e-01
-5.420871973037719727e-01 2.610190510749816895e-01
-4.595463871955871582e-01 3.980678915977478027e-01
-3.482242524623870850e-01 5.318089127540588379e-01
-2.121586203575134277e-01 6.498503684997558594e-01
-3.116395138204097748e-02 7.436957955360412598e-01
1.286171376705169678e-01 7.518146634101867676e-01
2.989362776279449463e-01 6.761510372161865234e-01
4.668965935707092285e-01 5.481109023094177246e-01
5.862950682640075684e-01 3.864258229732513428e-01
6.792765259742736816e-01 2.049906849861145020e-01
7.331435084342956543e-01 8.931801654398441315e-03
7.456290721893310547e-01 -1.857138872146606445e-01
7.170253396034240723e-01 -3.979295790195465088e-01
6.957910656929016113e-01 -5.924564599990844727e-01
-7.159881591796875000e-01 -3.107686340808868408e-01
-7.171603441238403320e-01 -4.542728066444396973e-01
-6.216358542442321777e-01 -4.979083538055419922e-01
-4.880971610546112061e-01 -5.004628896713256836e-01
-3.589714765548706055e-01 -4.813449382781982422e-01
-1.793176382780075073e-01 -5.293182134628295898e-01
-6.593304872512817383e-02 -6.069139242172241211e-01
8.987060934305191040e-02 -6.688756942749023438e-01
2.707782089710235596e-01 -6.943787336349487305e-01
4.344910681247711182e-01 -5.915731191635131836e-01
-2.362208217382431030e-01 -3.565910458564758301e-01
-2.208054065704345703e-01 -2.307512462139129639e-01
-2.165134400129318237e-01 -1.314069926738739014e-01
-2.053347975015640259e-01 -3.231322765350341797e-02
-2.567353248596191406e-01 6.497482955455780029e-02
-1.928575485944747925e-01 7.964604347944259644e-02
-1.297705620527267456e-01 8.247625827789306641e-02
-6.671871989965438843e-02 4.925226792693138123e-02
-1.597799477167427540e-03 4.906999412924051285e-03
-6.101016402244567871e-01 -2.257748991250991821e-01
-5.501074194908142090e-01 -2.430671453475952148e-01
-4.715026915073394775e-01 -2.640613913536071777e-01
-3.763359189033508301e-01 -2.766476571559906006e-01
-4.572321772575378418e-01 -2.370077669620513916e-01
-5.392143726348876953e-01 -2.111486643552780151e-01
-6.323128007352352142e-03 -3.625804781913757324e-01
6.922374665737152100e-02 -3.913452923297882080e-01
1.518710553646087646e-01 -4.101884365081787109e-01
2.671696543693542480e-01 -4.353872537612915039e-01
1.651837974786758423e-01 -3.773856759071350098e-01
7.595227658748626709e-02 -3.616393804550170898e-01
-2.387653440237045288e-01 3.267385363578796387e-01
-2.313543707132339478e-01 2.586728632450103760e-01
-1.529195755720138550e-01 2.226132899522781372e-01
-9.018280357122421265e-02 2.141372561454772949e-01
-2.457687258720397949e-02 1.915857791900634766e-01
1.058110222220420837e-01 1.793732047080993652e-01
2.387654930353164673e-01 2.183866202831268311e-01
1.878106445074081421e-01 3.447658717632293701e-01
8.558833599090576172e-02 4.128503501415252686e-01
1.396815665066242218e-02 4.384069740772247314e-01
-6.026457995176315308e-02 4.431332945823669434e-01
-1.609876453876495361e-01 4.201352596282958984e-01
-2.309542447328567505e-01 3.278594017028808594e-01
-1.183167695999145508e-01 2.597805857658386230e-01
-5.838417261838912964e-02 2.430093586444854736e-01
6.290638353675603867e-03 2.299999892711639404e-01
2.363970279693603516e-01 2.181291878223419189e-01
7.596807181835174561e-02 3.386735618114471436e-01
7.507192902266979218e-03 3.565216362476348877e-01
-6.230947002768516541e-02 3.679507970809936523e-01
