-6.823768615722656250e-01 -2.663735449314117432e-01 3.959835767745971680e-01 0.000000000000000000e+00
-6.016076207160949707e-01 -8.983001112937927246e-02 4.259461760520935059e-01 0.000000000000000000e+00
-5.109029412269592285e-01 1.094763651490211487e-01 4.463497698307037354e-01 0.000000000000000000e+00
-4.341069757938385010e-01 2.853567600250244141e-01 3.870357573032379150e-01 0.000000000000000000e+00
-3.617787063121795654e-01 4.506659209728240967e-01 2.596679627895355225e-01 0.000000000000000000e+00
-2.858826518058776855e-01 5.878726243972778320e-01 7.249278575181961060e-02 0.000000000000000000e+00
-1.609839498996734619e-01 6.866110563278198242e-01 -7.204902917146682739e-02 1.000000000000000000e+00
-1.876479759812355042e-02 7.447667121887207031e-01 -2.408259212970733643e-01 1.000000000000000000e+00
1.559585332870483398e-01 7.490645647048950195e-01 -2.952017486095428467e-01 1.000000000000000000e+00
2.986703813076019287e-01 6.765558719635009766e-01 -3.193281888961791992e-01 1.000000000000000000e+00
4.662214815616607666e-01 5.485958456993103027e-01 -2.414400130510330200e-01 1.000000000000000000e+00
5.859943628311157227e-01 3.881794214248657227e-01 -1.766646057367324829e-01 1.000000000000000000e+00
6.794664859771728516e-01 2.071336507797241211e-01 -5.254990234971046448e-02 1.000000000000000000e+00
7.332757711410522461e-01 1.176877040416002274e-02 2.725698240101337433e-02 1.000000000000000000e+00
7.476451992988586426e-01 -1.829394102096557617e-01 4.760964959859848022e-02 1.000000000000000000e+00
7.183914184570312500e-01 -3.986840844154357910e-01 -5.302882753312587738e-03 1.000000000000000000e+00
6.971911787986755371e-01 -5.915081501007080078e-01 -5.152018740773200989e-02 1.000000000000000000e+00
-7.159881591796875000e-01 -3.107686340808868408e-01 -9.350440651178359985e-02 1.000000000000000000e+00
-7.171603441238403320e-01 -4.542728066444396973e-01 -2.849994897842407227e-01 1.000000000000000000e+00
-6.216358542442321777e-01 -4.979083538055419922e-01 -4.560081958770751953e-01 1.000000000000000000e+00
-4.880971610546112061e-01 -5.004628896713256836e-01 -5.607457160949707031e-01 1.000000000000000000e+00
-3.589714765548706055e-01 -4.813449382781982422e-01 -6.117981076240539551e-01 1.000000000000000000e+00
-1.793176382780075073e-01 -5.293182134628295898e-01 -6.710627079010009766e-01 1.000000000000000000e+00
-6.593304872512817383e-02 -6.069139242172241211e-01 -6.989497542381286621e-01 1.000000000000000000e+00
8.987060934305191040e-02 -6.688756942749023438e-01 -6.883040666580200195e-01 1.000000000000000000e+00
2.707782089710235596e-01 -6.943787336349487305e-01 -6.018148064613342285e-01 1.000000000000000000e+00
4.344910681247711182e-01 -5.915731191635131836e-01 -4.618888497352600098e-01 1.000000000000000000e+00
-2.362208217382431030e-01 -3.565910458564758301e-01 -6.429435610771179199e-01 1.000000000000000000e+00
-2.208054065704345703e-01 -2.307512462139129639e-01 -6.967767477035522461e-01 1.000000000000000000e+00
-2.165134400129318237e-01 -1.314069926738739014e-01 -7.566547393798828125e-01 1.000000000000000000e+00
-2.053347975015640259e-01 -3.231322765350341797e-02 -7.976703643798828125e-01 1.000000000000000000e+00
-2.567353248596191406e-01 6.497482955455780029e-02 -5.638716816902160645e-01 1.000000000000000000e+00
-1.928575485944747925e-01 7.964604347944259644e-02 -6.072330474853515625e-01 1.000000000000000000e+00
-1.297705620527267456e-01 8.247625827789306641e-02 -6.404389739036560059e-01 1.000000000000000000e+00
-6.671871989965438843e-02 4.925226792693138123e-02 -6.488224864006042480e-01 1.000000000000000000e+00
-1.597799477167427540e-03 4.906999412924051285e-03 -6.482899188995361328e-01 1.000000000000000000e+00
-6.101016402244567871e-01 -2.257748991250991821e-01 -3.116059005260467529e-01 1.000000000000000000e+00
-5.501074194908142090e-01 -2.430671453475952148e-01 -4.299696087837219238e-01 1.000000000000000000e+00
-4.715026915073394775e-01 -2.640613913536071777e-01 -4.583810567855834961e-01 1.000000000000000000e+00
-3.763359189033508301e-01 -2.766476571559906006e-01 -4.591118097305297852e-01 1.000000000000000000e+00
-4.572321772575378418e-01 -2.370077669620513916e-01 -4.466990828514099121e-01 1.000000000000000000e+00
-5.392143726348876953e-01 -2.111486643552780151e-01 -4.101665318012237549e-01 1.000000000000000000e+00
-6.323128007352352142e-03 -3.625804781913757324e-01 -5.833414793014526367e-01 1.000000000000000000e+00
6.922374665737152100e-02 -3.913452923297882080e-01 -6.377450227737426758e-01 1.000000000000000000e+00
1.518710553646087646e-01 -4.101884365081787109e-01 -6.604242920875549316e-01 1.000000000000000000e+00
2.671696543693542480e-01 -4.353872537612915039e-01 -6.007810831069946289e-01 1.000000000000000000e+00
1.651837974786758423e-01 -3.773856759071350098e-01 -6.426538228988647461e-01 1.000000000000000000e+00
7.595227658748626709e-02 -3.616393804550170898e-01 -6.222352385520935059e-01 1.000000000000000000e+00
-2.387653440237045288e-01 3.267385363578796387e-01 -3.635424077510833740e-01 1.000000000000000000e+00
-2.313543707132339478e-01 2.586728632450103760e-01 -4.988560676574707031e-01 1.000000000000000000e+00
-1.529195755720138550e-01 2.226132899522781372e-01 -6.003328561782836914e-01 1.000000000000000000e+00
-9.018280357122421265e-02 2.141372561454772949e-01 -6.287941336631774902e-01 1.000000000000000000e+00
-2.457687258720397949e-02 1.915857791900634766e-01 -6.414668560028076172e-01 1.000000000000000000e+00
1.058110222220420837e-01 1.793732047080993652e-01 -6.034624576568603516e-01 1.000000000000000000e+00
2.387654930353164673e-01 2.183866202831268311e-01 -4.968391358852386475e-01 1.000000000000000000e+00
1.878106445074081421e-01 3.447658717632293701e-01 -5.374436974525451660e-01 1.000000000000000000e+00
8.558833599090576172e-02 4.128503501415252686e-01 -5.756111145019531250e-01 1.000000000000000000e+00
1.396815665066242218e-02 4.384069740772247314e-01 -5.629242658615112305e-01 1.000000000000000000e+00
-6.026457995176315308e-02 4.431332945823669434e-01 -5.363970994949340820e-01 1.000000000000000000e+00
-1.609876453876495361e-01 4.201352596282958984e-01 -4.514240920543670654e-01 1.000000000000000000e+00
-2.309542447328567505e-01 3.278594017028808594e-01 -3.605634868144989014e-01 1.000000000000000000e+00
-1.183167695999145508e-01 2.597805857658386230e-01 -5.263254642486572266e-01 0.000000000000000000e+00
-5.838417261838912964e-02 2.430093586444854736e-01 -5.512970685958862305e-01 1.000000000000000000e+00
6.290638353675603867e-03 2.299999892711639404e-01 -5.663530230522155762e-01 0.000000000000000000e+00
2.363970279693603516e-01 2.181291878223419189e-01 -4.967700541019439697e-01 1.000000000000000000e+00
7.596807181835174561e-02 3.386735618114471436e-01 -5.377488732337951660e-01 1.000000000000000000e+00
7.507192902266979218e-03 3.565216362476348877e-01 -5.293415188789367676e-01 1.000000000000000000e+00
-6.230947002768516541e-02 3.679507970809936523e-01 -5.024012327194213867e-01 1.000000000000000000e+00
