-7.237502336502075195e-01 -1.697076410055160522e-01
-6.919261813163757324e-01 5.083424970507621765e-03
-6.150155663490295410e-01 1.665652841329574585e-01
-5.349170565605163574e-01 3.060840368270874023e-01
-4.521516561508178711e-01 4.449541568756103516e-01
-3.480487167835235596e-01 5.741432905197143555e-01
-2.140009552240371704e-01 6.664828062057495117e-01
-4.640708491206169128e-02 7.309778332710266113e-01
1.097379103302955627e-01 7.194091677665710449e-01
2.814633846282958984e-01 6.440040469169616699e-01
4.510092735290527344e-01 5.281738638877868652e-01
5.809430480003356934e-01 3.864308595657348633e-01
6.797758936882019043e-01 2.078933119773864746e-01
7.329724431037902832e-01 6.635168101638555527e-03
7.444165349006652832e-01 -1.910919398069381714e-01
7.111344933509826660e-01 -4.031890034675598145e-01
6.854671239852905273e-01 -6.000521183013916016e-01
-7.465961575508117676e-01 -2.724547386169433594e-01
-7.540426850318908691e-01 -4.311494529247283936e-01
-6.625016927719116211e-01 -4.782800376415252686e-01
-5.258534550666809082e-01 -4.834124445915222168e-01
-3.933551907539367676e-01 -4.662226736545562744e-01
-2.029583901166915894e-01 -5.182210803031921387e-01
-8.764812350273132324e-02 -6.020777225494384766e-01
7.221400737762451172e-02 -6.753470897674560547e-01
2.526266276836395264e-01 -7.019297480583190918e-01
4.229439496994018555e-01 -5.844029188156127930e-01
-2.585336565971374512e-01 -3.351757824420928955e-01
-2.402763366699218750e-01 -1.973125189542770386e-01
-2.340597063302993774e-01 -9.251397848129272461e-02
-2.213948965072631836e-01 1.419647689908742905e-02
-2.472698092460632324e-01 1.377471536397933960e-01
-1.941914409399032593e-01 1.467953324317932129e-01
-1.386466324329376221e-01 1.543641090393066406e-01
-8.197454363107681274e-02 1.192255392670631409e-01
-2.519771829247474670e-02 8.181645721197128296e-02
-6.378812193870544434e-01 -2.056090086698532104e-01
-5.894778370857238770e-01 -2.548508346080780029e-01
-5.015375018119812012e-01 -2.744366526603698730e-01
-3.987984359264373779e-01 -2.577058672904968262e-01
-4.724217951297760010e-01 -2.096367180347442627e-01
-5.587888360023498535e-01 -1.816660910844802856e-01
-2.249506488442420959e-02 -3.530341386795043945e-01
3.810478001832962036e-02 -4.203949868679046631e-01
1.301043331623077393e-01 -4.505445957183837891e-01
2.560877501964569092e-01 -4.399390518665313721e-01
1.547826081514358521e-01 -3.655252456665039062e-01
5.950162932276725769e-02 -3.451341390609741211e-01
-2.383210510015487671e-01 3.998242020606994629e-01
-2.161530852317810059e-01 3.614291250705718994e-01
-1.510919183492660522e-01 3.248625695705413818e-01
-9.722125530242919922e-02 3.180775046348571777e-01
-4.101051390171051025e-02 2.966881394386291504e-01
6.730782985687255859e-02 2.885288596153259277e-01
1.747319549322128296e-01 2.882646322250366211e-01
1.184046342968940735e-01 3.499973416328430176e-01
2.582838013768196106e-02 4.057327806949615479e-01
-3.441585600376129150e-02 4.286466240882873535e-01
-9.685648232698440552e-02 4.385347068309783936e-01
-1.793409287929534912e-01 4.304711520671844482e-01
-2.322419285774230957e-01 3.982464969158172607e-01
-1.178710535168647766e-01 3.793966174125671387e-01
-6.482795625925064087e-02 3.668381273746490479e-01
-8.562219329178333282e-03 3.516066670417785645e-01
1.724166125059127808e-01 2.889206707477569580e-01
8.837999776005744934e-03 3.334948420524597168e-01
-5.227489024400711060e-02 3.514891564846038818e-01
-1.108034700155258179e-01 3.667566478252410889e-01
