-7.096922993659973145e-01 -2.292179167270660400e-01 3.938051760196685791e-01 0.000000000000000000e+00
-6.229100227355957031e-01 -4.944484680891036987e-02 4.254744946956634521e-01 0.000000000000000000e+00
-5.230982303619384766e-01 1.516239792108535767e-01 4.464448094367980957e-01 0.000000000000000000e+00
-4.358295500278472900e-01 3.281794488430023193e-01 3.801957070827484131e-01 0.000000000000000000e+00
-3.570513725280761719e-01 4.947078824043273926e-01 2.392475455999374390e-01 0.000000000000000000e+00
-2.808782160282135010e-01 6.259655952453613281e-01 2.909857034683227539e-02 0.000000000000000000e+00
-1.598069816827774048e-01 6.955553293228149414e-01 -1.409490108489990234e-01 1.000000000000000000e+00
-3.092269040644168854e-02 7.343324422836303711e-01 -3.335481584072113037e-01 1.000000000000000000e+00
1.413477063179016113e-01 7.196104526519775391e-01 -3.995869755744934082e-01 1.000000000000000000e+00
2.813132703304290771e-01 6.444884538650512695e-01 -4.284789562225341797e-01 1.000000000000000000e+00
4.502549469470977783e-01 5.285659432411193848e-01 -3.316730558872222900e-01 1.000000000000000000e+00
5.806008577346801758e-01 3.880372345447540283e-01 -2.453236281871795654e-01 1.000000000000000000e+00
6.800008416175842285e-01 2.097830027341842651e-01 -9.350448846817016602e-02 1.000000000000000000e+00
7.331944704055786133e-01 9.675649926066398621e-03 3.306978382170200348e-03 1.000000000000000000e+00
7.469196319580078125e-01 -1.877429783344268799e-01 2.983891218900680542e-02 1.000000000000000000e+00
7.126745581626892090e-01 -4.038560986518859863e-01 -2.212796919047832489e-02 1.000000000000000000e+00
6.869698166847229004e-01 -5.991565585136413574e-01 -6.915252655744552612e-02 1.000000000000000000e+00
-7.465961575508117676e-01 -2.724547386169433594e-01 -1.041408702731132507e-01 1.000000000000000000e+00
-7.540426850318908691e-01 -4.311494529247283936e-01 -3.021328449249267578e-01 1.000000000000000000e+00
-6.625016927719116211e-01 -4.782800376415252686e-01 -4.787870049476623535e-01 1.000000000000000000e+00
-5.258534550666809082e-01 -4.834124445915222168e-01 -5.892628431320190430e-01 1.000000000000000000e+00
-3.933551907539367676e-01 -4.662226736545562744e-01 -6.426734924316406250e-01 1.000000000000000000e+00
-2.029583901166915894e-01 -5.182210803031921387e-01 -7.066947221755981445e-01 1.000000000000000000e+00
-8.764812350273132324e-02 -6.020777225494384766e-01 -7.352553606033325195e-01 1.000000000000000000e+00
7.221400737762451172e-02 -6.753470897674560547e-01 -7.194668650627136230e-01 1.000000000000000000e+00
2.526266276836395264e-01 -7.019297480583190918e-01 -6.282756328582763672e-01 1.000000000000000000e+00
4.229439496994018555e-01 -5.844029188156127930e-01 -4.855355918407440186e-01 1.000000000000000000e+00
-2.585336565971374512e-01 -3.351757824420928955e-01 -6.752077937126159668e-01 1.000000000000000000e+00
-2.402763366699218750e-01 -1.973125189542770386e-01 -7.352599501609802246e-01 1.000000000000000000e+00
-2.340597063302993774e-01 -9.251397848129272461e-02 -7.956958413124084473e-01 1.000000000000000000e+00
-2.213948965072631836e-01 1.419647689908742905e-02 -8.395566344261169434e-01 1.000000000000000000e+00
-2.472698092460632324e-01 1.377471536397933960e-01 -6.052030324935913086e-01 1.000000000000000000e+00
-1.941914409399032593e-01 1.467953324317932129e-01 -6.494511961936950684e-01 1.000000000000000000e+00
-1.386466324329376221e-01 1.543641090393066406e-01 -6.864269971847534180e-01 1.000000000000000000e+00
-8.197454363107681274e-02 1.192255392670631409e-01 -6.883118152618408203e-01 1.000000000000000000e+00
-2.519771829247474670e-02 8.181645721197128296e-02 -6.809930205345153809e-01 1.000000000000000000e+00
-6.378812193870544434e-01 -2.056090086698532104e-01 -3.199659883975982666e-01 1.000000000000000000e+00
-5.894778370857238770e-01 -2.548508346080780029e-01 -4.440255165100097656e-01 1.000000000000000000e+00
-5.015375018119812012e-01 -2.744366526603698730e-01 -4.789063632488250732e-01 1.000000000000000000e+00
-3.987984359264373779e-01 -2.577058672904968262e-01 -4.740493893623352051e-01 1.000000000000000000e+00
-4.724217951297760010e-01 -2.096367180347442627e-01 -4.582391679286956787e-01 1.000000000000000000e+00
-5.587888360023498535e-01 -1.816660910844802856e-01 -4.185015857219696045e-01 1.000000000000000000e+00
-2.249506488442420959e-02 -3.530341386795043945e-01 -6.029397249221801758e-01 1.000000000000000000e+00
3.810478001832962036e-02 -4.203949868679046631e-01 -6.639593243598937988e-01 1.000000000000000000e+00
1.301043331623077393e-01 -4.505445957183837891e-01 -6.871848106384277344e-01 1.000000000000000000e+00
2.560877501964569092e-01 -4.399390518665313721e-01 -6.173856854438781738e-01 1.000000000000000000e+00
1.547826081514358521e-01 -3.655252456665039062e-01 -6.555419564247131348e-01 1.000000000000000000e+00
5.950162932276725769e-02 -3.451341390609741211e-01 -6.365120410919189453e-01 1.000000000000000000e+00
-2.383210510015487671e-01 3.998242020606994629e-01 -4.796708524227142334e-01 1.000000000000000000e+00
-2.161530852317810059e-01 3.614291250705718994e-01 -5.909935832023620605e-01 1.000000000000000000e+00
-1.510919183492660522e-01 3.248625695705413818e-01 -6.703502535820007324e-01 1.000000000000000000e+00
-9.722125530242919922e-02 3.180775046348571777e-01 -6.961892843246459961e-01 1.000000000000000000e+00
-4.101051390171051025e-02 2.966881394386291504e-01 -7.080675959587097168e-01 1.000000000000000000e+00
6.730782985687255859e-02 2.885288596153259277e-01 -6.845415234565734863e-01 1.000000000000000000e+00
1.747319549322128296e-01 2.882646322250366211e-01 -6.127890348434448242e-01 1.000000000000000000e+00
1.184046342968940735e-01 3.499973416328430176e-01 -6.515471339225769043e-01 1.000000000000000000e+00
2.582838013768196106e-02 4.057327806949615479e-01 -6.757871508598327637e-01 1.000000000000000000e+00
-3.441585600376129150e-02 4.286466240882873535e-01 -6.604971885681152344e-01 1.000000000000000000e+00
-9.685648232698440552e-02 4.385347068309783936e-01 -6.346827745437622070e-01 1.000000000000000000e+00
-1.793409287929534912e-01 4.304711520671844482e-01 -5.590708255767822266e-01 1.000000000000000000e+00
-2.322419285774230957e-01 3.982464969158172607e-01 -4.793947935104370117e-01 1.000000000000000000e+00
-1.178710535168647766e-01 3.793966174125671387e-01 -6.147140860557556152e-01 1.000000000000000000e+00
-6.482795625925064087e-02 3.668381273746490479e-01 -6.384663581848144531e-01 1.000000000000000000e+00
-8.562219329178333282e-03 3.516066670417785645e-01 -6.494498252868652344e-01 1.000000000000000000e+00
1.724166125059127808e-01 2.889206707477569580e-01 -6.122906804084777832e-01 1.000000000000000000e+00
8.837999776005744934e-03 3.334948420524597168e-01 -6.641953587532043457e-01 1.000000000000000000e+00
-5.227489024400711060e-02 3.514891564846038818e-01 -6.503972411155700684e-01 1.000000000000000000e+00
-1.108034700155258179e-01 3.667566478252410889e-01 -6.257729530334472656e-01 1.000000000000000000e+00
