-7.190176248550415039e-01 -1.674133986234664917e-01
-6.849328875541687012e-01 9.530226700007915497e-03
-6.061951518058776855e-01 1.721948683261871338e-01
-5.204339027404785156e-01 3.145003020763397217e-01
-4.376996755599975586e-01 4.538142681121826172e-01
-3.293217122554779053e-01 5.829306244850158691e-01
-1.944185942411422729e-01 6.802965402603149414e-01
-2.777863107621669769e-02 7.523897290229797363e-01
1.293359696865081787e-01 7.440581321716308594e-01
3.008569478988647461e-01 6.672042012214660645e-01
4.702180325984954834e-01 5.437350273132324219e-01
5.996695756912231445e-01 3.948816359043121338e-01
6.983484029769897461e-01 2.088692635297775269e-01
7.527571320533752441e-01 4.275523591786623001e-03
7.639673948287963867e-01 -1.968366056680679321e-01
7.254254817962646484e-01 -4.145028889179229736e-01
6.964957118034362793e-01 -6.113004088401794434e-01
-7.454829216003417969e-01 -2.721738815307617188e-01
-7.584022879600524902e-01 -4.217455685138702393e-01
-6.681082248687744141e-01 -4.626600146293640137e-01
-5.325453281402587891e-01 -4.639690220355987549e-01
-4.014142155647277832e-01 -4.471056759357452393e-01
-2.130512148141860962e-01 -4.993520379066467285e-01
-9.888444840908050537e-02 -5.812746286392211914e-01
6.131966039538383484e-02 -6.559564471244812012e-01
2.449161708354949951e-01 -6.897482275962829590e-01
4.206727743148803711e-01 -5.823422670364379883e-01
-2.676110565662384033e-01 -3.178106248378753662e-01
-2.486339807510375977e-01 -1.796452552080154419e-01
-2.429510504007339478e-01 -7.531770318746566772e-02
-2.304087579250335693e-01 3.082270175218582153e-02
-2.537264227867126465e-01 1.457050591707229614e-01
-1.989864259958267212e-01 1.579465717077255249e-01
-1.429078876972198486e-01 1.666112691164016724e-01
-8.608771115541458130e-02 1.297782063484191895e-01
-2.760220319032669067e-02 8.863855153322219849e-02
-6.357101798057556152e-01 -1.784759610891342163e-01
-5.780307054519653320e-01 -1.942506283521652222e-01
-4.981822669506072998e-01 -2.183176130056381226e-01
-4.018789231777191162e-01 -2.338991165161132812e-01
-4.798780083656311035e-01 -1.897049695253372192e-01
-5.651572346687316895e-01 -1.606065481901168823e-01
-2.472078986465930939e-02 -3.296198546886444092e-01
5.013200640678405762e-02 -3.607362508773803711e-01
1.355106234550476074e-01 -3.808099627494812012e-01
2.537081539630889893e-01 -4.102974832057952881e-01
1.522835046052932739e-01 -3.460531830787658691e-01
5.738532170653343201e-02 -3.275820016860961914e-01
-2.315677553415298462e-01 4.113120734691619873e-01
-2.153642922639846802e-01 3.729657530784606934e-01
-1.499540954828262329e-01 3.392962813377380371e-01
-9.544987231492996216e-02 3.338853716850280762e-01
-3.873229399323463440e-02 3.101776838302612305e-01
7.357820868492126465e-02 2.967906892299652100e-01
1.880462169647216797e-01 2.960544824600219727e-01
1.358360499143600464e-01 3.664662539958953857e-01
4.207041114568710327e-02 4.243028163909912109e-01
-1.943559385836124420e-02 4.488098025321960449e-01
-8.437313884496688843e-02 4.578940272331237793e-01
-1.691145002841949463e-01 4.493567645549774170e-01
-2.250525504350662231e-01 4.094422459602355957e-01
-1.150721982121467590e-01 3.890828490257263184e-01
-6.079535558819770813e-02 3.770776987075805664e-01
-3.684709779918193817e-03 3.599910140037536621e-01
1.856746375560760498e-01 2.966052889823913574e-01
2.438302710652351379e-02 3.465235829353332520e-01
-3.779274970293045044e-02 3.640433251857757568e-01
-9.924492239952087402e-02 3.809739053249359131e-01
