-6.982676386833190918e-01 -2.468978017568588257e-01 3.833540678024291992e-01 0.000000000000000000e+00
-6.088242530822753906e-01 -6.575729697942733765e-02 4.196905195713043213e-01 0.000000000000000000e+00
-5.070787668228149414e-01 1.377637684345245361e-01 4.457498788833618164e-01 0.000000000000000000e+00
-4.175021052360534668e-01 3.186814188957214355e-01 3.832958936691284180e-01 0.000000000000000000e+00
-3.376261591911315918e-01 4.908097982406616211e-01 2.446877062320709229e-01 0.000000000000000000e+00
-2.614223361015319824e-01 6.311950683593750000e-01 3.684872388839721680e-02 0.000000000000000000e+00
-1.409265846014022827e-01 7.093704342842102051e-01 -1.357340663671493530e-01 1.000000000000000000e+00
-1.232358161360025406e-02 7.536479234695434570e-01 -3.325523436069488525e-01 1.000000000000000000e+00
1.607826650142669678e-01 7.422404289245605469e-01 -4.013046026229858398e-01 1.000000000000000000e+00
3.008569478988647461e-01 6.672042012214660645e-01 -4.329010546207427979e-01 1.000000000000000000e+00
4.702180325984954834e-01 5.437350273132324219e-01 -3.380490243434906006e-01 1.000000000000000000e+00
5.996695756912231445e-01 3.948816359043121338e-01 -2.562972903251647949e-01 1.000000000000000000e+00
6.983484029769897461e-01 2.088692635297775269e-01 -1.136574745178222656e-01 1.000000000000000000e+00
7.527571320533752441e-01 4.275523591786623001e-03 -2.595431357622146606e-02 1.000000000000000000e+00
7.639673948287963867e-01 -1.968366056680679321e-01 -7.996749132871627808e-03 1.000000000000000000e+00
7.254254817962646484e-01 -4.145028889179229736e-01 -6.661382317543029785e-02 1.000000000000000000e+00
6.964957118034362793e-01 -6.113004088401794434e-01 -1.202764138579368591e-01 1.000000000000000000e+00
-7.454829216003417969e-01 -2.721738815307617188e-01 -1.229544356465339661e-01 1.000000000000000000e+00
-7.584022879600524902e-01 -4.217455685138702393e-01 -3.299008309841156006e-01 1.000000000000000000e+00
-6.681082248687744141e-01 -4.626600146293640137e-01 -5.110080838203430176e-01 1.000000000000000000e+00
-5.325453281402587891e-01 -4.639690220355987549e-01 -6.250448226928710938e-01 1.000000000000000000e+00
-4.014142155647277832e-01 -4.471056759357452393e-01 -6.806390285491943359e-01 1.000000000000000000e+00
-2.130512148141860962e-01 -4.993520379066467285e-01 -7.494115829467773438e-01 1.000000000000000000e+00
-9.888444840908050537e-02 -5.812746286392211914e-01 -7.814008593559265137e-01 1.000000000000000000e+00
6.131966039538383484e-02 -6.559564471244812012e-01 -7.730246186256408691e-01 1.000000000000000000e+00
2.449161708354949951e-01 -6.897482275962829590e-01 -6.859803199768066406e-01 1.000000000000000000e+00
4.206727743148803711e-01 -5.823422670364379883e-01 -5.384226441383361816e-01 1.000000000000000000e+00
-2.676110565662384033e-01 -3.178106248378753662e-01 -7.131887078285217285e-01 1.000000000000000000e+00
-2.486339807510375977e-01 -1.796452552080154419e-01 -7.683726549148559570e-01 1.000000000000000000e+00
-2.429510504007339478e-01 -7.531770318746566772e-02 -8.267907500267028809e-01 1.000000000000000000e+00
-2.304087579250335693e-01 3.082270175218582153e-02 -8.677114844322204590e-01 1.000000000000000000e+00
-2.537264227867126465e-01 1.457050591707229614e-01 -6.272627711296081543e-01 1.000000000000000000e+00
-1.989864259958267212e-01 1.579465717077255249e-01 -6.729454398155212402e-01 1.000000000000000000e+00
-1.429078876972198486e-01 1.666112691164016724e-01 -7.105761766433715820e-01 1.000000000000000000e+00
-8.608771115541458130e-02 1.297782063484191895e-01 -7.157189846038818359e-01 1.000000000000000000e+00
-2.760220319032669067e-02 8.863855153322219849e-02 -7.118010520935058594e-01 1.000000000000000000e+00
-6.357101798057556152e-01 -1.784759610891342163e-01 -3.461025357246398926e-01 1.000000000000000000e+00
-5.780307054519653320e-01 -1.942506283521652222e-01 -4.697691798210144043e-01 1.000000000000000000e+00
-4.981822669506072998e-01 -2.183176130056381226e-01 -5.022514462471008301e-01 1.000000000000000000e+00
-4.018789231777191162e-01 -2.338991165161132812e-01 -5.055901408195495605e-01 1.000000000000000000e+00
-4.798780083656311035e-01 -1.897049695253372192e-01 -4.886325895786285400e-01 1.000000000000000000e+00
-5.651572346687316895e-01 -1.606065481901168823e-01 -4.464899003505706787e-01 1.000000000000000000e+00
-2.472078986465930939e-02 -3.296198546886444092e-01 -6.453099250793457031e-01 1.000000000000000000e+00
5.013200640678405762e-02 -3.607362508773803711e-01 -7.042711377143859863e-01 1.000000000000000000e+00
1.355106234550476074e-01 -3.808099627494812012e-01 -7.295641899108886719e-01 1.000000000000000000e+00
2.537081539630889893e-01 -4.102974832057952881e-01 -6.695702075958251953e-01 1.000000000000000000e+00
1.522835046052932739e-01 -3.460531830787658691e-01 -7.067196369171142578e-01 1.000000000000000000e+00
5.738532170653343201e-02 -3.275820016860961914e-01 -6.839005351066589355e-01 1.000000000000000000e+00
-2.315677553415298462e-01 4.113120734691619873e-01 -4.900966584682464600e-01 1.000000000000000000e+00
-2.153642922639846802e-01 3.729657530784606934e-01 -5.991030931472778320e-01 1.000000000000000000e+00
-1.499540954828262329e-01 3.392962813377380371e-01 -6.827135682106018066e-01 1.000000000000000000e+00
-9.544987231492996216e-02 3.338853716850280762e-01 -7.099265456199645996e-01 1.000000000000000000e+00
-3.873229399323463440e-02 3.101776838302612305e-01 -7.232229113578796387e-01 1.000000000000000000e+00
7.357820868492126465e-02 2.967906892299652100e-01 -7.000857591629028320e-01 1.000000000000000000e+00
1.880462169647216797e-01 2.960544824600219727e-01 -6.304024457931518555e-01 1.000000000000000000e+00
1.358360499143600464e-01 3.664662539958953857e-01 -6.685016751289367676e-01 1.000000000000000000e+00
4.207041114568710327e-02 4.243028163909912109e-01 -6.947788596153259277e-01 1.000000000000000000e+00
-1.943559385836124420e-02 4.488098025321960449e-01 -6.775209903717041016e-01 1.000000000000000000e+00
-8.437313884496688843e-02 4.578940272331237793e-01 -6.502869129180908203e-01 1.000000000000000000e+00
-1.691145002841949463e-01 4.493567645549774170e-01 -5.727499127388000488e-01 1.000000000000000000e+00
-2.250525504350662231e-01 4.094422459602355957e-01 -4.896782636642456055e-01 1.000000000000000000e+00
-1.150721982121467590e-01 3.890828490257263184e-01 -6.225564479827880859e-01 0.000000000000000000e+00
-6.079535558819770813e-02 3.770776987075805664e-01 -6.480367779731750488e-01 1.000000000000000000e+00
-3.684709779918193817e-03 3.599910140037536621e-01 -6.613622903823852539e-01 0.000000000000000000e+00
1.856746375560760498e-01 2.966052889823913574e-01 -6.299948692321777344e-01 1.000000000000000000e+00
2.438302710652351379e-02 3.465235829353332520e-01 -6.805678009986877441e-01 1.000000000000000000e+00
-3.779274970293045044e-02 3.640433251857757568e-01 -6.657697558403015137e-01 1.000000000000000000e+00
-9.924492239952087402e-02 3.809739053249359131e-01 -6.403057575225830078e-01 1.000000000000000000e+00
