-7.109868526458740234e-01 -1.454087793827056885e-01
-6.800248026847839355e-01 1.967087015509605408e-02
-6.056961417198181152e-01 1.806029379367828369e-01
-5.237937569618225098e-01 3.223125636577606201e-01
-4.346014857292175293e-01 4.581779539585113525e-01
-3.221969008445739746e-01 5.866988301277160645e-01
-1.802816390991210938e-01 6.880484819412231445e-01
1.985504757612943649e-03 7.603808641433715820e-01
1.615290492773056030e-01 7.538588047027587891e-01
3.282755613327026367e-01 6.708833575248718262e-01
4.898223578929901123e-01 5.400542020797729492e-01
6.042774319648742676e-01 3.809317350387573242e-01
6.882300376892089844e-01 2.004940062761306763e-01
7.293304204940795898e-01 2.218020847067236900e-03
7.340860366821289062e-01 -1.934962570667266846e-01
7.001914381980895996e-01 -3.987565040588378906e-01
6.727143526077270508e-01 -5.955599546432495117e-01
-7.286850810050964355e-01 -2.444922924041748047e-01
-7.341113686561584473e-01 -3.972510695457458496e-01
-6.370437741279602051e-01 -4.500608146190643311e-01
-4.982270896434783936e-01 -4.591109454631805420e-01
-3.649983704090118408e-01 -4.446663856506347656e-01
-1.805494576692581177e-01 -5.035728812217712402e-01
-6.818613409996032715e-02 -5.910543799400329590e-01
8.661063760519027710e-02 -6.641665101051330566e-01
2.635978758335113525e-01 -6.945054531097412109e-01
4.275746345520019531e-01 -5.890501141548156738e-01
-2.329344600439071655e-01 -3.243980705738067627e-01
-2.099934220314025879e-01 -1.984045356512069702e-01
-2.000606358051300049e-01 -1.002273261547088623e-01
-1.840438991785049438e-01 -1.363743096590042114e-03
-2.319084703922271729e-01 1.051232069730758667e-01
-1.694139987230300903e-01 1.170120462775230408e-01
-1.073383092880249023e-01 1.184425577521324158e-01
-4.709400609135627747e-02 8.153933286666870117e-02
1.294147502630949020e-02 3.476162999868392944e-02
-6.157053112983703613e-01 -1.737273633480072021e-01
-5.566275119781494141e-01 -2.060589343309402466e-01
-4.756421446800231934e-01 -2.299442589282989502e-01
-3.790498077869415283e-01 -2.365061789751052856e-01
-4.563839137554168701e-01 -1.914615184068679810e-01
-5.397881269454956055e-01 -1.608714014291763306e-01
-2.767218393273651600e-04 -3.440082967281341553e-01
6.971956789493560791e-02 -3.915911614894866943e-01
1.551487445831298828e-01 -4.187771379947662354e-01
2.719136178493499756e-01 -4.337111115455627441e-01
1.737796813249588013e-01 -3.666990399360656738e-01
8.275268226861953735e-02 -3.452350199222564697e-01
-2.160076797008514404e-01 3.725568354129791260e-01
-2.036734521389007568e-01 3.039367794990539551e-01
-1.273064166307449341e-01 2.614318132400512695e-01
-6.598190963268280029e-02 2.503225207328796387e-01
-3.154492471367120743e-03 2.250478267669677734e-01
1.184680685400962830e-01 2.110945880413055420e-01
2.374628484249114990e-01 2.416607737541198730e-01
1.898356080055236816e-01 3.540461659431457520e-01
9.336327016353607178e-02 4.238968193531036377e-01
2.576716616749763489e-02 4.521375298500061035e-01
-4.507358372211456299e-02 4.620630443096160889e-01
-1.427408158779144287e-01 4.470753371715545654e-01
-2.086152434349060059e-01 3.727613389492034912e-01
-9.308943152427673340e-02 3.037203848361968994e-01
-3.519629314541816711e-02 2.847195863723754883e-01
2.617309242486953735e-02 2.689360976219177246e-01
2.351197302341461182e-01 2.416773736476898193e-01
7.778935134410858154e-02 3.507324755191802979e-01
1.209531072527170181e-02 3.720317482948303223e-01
-5.347889289259910583e-02 3.877189457416534424e-01
