-7.019567489624023438e-01 -1.907186657190322876e-01 3.944557607173919678e-01 1.000000000000000000e+00
-6.137349605560302734e-01 -1.596380583941936493e-02 4.224086105823516846e-01 0.000000000000000000e+00
-5.121396780014038086e-01 1.794350892305374146e-01 4.406697452068328857e-01 0.000000000000000000e+00
-4.218684732913970947e-01 3.497931659221649170e-01 3.763683438301086426e-01 0.000000000000000000e+00
-3.402533233165740967e-01 5.106718540191650391e-01 2.435022443532943726e-01 0.000000000000000000e+00
-2.560238838195800781e-01 6.375092267990112305e-01 4.840077832341194153e-02 0.000000000000000000e+00
-1.273211985826492310e-01 7.183628082275390625e-01 -1.031398624181747437e-01 1.000000000000000000e+00
1.487242430448532104e-02 7.621187567710876465e-01 -2.769923806190490723e-01 1.000000000000000000e+00
1.892879307270050049e-01 7.518790960311889648e-01 -3.321292698383331299e-01 1.000000000000000000e+00
3.281748294830322266e-01 6.718759536743164062e-01 -3.545888662338256836e-01 1.000000000000000000e+00
4.881741702556610107e-01 5.417163968086242676e-01 -2.647829353809356689e-01 1.000000000000000000e+00
6.033320426940917969e-01 3.857259750366210938e-01 -1.859484463930130005e-01 1.000000000000000000e+00
6.885083913803100586e-01 2.066108584403991699e-01 -4.520832374691963196e-02 1.000000000000000000e+00
7.303052544593811035e-01 1.026805210858583450e-02 4.698313400149345398e-02 1.000000000000000000e+00
7.404745817184448242e-01 -1.854467391967773438e-01 7.504025101661682129e-02 1.000000000000000000e+00
7.042464613914489746e-01 -4.003526568412780762e-01 2.778313681483268738e-02 1.000000000000000000e+00
6.773262619972229004e-01 -5.936883091926574707e-01 -1.344814617186784744e-02 1.000000000000000000e+00
-7.286850810050964355e-01 -2.444922924041748047e-01 -9.851975739002227783e-02 1.000000000000000000e+00
-7.341113686561584473e-01 -3.972510695457458496e-01 -2.891009449958801270e-01 1.000000000000000000e+00
-6.370437741279602051e-01 -4.500608146190643311e-01 -4.587587416172027588e-01 1.000000000000000000e+00
-4.982270896434783936e-01 -4.591109454631805420e-01 -5.618293881416320801e-01 1.000000000000000000e+00
-3.649983704090118408e-01 -4.446663856506347656e-01 -6.122919321060180664e-01 1.000000000000000000e+00
-1.805494576692581177e-01 -5.035728812217712402e-01 -6.674571037292480469e-01 1.000000000000000000e+00
-6.818613409996032715e-02 -5.910543799400329590e-01 -6.891563534736633301e-01 1.000000000000000000e+00
8.661063760519027710e-02 -6.641665101051330566e-01 -6.712332367897033691e-01 1.000000000000000000e+00
2.635978758335113525e-01 -6.945054531097412109e-01 -5.773004889488220215e-01 1.000000000000000000e+00
4.275746345520019531e-01 -5.890501141548156738e-01 -4.336581826210021973e-01 1.000000000000000000e+00
-2.329344600439071655e-01 -3.243980705738067627e-01 -6.441977620124816895e-01 1.000000000000000000e+00
-2.099934220314025879e-01 -1.984045356512069702e-01 -6.991242170333862305e-01 1.000000000000000000e+00
-2.000606358051300049e-01 -1.002273261547088623e-01 -7.599972486495971680e-01 1.000000000000000000e+00
-1.840438991785049438e-01 -1.363743096590042114e-03 -8.029752373695373535e-01 1.000000000000000000e+00
-2.319084703922271729e-01 1.051232069730758667e-01 -5.735418200492858887e-01 1.000000000000000000e+00
-1.694139987230300903e-01 1.170120462775230408e-01 -6.159840226173400879e-01 1.000000000000000000e+00
-1.073383092880249023e-01 1.184425577521324158e-01 -6.487510204315185547e-01 1.000000000000000000e+00
-4.709400609135627747e-02 8.153933286666870117e-02 -6.530189514160156250e-01 1.000000000000000000e+00
1.294147502630949020e-02 3.476162999868392944e-02 -6.476783156394958496e-01 1.000000000000000000e+00
-6.157053112983703613e-01 -1.737273633480072021e-01 -3.160417973995208740e-01 1.000000000000000000e+00
-5.566275119781494141e-01 -2.060589343309402466e-01 -4.332378804683685303e-01 1.000000000000000000e+00
-4.756421446800231934e-01 -2.299442589282989502e-01 -4.611791074275970459e-01 1.000000000000000000e+00
-3.790498077869415283e-01 -2.365061789751052856e-01 -4.586290717124938965e-01 1.000000000000000000e+00
-4.563839137554168701e-01 -1.914615184068679810e-01 -4.479530751705169678e-01 1.000000000000000000e+00
-5.397881269454956055e-01 -1.608714014291763306e-01 -4.135199189186096191e-01 1.000000000000000000e+00
-2.767218393273651600e-04 -3.440082967281341553e-01 -5.742110013961791992e-01 1.000000000000000000e+00
6.971956789493560791e-02 -3.915911614894866943e-01 -6.269417405128479004e-01 1.000000000000000000e+00
1.551487445831298828e-01 -4.187771379947662354e-01 -6.462797522544860840e-01 1.000000000000000000e+00
2.719136178493499756e-01 -4.337111115455627441e-01 -5.803734064102172852e-01 1.000000000000000000e+00
1.737796813249588013e-01 -3.666990399360656738e-01 -6.259660720825195312e-01 1.000000000000000000e+00
8.275268226861953735e-02 -3.452350199222564697e-01 -6.087531447410583496e-01 1.000000000000000000e+00
-2.160076797008514404e-01 3.725568354129791260e-01 -4.038406908512115479e-01 1.000000000000000000e+00
-2.036734521389007568e-01 3.039367794990539551e-01 -5.293019413948059082e-01 1.000000000000000000e+00
-1.273064166307449341e-01 2.614318132400512695e-01 -6.215618848800659180e-01 1.000000000000000000e+00
-6.598190963268280029e-02 2.503225207328796387e-01 -6.479393839836120605e-01 1.000000000000000000e+00
-3.154492471367120743e-03 2.250478267669677734e-01 -6.587362885475158691e-01 1.000000000000000000e+00
1.184680685400962830e-01 2.110945880413055420e-01 -6.230288147926330566e-01 1.000000000000000000e+00
2.374628484249114990e-01 2.416607737541198730e-01 -5.269395112991333008e-01 1.000000000000000000e+00
1.898356080055236816e-01 3.540461659431457520e-01 -5.715916156768798828e-01 1.000000000000000000e+00
9.336327016353607178e-02 4.238968193531036377e-01 -6.075813770294189453e-01 1.000000000000000000e+00
2.576716616749763489e-02 4.521375298500061035e-01 -5.950229763984680176e-01 1.000000000000000000e+00
-4.507358372211456299e-02 4.620630443096160889e-01 -5.695644617080688477e-01 1.000000000000000000e+00
-1.427408158779144287e-01 4.470753371715545654e-01 -4.886212944984436035e-01 1.000000000000000000e+00
-2.086152434349060059e-01 3.727613389492034912e-01 -4.009946286678314209e-01 1.000000000000000000e+00
-9.308943152427673340e-02 3.037203848361968994e-01 -5.536712408065795898e-01 1.000000000000000000e+00
-3.519629314541816711e-02 2.847195863723754883e-01 -5.755844116210937500e-01 1.000000000000000000e+00
2.617309242486953735e-02 2.689360976219177246e-01 -5.889434218406677246e-01 0.000000000000000000e+00
2.351197302341461182e-01 2.416773736476898193e-01 -5.265772342681884766e-01 1.000000000000000000e+00
7.778935134410858154e-02 3.507324755191802979e-01 -5.737283825874328613e-01 1.000000000000000000e+00
1.209531072527170181e-02 3.720317482948303223e-01 -5.648913979530334473e-01 1.000000000000000000e+00
-5.347889289259910583e-02 3.877189457416534424e-01 -5.394761562347412109e-01 1.000000000000000000e+00
