-7.239563465118408203e-01 -1.776524633169174194e-01
-6.934547424316406250e-01 -4.616401158273220062e-03
-6.194533109664916992e-01 1.561114192008972168e-01
-5.375068187713623047e-01 2.988907694816589355e-01
-4.579885303974151611e-01 4.386315643787384033e-01
-3.528482913970947266e-01 5.680892467498779297e-01
-2.208264470100402832e-01 6.665270328521728516e-01
-5.751568824052810669e-02 7.390002012252807617e-01
9.902867674827575684e-02 7.328634262084960938e-01
2.731682658195495605e-01 6.609778404235839844e-01
4.475221037864685059e-01 5.423364639282226562e-01
5.816525220870971680e-01 3.961433768272399902e-01
6.842222809791564941e-01 2.124708294868469238e-01
7.410407662391662598e-01 9.734957478940486908e-03
7.531350851058959961e-01 -1.901723146438598633e-01
7.155286073684692383e-01 -4.068961143493652344e-01
6.876401901245117188e-01 -6.023424267768859863e-01
-7.486275434494018555e-01 -2.805723845958709717e-01
-7.610460519790649414e-01 -4.271202385425567627e-01
-6.724347472190856934e-01 -4.661747515201568604e-01
-5.388047099113464355e-01 -4.662176072597503662e-01
-4.094861745834350586e-01 -4.485601484775543213e-01
-2.230580300092697144e-01 -4.984816908836364746e-01
-1.093248650431632996e-01 -5.781448483467102051e-01
5.015857517719268799e-02 -6.500768065452575684e-01
2.336010932922363281e-01 -6.821956634521484375e-01
4.092769920825958252e-01 -5.758970379829406738e-01
-2.793793678283691406e-01 -3.207420408725738525e-01
-2.624421715736389160e-01 -1.851627826690673828e-01
-2.586619257926940918e-01 -8.267825096845626831e-02
-2.479645460844039917e-01 2.174871414899826050e-02
-2.719898223876953125e-01 1.327499151229858398e-01
-2.174213379621505737e-01 1.460160464048385620e-01
-1.612035185098648071e-01 1.547932922840118408e-01
-1.037311479449272156e-01 1.184913963079452515e-01
-4.453089088201522827e-02 7.724495977163314819e-02
-6.428720355033874512e-01 -1.880014538764953613e-01
-5.868455767631530762e-01 -2.028095573186874390e-01
-5.077755451202392578e-01 -2.257473766803741455e-01
-4.120457768440246582e-01 -2.403697967529296875e-01
-4.897382259368896484e-01 -1.976311206817626953e-01
-5.742032527923583984e-01 -1.698901802301406860e-01
-3.706448897719383240e-02 -3.315445482730865479e-01
3.645662590861320496e-02 -3.620545268058776855e-01
1.211491227149963379e-01 -3.812486529350280762e-01
2.392779886722564697e-01 -4.089743196964263916e-01
1.377064138650894165e-01 -3.463253974914550781e-01
4.380430653691291809e-02 -3.288038969039916992e-01
-2.543709576129913330e-01 3.890539705753326416e-01
-2.375750988721847534e-01 3.528400957584381104e-01
-1.711079031229019165e-01 3.207895755767822266e-01
-1.160284057259559631e-01 3.157803416252136230e-01
-5.870607122778892517e-02 2.922482192516326904e-01
5.530859157443046570e-02 2.785826623439788818e-01
1.717757284641265869e-01 2.798123359680175781e-01
1.162507981061935425e-01 3.493117690086364746e-01
1.976058073341846466e-02 4.035798907279968262e-01
-4.276726394891738892e-02 4.262666106224060059e-01
-1.078632250428199768e-01 4.345149695873260498e-01
-1.927487999200820923e-01 4.264822602272033691e-01
-2.478588819503784180e-01 3.868612051010131836e-01
-1.369628906250000000e-01 3.693407475948333740e-01
-8.190941810607910156e-02 3.572426736354827881e-01
-2.407114394009113312e-02 3.408641517162322998e-01
1.693522930145263672e-01 2.802100479602813721e-01
4.909222479909658432e-03 3.265729248523712158e-01
-5.832429602742195129e-02 3.423887193202972412e-01
-1.206424608826637268e-01 3.584208786487579346e-01
