-6.974397897720336914e-01 -2.562188506126403809e-01 3.952176570892333984e-01 0.000000000000000000e+00
-6.104797720909118652e-01 -7.587065547704696655e-02 4.301253557205200195e-01 0.000000000000000000e+00
-5.132070779800415039e-01 1.273172348737716675e-01 4.544077813625335693e-01 0.000000000000000000e+00
-4.296247661113739014e-01 3.083990514278411865e-01 3.913763165473937988e-01 0.000000000000000000e+00
-3.554652035236358643e-01 4.800512194633483887e-01 2.521446049213409424e-01 0.000000000000000000e+00
-2.845280766487121582e-01 6.191022396087646484e-01 4.300402104854583740e-02 0.000000000000000000e+00
-1.673213392496109009e-01 6.975149512290954590e-01 -1.312362998723983765e-01 1.000000000000000000e+00
-4.170850291848182678e-02 7.411957383155822754e-01 -3.296023011207580566e-01 1.000000000000000000e+00
1.308841109275817871e-01 7.325068712234497070e-01 -3.990872204303741455e-01 1.000000000000000000e+00
2.731682658195495605e-01 6.609778404235839844e-01 -4.298870563507080078e-01 1.000000000000000000e+00
4.475221037864685059e-01 5.423364639282226562e-01 -3.358738124370574951e-01 1.000000000000000000e+00
5.816525220870971680e-01 3.961433768272399902e-01 -2.553639113903045654e-01 1.000000000000000000e+00
6.842222809791564941e-01 2.124708294868469238e-01 -1.140546873211860657e-01 1.000000000000000000e+00
7.410407662391662598e-01 9.734957478940486908e-03 -2.699262090027332306e-02 1.000000000000000000e+00
7.531350851058959961e-01 -1.901723146438598633e-01 -8.235852234065532684e-03 1.000000000000000000e+00
7.155286073684692383e-01 -4.068961143493652344e-01 -6.580337882041931152e-02 1.000000000000000000e+00
6.876401901245117188e-01 -6.023424267768859863e-01 -1.190751269459724426e-01 1.000000000000000000e+00
-7.486275434494018555e-01 -2.805723845958709717e-01 -1.064732074737548828e-01 1.000000000000000000e+00
-7.610460519790649414e-01 -4.271202385425567627e-01 -3.113674521446228027e-01 1.000000000000000000e+00
-6.724347472190856934e-01 -4.661747515201568604e-01 -4.916843175888061523e-01 1.000000000000000000e+00
-5.388047099113464355e-01 -4.662176072597503662e-01 -6.057870984077453613e-01 1.000000000000000000e+00
-4.094861745834350586e-01 -4.485601484775543213e-01 -6.621664166450500488e-01 1.000000000000000000e+00
-2.230580300092697144e-01 -4.984816908836364746e-01 -7.321274876594543457e-01 1.000000000000000000e+00
-1.093248650431632996e-01 -5.781448483467102051e-01 -7.650685310363769531e-01 1.000000000000000000e+00
5.015857517719268799e-02 -6.500768065452575684e-01 -7.589588165283203125e-01 1.000000000000000000e+00
2.336010932922363281e-01 -6.821956634521484375e-01 -6.754262447357177734e-01 1.000000000000000000e+00
4.092769920825958252e-01 -5.758970379829406738e-01 -5.314215421676635742e-01 1.000000000000000000e+00
-2.793793678283691406e-01 -3.207420408725738525e-01 -6.960658431053161621e-01 1.000000000000000000e+00
-2.624421715736389160e-01 -1.851627826690673828e-01 -7.501813173294067383e-01 1.000000000000000000e+00
-2.586619257926940918e-01 -8.267825096845626831e-02 -8.080921769142150879e-01 1.000000000000000000e+00
-2.479645460844039917e-01 2.174871414899826050e-02 -8.491536974906921387e-01 1.000000000000000000e+00
-2.719898223876953125e-01 1.327499151229858398e-01 -6.104409098625183105e-01 1.000000000000000000e+00
-2.174213379621505737e-01 1.460160464048385620e-01 -6.567322611808776855e-01 1.000000000000000000e+00
-1.612035185098648071e-01 1.547932922840118408e-01 -6.945716142654418945e-01 1.000000000000000000e+00
-1.037311479449272156e-01 1.184913963079452515e-01 -7.008655071258544922e-01 1.000000000000000000e+00
-4.453089088201522827e-02 7.724495977163314819e-02 -6.975882649421691895e-01 1.000000000000000000e+00
-6.428720355033874512e-01 -1.880014538764953613e-01 -3.285284638404846191e-01 1.000000000000000000e+00
-5.868455767631530762e-01 -2.028095573186874390e-01 -4.515564441680908203e-01 1.000000000000000000e+00
-5.077755451202392578e-01 -2.257473766803741455e-01 -4.846507012844085693e-01 1.000000000000000000e+00
-4.120457768440246582e-01 -2.403697967529296875e-01 -4.889571368694305420e-01 1.000000000000000000e+00
-4.897382259368896484e-01 -1.976311206817626953e-01 -4.712772667407989502e-01 1.000000000000000000e+00
-5.742032527923583984e-01 -1.698901802301406860e-01 -4.287579059600830078e-01 1.000000000000000000e+00
-3.706448897719383240e-02 -3.315445482730865479e-01 -6.315906643867492676e-01 1.000000000000000000e+00
3.645662590861320496e-02 -3.620545268058776855e-01 -6.909766197204589844e-01 1.000000000000000000e+00
1.211491227149963379e-01 -3.812486529350280762e-01 -7.169297337532043457e-01 1.000000000000000000e+00
2.392779886722564697e-01 -4.089743196964263916e-01 -6.587135195732116699e-01 1.000000000000000000e+00
1.377064138650894165e-01 -3.463253974914550781e-01 -6.943357586860656738e-01 1.000000000000000000e+00
4.380430653691291809e-02 -3.288038969039916992e-01 -6.706138849258422852e-01 1.000000000000000000e+00
-2.543709576129913330e-01 3.890539705753326416e-01 -4.735147953033447266e-01 1.000000000000000000e+00
-2.375750988721847534e-01 3.528400957584381104e-01 -5.804101824760437012e-01 1.000000000000000000e+00
-1.711079031229019165e-01 3.207895755767822266e-01 -6.646769046783447266e-01 1.000000000000000000e+00
-1.160284057259559631e-01 3.157803416252136230e-01 -6.922110915184020996e-01 1.000000000000000000e+00
-5.870607122778892517e-02 2.922482192516326904e-01 -7.065762877464294434e-01 1.000000000000000000e+00
5.530859157443046570e-02 2.785826623439788818e-01 -6.851359605789184570e-01 1.000000000000000000e+00
1.717757284641265869e-01 2.798123359680175781e-01 -6.169434189796447754e-01 1.000000000000000000e+00
1.162507981061935425e-01 3.493117690086364746e-01 -6.556801199913024902e-01 1.000000000000000000e+00
1.976058073341846466e-02 4.035798907279968262e-01 -6.828812956809997559e-01 1.000000000000000000e+00
-4.276726394891738892e-02 4.262666106224060059e-01 -6.661855578422546387e-01 1.000000000000000000e+00
-1.078632250428199768e-01 4.345149695873260498e-01 -6.386858820915222168e-01 1.000000000000000000e+00
-1.927487999200820923e-01 4.264822602272033691e-01 -5.596743226051330566e-01 1.000000000000000000e+00
-2.478588819503784180e-01 3.868612051010131836e-01 -4.732908904552459717e-01 1.000000000000000000e+00
-1.369628906250000000e-01 3.693407475948333740e-01 -6.056540608406066895e-01 0.000000000000000000e+00
-8.190941810607910156e-02 3.572426736354827881e-01 -6.311559677124023438e-01 1.000000000000000000e+00
-2.407114394009113312e-02 3.408641517162322998e-01 -6.462443470954895020e-01 0.000000000000000000e+00
1.693522930145263672e-01 2.802100479602813721e-01 -6.165334582328796387e-01 1.000000000000000000e+00
4.909222479909658432e-03 3.265729248523712158e-01 -6.676579713821411133e-01 1.000000000000000000e+00
-5.832429602742195129e-02 3.423887193202972412e-01 -6.534609794616699219e-01 1.000000000000000000e+00
-1.206424608826637268e-01 3.584208786487579346e-01 -6.271788477897644043e-01 1.000000000000000000e+00
