-6.328266859054565430e-01 -5.333123803138732910e-01
-6.949904561042785645e-01 -3.628863096237182617e-01
-7.261753678321838379e-01 -1.836285889148712158e-01
-7.341700196266174316e-01 -3.080348484218120575e-02
-7.360944151878356934e-01 1.340512484312057495e-01
-7.107053399085998535e-01 3.063431680202484131e-01
-6.293137073516845703e-01 4.778805077075958252e-01
-5.027955174446105957e-01 6.439753174781799316e-01
-3.577656447887420654e-01 7.238596677780151367e-01
-1.699125617742538452e-01 7.381327152252197266e-01
4.843095317482948303e-02 7.096404433250427246e-01
2.377203702926635742e-01 6.332461833953857422e-01
4.025105237960815430e-01 5.092090368270874023e-01
5.432412624359130859e-01 3.486972153186798096e-01
6.417275667190551758e-01 1.781022846698760986e-01
7.216536402702331543e-01 -6.598288659006357193e-03
7.966033816337585449e-01 -1.877250820398330688e-01
-5.857830047607421875e-01 -6.163712143898010254e-01
-4.975164532661437988e-01 -7.299219369888305664e-01
-3.812689185142517090e-01 -7.042648792266845703e-01
-2.543152868747711182e-01 -6.294034719467163086e-01
-1.450886875391006470e-01 -5.429275035858154297e-01
4.396914690732955933e-02 -4.871691763401031494e-01
1.866878718137741089e-01 -4.968901574611663818e-01
3.562594652175903320e-01 -4.776201844215393066e-01
5.198465585708618164e-01 -4.199582934379577637e-01
6.002080440521240234e-01 -2.572472393512725830e-01
-9.533651918172836304e-02 -3.633550703525543213e-01
-1.459303647279739380e-01 -2.308631092309951782e-01
-1.914775073528289795e-01 -1.270639002323150635e-01
-2.325027137994766235e-01 -2.090306952595710754e-02
-3.411370515823364258e-01 2.257288247346878052e-02
-2.902341783046722412e-01 6.718821823596954346e-02
-2.349946051836013794e-01 1.055782362818717957e-01
-1.620350033044815063e-01 1.073441430926322937e-01
-8.597353100776672363e-02 1.035351082682609558e-01
-5.032281279563903809e-01 -4.808205962181091309e-01
-4.282210469245910645e-01 -4.830293357372283936e-01
-3.402099609375000000e-01 -4.517084956169128418e-01
-2.580366432666778564e-01 -3.873439431190490723e-01
-3.495289683341979980e-01 -3.864111006259918213e-01
-4.400120973587036133e-01 -4.102131426334381104e-01
1.032129973173141479e-01 -2.716265618801116943e-01
1.934428066015243530e-01 -2.866732180118560791e-01
2.882899343967437744e-01 -2.643297612667083740e-01
3.887377679347991943e-01 -2.047136723995208740e-01
2.661234140396118164e-01 -1.888274252414703369e-01
1.740249246358871460e-01 -2.205807417631149292e-01
-4.822130799293518066e-01 1.961862593889236450e-01
-4.235157668590545654e-01 1.873779892921447754e-01
-3.295312225818634033e-01 2.124137878417968750e-01
-2.680508792400360107e-01 2.397859841585159302e-01
-1.988798081874847412e-01 2.534278929233551025e-01
-8.452102541923522949e-02 2.938526570796966553e-01
7.895574904978275299e-03 3.429330587387084961e-01
-1.060006022453308105e-01 4.011664688587188721e-01
-2.324182242155075073e-01 4.095976650714874268e-01
-3.074429035186767578e-01 3.959303498268127441e-01
-3.749129772186279297e-01 3.673783838748931885e-01
-4.541927874088287354e-01 2.988884150981903076e-01
-4.779043793678283691e-01 1.994452327489852905e-01
-3.271320462226867676e-01 2.555908858776092529e-01
-2.626812756061553955e-01 2.748915255069732666e-01
-1.968539655208587646e-01 2.965503633022308350e-01
6.228438112884759903e-03 3.422253131866455078e-01
-2.079915106296539307e-01 3.391549587249755859e-01
-2.810748815536499023e-01 3.229052424430847168e-01
-3.483334779739379883e-01 2.984041273593902588e-01
