-6.102135777473449707e-01 -6.158465147018432617e-01 1.772223860025405884e-01 1.000000000000000000e+00
-6.343606710433959961e-01 -4.215104877948760986e-01 2.298607826232910156e-01 0.000000000000000000e+00
-6.548020243644714355e-01 -1.989469677209854126e-01 2.753137350082397461e-01 0.000000000000000000e+00
-6.730650067329406738e-01 4.757044371217489243e-03 2.334560155868530273e-01 0.000000000000000000e+00
-6.839853525161743164e-01 2.023444324731826782e-01 1.161443442106246948e-01 0.000000000000000000e+00
-6.754785776138305664e-01 3.775393068790435791e-01 -6.948857009410858154e-02 0.000000000000000000e+00
-5.975484251976013184e-01 5.263376235961914062e-01 -2.166635543107986450e-01 1.000000000000000000e+00
-4.921358227729797363e-01 6.509383320808410645e-01 -3.925127983093261719e-01 1.000000000000000000e+00
-3.334041833877563477e-01 7.342177033424377441e-01 -4.444066584110260010e-01 1.000000000000000000e+00
-1.695306003093719482e-01 7.393669486045837402e-01 -4.612580239772796631e-01 1.000000000000000000e+00
4.299923032522201538e-02 7.118684649467468262e-01 -3.582281768321990967e-01 1.000000000000000000e+00
2.291810810565948486e-01 6.395640969276428223e-01 -2.713839411735534668e-01 1.000000000000000000e+00
3.965827226638793945e-01 5.183191299438476562e-01 -1.256418675184249878e-01 1.000000000000000000e+00
5.373425483703613281e-01 3.627802431583404541e-01 -3.731282055377960205e-02 1.000000000000000000e+00
6.461329460144042969e-01 1.948523074388504028e-01 -1.970888301730155945e-02 1.000000000000000000e+00
7.297686338424682617e-01 -5.426139570772647858e-03 -8.645700663328170776e-02 1.000000000000000000e+00
8.057969808578491211e-01 -1.841713488101959229e-01 -1.451167762279510498e-01 1.000000000000000000e+00
-5.857830047607421875e-01 -6.163712143898010254e-01 -3.256388902664184570e-01 1.000000000000000000e+00
-4.975164532661437988e-01 -7.299219369888305664e-01 -5.316261649131774902e-01 1.000000000000000000e+00
-3.812689185142517090e-01 -7.042648792266845703e-01 -6.989429593086242676e-01 1.000000000000000000e+00
-2.543152868747711182e-01 -6.294034719467163086e-01 -7.924945354461669922e-01 1.000000000000000000e+00
-1.450886875391006470e-01 -5.429275035858154297e-01 -8.273907899856567383e-01 1.000000000000000000e+00
4.396914690732955933e-02 -4.871691763401031494e-01 -8.717187643051147461e-01 1.000000000000000000e+00
1.866878718137741089e-01 -4.968901574611663818e-01 -8.943803310394287109e-01 1.000000000000000000e+00
3.562594652175903320e-01 -4.776201844215393066e-01 -8.657090067863464355e-01 1.000000000000000000e+00
5.198465585708618164e-01 -4.199582934379577637e-01 -7.564294934272766113e-01 1.000000000000000000e+00
6.002080440521240234e-01 -2.572472393512725830e-01 -5.892204046249389648e-01 1.000000000000000000e+00
-9.533651918172836304e-02 -3.633550703525543213e-01 -8.351051807403564453e-01 1.000000000000000000e+00
-1.459303647279739380e-01 -2.308631092309951782e-01 -8.879866600036621094e-01 1.000000000000000000e+00
-1.914775073528289795e-01 -1.270639002323150635e-01 -9.448189735412597656e-01 1.000000000000000000e+00
-2.325027137994766235e-01 -2.090306952595710754e-02 -9.846270680427551270e-01 1.000000000000000000e+00
-3.411370515823364258e-01 2.257288247346878052e-02 -7.308707833290100098e-01 1.000000000000000000e+00
-2.902341783046722412e-01 6.718821823596954346e-02 -7.686460614204406738e-01 1.000000000000000000e+00
-2.349946051836013794e-01 1.055782362818717957e-01 -7.960910201072692871e-01 1.000000000000000000e+00
-1.620350033044815063e-01 1.073441430926322937e-01 -7.983970046043395996e-01 1.000000000000000000e+00
-8.597353100776672363e-02 1.035351082682609558e-01 -7.896118760108947754e-01 1.000000000000000000e+00
-5.032281279563903809e-01 -4.808205962181091309e-01 -5.190988779067993164e-01 1.000000000000000000e+00
-4.282210469245910645e-01 -4.830293357372283936e-01 -6.394335031509399414e-01 1.000000000000000000e+00
-3.402099609375000000e-01 -4.517084956169128418e-01 -6.638367176055908203e-01 1.000000000000000000e+00
-2.580366432666778564e-01 -3.873439431190490723e-01 -6.452400088310241699e-01 1.000000000000000000e+00
-3.495289683341979980e-01 -3.864111006259918213e-01 -6.374221444129943848e-01 1.000000000000000000e+00
-4.400120973587036133e-01 -4.102131426334381104e-01 -6.074937582015991211e-01 1.000000000000000000e+00
1.032129973173141479e-01 -2.716265618801116943e-01 -7.328032255172729492e-01 1.000000000000000000e+00
1.934428066015243530e-01 -2.866732180118560791e-01 -7.905146479606628418e-01 1.000000000000000000e+00
2.882899343967437744e-01 -2.643297612667083740e-01 -8.056650161743164062e-01 1.000000000000000000e+00
3.887377679347991943e-01 -2.047136723995208740e-01 -7.227596044540405273e-01 1.000000000000000000e+00
2.661234140396118164e-01 -1.888274252414703369e-01 -7.698468565940856934e-01 1.000000000000000000e+00
1.740249246358871460e-01 -2.205807417631149292e-01 -7.595512866973876953e-01 1.000000000000000000e+00
-4.822130799293518066e-01 1.961862593889236450e-01 -5.036895275115966797e-01 1.000000000000000000e+00
-4.235157668590545654e-01 1.873779892921447754e-01 -6.468037366867065430e-01 1.000000000000000000e+00
-3.295312225818634033e-01 2.124137878417968750e-01 -7.409487962722778320e-01 1.000000000000000000e+00
-2.680508792400360107e-01 2.397859841585159302e-01 -7.635445594787597656e-01 1.000000000000000000e+00
-1.988798081874847412e-01 2.534278929233551025e-01 -7.714608907699584961e-01 1.000000000000000000e+00
-8.452102541923522949e-02 2.938526570796966553e-01 -7.243981957435607910e-01 1.000000000000000000e+00
7.895574904978275299e-03 3.429330587387084961e-01 -6.155084967613220215e-01 1.000000000000000000e+00
-1.060006022453308105e-01 4.011664688587188721e-01 -6.680415272712707520e-01 1.000000000000000000e+00
-2.324182242155075073e-01 4.095976650714874268e-01 -7.082610130310058594e-01 1.000000000000000000e+00
-3.074429035186767578e-01 3.959303498268127441e-01 -6.972926259040832520e-01 1.000000000000000000e+00
-3.749129772186279297e-01 3.673783838748931885e-01 -6.729351878166198730e-01 1.000000000000000000e+00
-4.541927874088287354e-01 2.988884150981903076e-01 -5.876027345657348633e-01 1.000000000000000000e+00
-4.779043793678283691e-01 1.994452327489852905e-01 -5.019547939300537109e-01 1.000000000000000000e+00
-3.271320462226867676e-01 2.555908858776092529e-01 -6.654536724090576172e-01 0.000000000000000000e+00
-2.626812756061553955e-01 2.748915255069732666e-01 -6.853000521659851074e-01 0.000000000000000000e+00
-1.968539655208587646e-01 2.965503633022308350e-01 -6.951210498809814453e-01 0.000000000000000000e+00
6.228438112884759903e-03 3.422253131866455078e-01 -6.157802343368530273e-01 1.000000000000000000e+00
-2.079915106296539307e-01 3.391549587249755859e-01 -6.815726757049560547e-01 1.000000000000000000e+00
-2.810748815536499023e-01 3.229052424430847168e-01 -6.767702102661132812e-01 1.000000000000000000e+00
-3.483334779739379883e-01 2.984041273593902588e-01 -6.479200124740600586e-01 1.000000000000000000e+00
