-7.077255249023437500e-01 -2.061734795570373535e-01
-6.842822432518005371e-01 -4.465103521943092346e-02
-6.180065274238586426e-01 1.200454980134963989e-01
-5.425838232040405273e-01 2.675405740737915039e-01
-4.578686058521270752e-01 4.042676985263824463e-01
-3.434578180313110352e-01 5.369762778282165527e-01
-2.040822654962539673e-01 6.541306972503662109e-01
-1.811711862683296204e-02 7.448859214782714844e-01
1.432889699935913086e-01 7.507661581039428711e-01
3.126551508903503418e-01 6.713225245475769043e-01
4.785645902156829834e-01 5.404260158538818359e-01
5.946086645126342773e-01 3.752382099628448486e-01
6.839530467987060547e-01 1.927210539579391479e-01
7.340896129608154297e-01 -3.485725028440356255e-03
7.421428561210632324e-01 -1.984188258647918701e-01
7.103027105331420898e-01 -4.113597571849822998e-01
6.859987974166870117e-01 -6.063860058784484863e-01
-7.230638861656188965e-01 -3.061529099941253662e-01
-7.238481640815734863e-01 -4.517240524291992188e-01
-6.268918514251708984e-01 -4.988121986389160156e-01
-4.925525188446044922e-01 -5.044475197792053223e-01
-3.628700971603393555e-01 -4.876774251461029053e-01
-1.840469986200332642e-01 -5.386667847633361816e-01
-7.165242731571197510e-02 -6.181201934814453125e-01
8.310661464929580688e-02 -6.817191243171691895e-01
2.634899616241455078e-01 -7.088806629180908203e-01
4.279141128063201904e-01 -6.075712442398071289e-01
-2.384752929210662842e-01 -3.645807802677154541e-01
-2.208998650312423706e-01 -2.394366711378097534e-01
-2.145104855298995972e-01 -1.402024477720260620e-01
-2.013868093490600586e-01 -4.127353429794311523e-02
-2.543017566204071045e-01 5.844845250248908997e-02
-1.894556730985641479e-01 7.198785990476608276e-02
-1.259103864431381226e-01 7.325394451618194580e-02
-6.303254514932632446e-02 3.918155655264854431e-02
1.751223811879754066e-03 -6.430024746805429459e-03
-6.131738424301147461e-01 -2.245016694068908691e-01
-5.517341494560241699e-01 -2.426681518554687500e-01
-4.734042584896087646e-01 -2.651868462562561035e-01
-3.785417973995208740e-01 -2.804521024227142334e-01
-4.595251679420471191e-01 -2.397994697093963623e-01
-5.413001775741577148e-01 -2.123355567455291748e-01
-9.709492325782775879e-03 -3.729611039161682129e-01
6.695614755153656006e-02 -4.011729657649993896e-01
1.491337418556213379e-01 -4.209387898445129395e-01
2.632545530796051025e-01 -4.495305120944976807e-01
1.622300148010253906e-01 -3.912296891212463379e-01
7.326651364564895630e-02 -3.741614520549774170e-01
-2.333511710166931152e-01 3.264256715774536133e-01
-2.272141873836517334e-01 2.526898384094238281e-01
-1.480341255664825439e-01 2.132392078638076782e-01
-8.488678932189941406e-02 2.032885700464248657e-01
-1.909310370683670044e-02 1.797930300235748291e-01
1.119269505143165588e-01 1.668979078531265259e-01
2.457481175661087036e-01 2.087294012308120728e-01
1.976646631956100464e-01 3.392577171325683594e-01
9.672993421554565430e-02 4.099062383174896240e-01
2.491341531276702881e-02 4.373126327991485596e-01
-5.019918084144592285e-02 4.432175457477569580e-01
-1.525416672229766846e-01 4.216792881488800049e-01
-2.253902554512023926e-01 3.276641964912414551e-01
-1.130981296300888062e-01 2.503812015056610107e-01
-5.316941440105438232e-02 2.322077751159667969e-01
1.169305760413408279e-02 2.183841615915298462e-01
2.433581203222274780e-01 2.084820717573165894e-01
8.536600321531295776e-02 3.362175226211547852e-01
1.709749549627304077e-02 3.554304838180541992e-01
-5.304408818483352661e-02 3.681348562240600586e-01
