-6.929579973220825195e-01 -2.557435631752014160e-01 4.020303487777709961e-01 0.000000000000000000e+00
-6.105663180351257324e-01 -7.934106141328811646e-02 4.306345283985137939e-01 0.000000000000000000e+00
-5.177955031394958496e-01 1.198786497116088867e-01 4.494660198688507080e-01 0.000000000000000000e+00
-4.389729797840118408e-01 2.951135933399200439e-01 3.898059129714965820e-01 0.000000000000000000e+00
-3.627248406410217285e-01 4.584833085536956787e-01 2.620646357536315918e-01 0.000000000000000000e+00
-2.819945216178894043e-01 5.936408638954162598e-01 7.542314380407333374e-02 0.000000000000000000e+00
-1.525677889585494995e-01 6.911662817001342773e-01 -6.699577718973159790e-02 1.000000000000000000e+00
-6.088817026466131210e-03 7.459716200828552246e-01 -2.331499904394149780e-01 1.000000000000000000e+00
1.702462285757064819e-01 7.477511763572692871e-01 -2.857798337936401367e-01 1.000000000000000000e+00
3.123867213726043701e-01 6.717401146888732910e-01 -3.085489273071289062e-01 1.000000000000000000e+00
4.778999090194702148e-01 5.409208536148071289e-01 -2.306281179189682007e-01 1.000000000000000000e+00
5.943467020988464355e-01 3.770519196987152100e-01 -1.654897034168243408e-01 1.000000000000000000e+00
6.841732263565063477e-01 1.949569731950759888e-01 -4.035447537899017334e-02 1.000000000000000000e+00
7.342490553855895996e-01 -6.345883593894541264e-04 4.120591282844543457e-02 1.000000000000000000e+00
7.440789341926574707e-01 -1.956113427877426147e-01 6.366808712482452393e-02 1.000000000000000000e+00
7.116049528121948242e-01 -4.120990633964538574e-01 1.339642796665430069e-02 1.000000000000000000e+00
6.873873472213745117e-01 -6.054230332374572754e-01 -3.035721927881240845e-02 1.000000000000000000e+00
-7.230638861656188965e-01 -3.061529099941253662e-01 -8.744208514690399170e-02 1.000000000000000000e+00
-7.238481640815734863e-01 -4.517240524291992188e-01 -2.771562337875366211e-01 1.000000000000000000e+00
-6.268918514251708984e-01 -4.988121986389160156e-01 -4.468289315700531006e-01 1.000000000000000000e+00
-4.925525188446044922e-01 -5.044475197792053223e-01 -5.503968596458435059e-01 1.000000000000000000e+00
-3.628700971603393555e-01 -4.876774251461029053e-01 -6.007433533668518066e-01 1.000000000000000000e+00
-1.840469986200332642e-01 -5.386667847633361816e-01 -6.576853394508361816e-01 1.000000000000000000e+00
-7.165242731571197510e-02 -6.181201934814453125e-01 -6.835191845893859863e-01 1.000000000000000000e+00
8.310661464929580688e-02 -6.817191243171691895e-01 -6.711022853851318359e-01 1.000000000000000000e+00
2.634899616241455078e-01 -7.088806629180908203e-01 -5.830395817756652832e-01 1.000000000000000000e+00
4.279141128063201904e-01 -6.075712442398071289e-01 -4.432981014251708984e-01 1.000000000000000000e+00
-2.384752929210662842e-01 -3.645807802677154541e-01 -6.328391432762145996e-01 1.000000000000000000e+00
-2.208998650312423706e-01 -2.394366711378097534e-01 -6.884645223617553711e-01 1.000000000000000000e+00
-2.145104855298995972e-01 -1.402024477720260620e-01 -7.498131990432739258e-01 1.000000000000000000e+00
-2.013868093490600586e-01 -4.127353429794311523e-02 -7.920164465904235840e-01 1.000000000000000000e+00
-2.543017566204071045e-01 5.844845250248908997e-02 -5.596938133239746094e-01 1.000000000000000000e+00
-1.894556730985641479e-01 7.198785990476608276e-02 -6.027134060859680176e-01 1.000000000000000000e+00
-1.259103864431381226e-01 7.325394451618194580e-02 -6.354035139083862305e-01 1.000000000000000000e+00
-6.303254514932632446e-02 3.918155655264854431e-02 -6.428844928741455078e-01 1.000000000000000000e+00
1.751223811879754066e-03 -6.430024746805429459e-03 -6.414942145347595215e-01 1.000000000000000000e+00
-6.131738424301147461e-01 -2.245016694068908691e-01 -3.064241409301757812e-01 1.000000000000000000e+00
-5.517341494560241699e-01 -2.426681518554687500e-01 -4.242213368415832520e-01 1.000000000000000000e+00
-4.734042584896087646e-01 -2.651868462562561035e-01 -4.515510499477386475e-01 1.000000000000000000e+00
-3.785417973995208740e-01 -2.804521024227142334e-01 -4.516086578369140625e-01 1.000000000000000000e+00
-4.595251679420471191e-01 -2.397994697093963623e-01 -4.404133260250091553e-01 1.000000000000000000e+00
-5.413001775741577148e-01 -2.123355567455291748e-01 -4.049484431743621826e-01 1.000000000000000000e+00
-9.709492325782775879e-03 -3.729611039161682129e-01 -5.715212225914001465e-01 1.000000000000000000e+00
6.695614755153656006e-02 -4.011729657649993896e-01 -6.245576739311218262e-01 1.000000000000000000e+00
1.491337418556213379e-01 -4.209387898445129395e-01 -6.462815403938293457e-01 1.000000000000000000e+00
2.632545530796051025e-01 -4.495305120944976807e-01 -5.856593847274780273e-01 1.000000000000000000e+00
1.622300148010253906e-01 -3.912296891212463379e-01 -6.295836567878723145e-01 1.000000000000000000e+00
7.326651364564895630e-02 -3.741614520549774170e-01 -6.100159287452697754e-01 1.000000000000000000e+00
-2.333511710166931152e-01 3.264256715774536133e-01 -3.579912483692169189e-01 1.000000000000000000e+00
-2.272141873836517334e-01 2.526898384094238281e-01 -4.953320920467376709e-01 1.000000000000000000e+00
-1.480341255664825439e-01 2.132392078638076782e-01 -5.970532894134521484e-01 1.000000000000000000e+00
-8.488678932189941406e-02 2.032885700464248657e-01 -6.250880360603332520e-01 1.000000000000000000e+00
-1.909310370683670044e-02 1.797930300235748291e-01 -6.367673277854919434e-01 1.000000000000000000e+00
1.119269505143165588e-01 1.668979078531265259e-01 -5.964664220809936523e-01 1.000000000000000000e+00
2.457481175661087036e-01 2.087294012308120728e-01 -4.866314530372619629e-01 1.000000000000000000e+00
1.976646631956100464e-01 3.392577171325683594e-01 -5.278375744819641113e-01 1.000000000000000000e+00
9.672993421554565430e-02 4.099062383174896240e-01 -5.674505829811096191e-01 1.000000000000000000e+00
2.491341531276702881e-02 4.373126327991485596e-01 -5.553428530693054199e-01 1.000000000000000000e+00
-5.019918084144592285e-02 4.432175457477569580e-01 -5.293816924095153809e-01 1.000000000000000000e+00
-1.525416672229766846e-01 4.216792881488800049e-01 -4.449276030063629150e-01 1.000000000000000000e+00
-2.253902554512023926e-01 3.276641964912414551e-01 -3.547206521034240723e-01 1.000000000000000000e+00
-1.130981296300888062e-01 2.503812015056610107e-01 -5.220590233802795410e-01 0.000000000000000000e+00
-5.316941440105438232e-02 2.322077751159667969e-01 -5.464820265769958496e-01 1.000000000000000000e+00
1.169305760413408279e-02 2.183841615915298462e-01 -5.606511235237121582e-01 0.000000000000000000e+00
2.433581203222274780e-01 2.084820717573165894e-01 -4.865887165069580078e-01 1.000000000000000000e+00
8.536600321531295776e-02 3.362175226211547852e-01 -5.277144908905029297e-01 1.000000000000000000e+00
1.709749549627304077e-02 3.554304838180541992e-01 -5.198007225990295410e-01 1.000000000000000000e+00
-5.304408818483352661e-02 3.681348562240600586e-01 -4.937723278999328613e-01 1.000000000000000000e+00
