-7.029048204421997070e-01 -1.449381560087203979e-01
-6.709096431732177734e-01 1.907199621200561523e-02
-5.968029499053955078e-01 1.775071322917938232e-01
-5.179553627967834473e-01 3.177318274974822998e-01
-4.298784136772155762e-01 4.525488018989562988e-01
-3.198481202125549316e-01 5.794810652732849121e-01
-1.785278320312500000e-01 6.780638098716735840e-01
2.324562985450029373e-03 7.478315234184265137e-01
1.606355458498001099e-01 7.380228638648986816e-01
3.268217444419860840e-01 6.565069556236267090e-01
4.866600036621093750e-01 5.283050537109375000e-01
6.004896759986877441e-01 3.721473515033721924e-01
6.844356060028076172e-01 1.930794417858123779e-01
7.255174517631530762e-01 -3.820754121989011765e-03
7.284700274467468262e-01 -1.966202259063720703e-01
6.936106681823730469e-01 -3.987931311130523682e-01
6.648460030555725098e-01 -5.927906036376953125e-01
-7.208700180053710938e-01 -2.426710575819015503e-01
-7.252376675605773926e-01 -3.948576748371124268e-01
-6.292360424995422363e-01 -4.488721787929534912e-01
-4.916200339794158936e-01 -4.592131376266479492e-01
-3.600180149078369141e-01 -4.460035264492034912e-01
-1.774958074092864990e-01 -5.044732093811035156e-01
-6.664489209651947021e-02 -5.912558436393737793e-01
8.637566119432449341e-02 -6.630743145942687988e-01
2.608165442943572998e-01 -6.911762952804565430e-01
4.235973358154296875e-01 -5.853682160377502441e-01
-2.293148189783096313e-01 -3.276322185993194580e-01
-2.068043947219848633e-01 -2.022918462753295898e-01
-1.973085552453994751e-01 -1.053333431482315063e-01
-1.816453635692596436e-01 -7.087889593094587326e-03
-2.265351265668869019e-01 1.044663935899734497e-01
-1.657226830720901489e-01 1.148964762687683105e-01
-1.048679798841476440e-01 1.175018921494483948e-01
-4.574845731258392334e-02 8.060179650783538818e-02
1.300783455371856689e-02 3.596192598342895508e-02
-6.105756759643554688e-01 -1.794018447399139404e-01
-5.545924305915832520e-01 -2.184893786907196045e-01
-4.725111126899719238e-01 -2.417849302291870117e-01
-3.755044043064117432e-01 -2.420749813318252563e-01
-4.507252275943756104e-01 -1.956836879253387451e-01
-5.336111783981323242e-01 -1.653533428907394409e-01
3.154617443215101957e-04 -3.484286963939666748e-01
6.456020474433898926e-02 -4.063086509704589844e-01
1.514888107776641846e-01 -4.360558092594146729e-01
2.698368728160858154e-01 -4.388310909271240234e-01
1.730111986398696899e-01 -3.687391877174377441e-01
8.244159817695617676e-02 -3.468245565891265869e-01
-2.099915444850921631e-01 3.739014267921447754e-01
-1.950949728488922119e-01 3.100038170814514160e-01
-1.218721121549606323e-01 2.682107985019683838e-01
-6.253913789987564087e-02 2.577627003192901611e-01
-1.634539570659399033e-03 2.333118170499801636e-01
1.161882653832435608e-01 2.210309803485870361e-01
2.322012484073638916e-01 2.463366240262985229e-01
1.844708323478698730e-01 3.488999307155609131e-01
9.012908488512039185e-02 4.157736301422119141e-01
2.465274184942245483e-02 4.424795806407928467e-01
-4.370032995939254761e-02 4.528168141841888428e-01
-1.385365277528762817e-01 4.396358430385589600e-01
-2.029186040163040161e-01 3.738648891448974609e-01
-8.819796144962310791e-02 3.137201368808746338e-01
-3.165009245276451111e-02 2.958368062973022461e-01
2.842336706817150116e-02 2.802067995071411133e-01
2.298636138439178467e-01 2.465011030435562134e-01
7.443973422050476074e-02 3.440485000610351562e-01
1.030444819480180740e-02 3.646226227283477783e-01
-5.326316505670547485e-02 3.802430331707000732e-01
