-6.979360580444335938e-01 -1.881146430969238281e-01 3.862696886062622070e-01 1.000000000000000000e+00
-6.105039715766906738e-01 -1.512504275888204575e-02 4.146479964256286621e-01 0.000000000000000000e+00
-5.107977390289306641e-01 1.787690520286560059e-01 4.329538941383361816e-01 0.000000000000000000e+00
-4.220270514488220215e-01 3.466751277446746826e-01 3.687861561775207520e-01 0.000000000000000000e+00
-3.394452333450317383e-01 5.050846338272094727e-01 2.352362573146820068e-01 0.000000000000000000e+00
-2.545110881328582764e-01 6.299374103546142578e-01 3.817038983106613159e-02 0.000000000000000000e+00
-1.262266039848327637e-01 7.079557776451110840e-01 -1.145972535014152527e-01 1.000000000000000000e+00
1.522941142320632935e-02 7.498809099197387695e-01 -2.873867750167846680e-01 1.000000000000000000e+00
1.885833144187927246e-01 7.368002533912658691e-01 -3.422248363494873047e-01 1.000000000000000000e+00
3.267488181591033936e-01 6.575288176536560059e-01 -3.639886975288391113e-01 1.000000000000000000e+00
4.850135147571563721e-01 5.299227833747863770e-01 -2.734526097774505615e-01 1.000000000000000000e+00
5.995975136756896973e-01 3.768473267555236816e-01 -1.918456256389617920e-01 1.000000000000000000e+00
6.848601102828979492e-01 1.989839524030685425e-01 -4.792640358209609985e-02 1.000000000000000000e+00
7.264848351478576660e-01 4.259051289409399033e-03 4.632450640201568604e-02 1.000000000000000000e+00
7.351177334785461426e-01 -1.883665621280670166e-01 7.611230760812759399e-02 1.000000000000000000e+00
6.976397633552551270e-01 -4.002729058265686035e-01 2.933584526181221008e-02 1.000000000000000000e+00
6.693248748779296875e-01 -5.910011529922485352e-01 -1.226389594376087189e-02 1.000000000000000000e+00
-7.208700180053710938e-01 -2.426710575819015503e-01 -1.009497418999671936e-01 1.000000000000000000e+00
-7.252376675605773926e-01 -3.948576748371124268e-01 -2.894503176212310791e-01 1.000000000000000000e+00
-6.292360424995422363e-01 -4.488721787929534912e-01 -4.563994407653808594e-01 1.000000000000000000e+00
-4.916200339794158936e-01 -4.592131376266479492e-01 -5.574315190315246582e-01 1.000000000000000000e+00
-3.600180149078369141e-01 -4.460035264492034912e-01 -6.066367030143737793e-01 1.000000000000000000e+00
-1.774958074092864990e-01 -5.044732093811035156e-01 -6.609303951263427734e-01 1.000000000000000000e+00
-6.664489209651947021e-02 -5.912558436393737793e-01 -6.819931864738464355e-01 1.000000000000000000e+00
8.637566119432449341e-02 -6.630743145942687988e-01 -6.632204651832580566e-01 1.000000000000000000e+00
2.608165442943572998e-01 -6.911762952804565430e-01 -5.702923536300659180e-01 1.000000000000000000e+00
4.235973358154296875e-01 -5.853682160377502441e-01 -4.284945130348205566e-01 1.000000000000000000e+00
-2.293148189783096313e-01 -3.276322185993194580e-01 -6.394963860511779785e-01 1.000000000000000000e+00
-2.068043947219848633e-01 -2.022918462753295898e-01 -6.956147551536560059e-01 1.000000000000000000e+00
-1.973085552453994751e-01 -1.053333431482315063e-01 -7.567814588546752930e-01 1.000000000000000000e+00
-1.816453635692596436e-01 -7.087889593094587326e-03 -7.996041774749755859e-01 1.000000000000000000e+00
-2.265351265668869019e-01 1.044663935899734497e-01 -5.729954242706298828e-01 1.000000000000000000e+00
-1.657226830720901489e-01 1.148964762687683105e-01 -6.153756380081176758e-01 1.000000000000000000e+00
-1.048679798841476440e-01 1.175018921494483948e-01 -6.488704085350036621e-01 1.000000000000000000e+00
-4.574845731258392334e-02 8.060179650783538818e-02 -6.519573330879211426e-01 1.000000000000000000e+00
1.300783455371856689e-02 3.596192598342895508e-02 -6.453710198402404785e-01 1.000000000000000000e+00
-6.105756759643554688e-01 -1.794018447399139404e-01 -3.148582875728607178e-01 1.000000000000000000e+00
-5.545924305915832520e-01 -2.184893786907196045e-01 -4.309533238410949707e-01 1.000000000000000000e+00
-4.725111126899719238e-01 -2.417849302291870117e-01 -4.593468904495239258e-01 1.000000000000000000e+00
-3.755044043064117432e-01 -2.420749813318252563e-01 -4.552973806858062744e-01 1.000000000000000000e+00
-4.507252275943756104e-01 -1.956836879253387451e-01 -4.449836909770965576e-01 1.000000000000000000e+00
-5.336111783981323242e-01 -1.653533428907394409e-01 -4.109336733818054199e-01 1.000000000000000000e+00
3.154617443215101957e-04 -3.484286963939666748e-01 -5.689568519592285156e-01 1.000000000000000000e+00
6.456020474433898926e-02 -4.063086509704589844e-01 -6.225192546844482422e-01 1.000000000000000000e+00
1.514888107776641846e-01 -4.360558092594146729e-01 -6.413447856903076172e-01 1.000000000000000000e+00
2.698368728160858154e-01 -4.388310909271240234e-01 -5.733547806739807129e-01 1.000000000000000000e+00
1.730111986398696899e-01 -3.687391877174377441e-01 -6.178827881813049316e-01 1.000000000000000000e+00
8.244159817695617676e-02 -3.468245565891265869e-01 -6.017898917198181152e-01 1.000000000000000000e+00
-2.099915444850921631e-01 3.739014267921447754e-01 -4.167713522911071777e-01 1.000000000000000000e+00
-1.950949728488922119e-01 3.100038170814514160e-01 -5.385275483131408691e-01 1.000000000000000000e+00
-1.218721121549606323e-01 2.682107985019683838e-01 -6.269140839576721191e-01 1.000000000000000000e+00
-6.253913789987564087e-02 2.577627003192901611e-01 -6.525924205780029297e-01 1.000000000000000000e+00
-1.634539570659399033e-03 2.333118170499801636e-01 -6.631831526756286621e-01 1.000000000000000000e+00
1.161882653832435608e-01 2.210309803485870361e-01 -6.290439963340759277e-01 1.000000000000000000e+00
2.322012484073638916e-01 2.463366240262985229e-01 -5.367474555969238281e-01 1.000000000000000000e+00
1.844708323478698730e-01 3.488999307155609131e-01 -5.802437067031860352e-01 1.000000000000000000e+00
9.012908488512039185e-02 4.157736301422119141e-01 -6.143789887428283691e-01 1.000000000000000000e+00
2.465274184942245483e-02 4.424795806407928467e-01 -6.025185585021972656e-01 1.000000000000000000e+00
-4.370032995939254761e-02 4.528168141841888428e-01 -5.776308178901672363e-01 1.000000000000000000e+00
-1.385365277528762817e-01 4.396358430385589600e-01 -4.993298351764678955e-01 1.000000000000000000e+00
-2.029186040163040161e-01 3.738648891448974609e-01 -4.143272042274475098e-01 1.000000000000000000e+00
-8.819796144962310791e-02 3.137201368808746338e-01 -5.619655847549438477e-01 1.000000000000000000e+00
-3.165009245276451111e-02 2.958368062973022461e-01 -5.838709473609924316e-01 1.000000000000000000e+00
2.842336706817150116e-02 2.802067995071411133e-01 -5.958706736564636230e-01 1.000000000000000000e+00
2.298636138439178467e-01 2.465011030435562134e-01 -5.363533496856689453e-01 1.000000000000000000e+00
7.443973422050476074e-02 3.440485000610351562e-01 -5.848672389984130859e-01 1.000000000000000000e+00
1.030444819480180740e-02 3.646226227283477783e-01 -5.759273767471313477e-01 1.000000000000000000e+00
-5.326316505670547485e-02 3.802430331707000732e-01 -5.514613389968872070e-01 1.000000000000000000e+00
