-7.070662975311279297e-01 -1.889081448316574097e-01
-6.830610632896423340e-01 -2.413278631865978241e-02
-6.222974658012390137e-01 1.363415271043777466e-01
-5.423963069915771484e-01 2.755007147789001465e-01
-4.567404687404632568e-01 4.103469252586364746e-01
-3.434635698795318604e-01 5.416631698608398438e-01
-2.048122137784957886e-01 6.522107124328613281e-01
-3.684718906879425049e-02 7.427475452423095703e-01
1.179874613881111145e-01 7.431964278221130371e-01
2.897787094116210938e-01 6.689003705978393555e-01
4.612697064876556396e-01 5.422096848487854004e-01
5.903596878051757812e-01 3.920007944107055664e-01
6.888562440872192383e-01 2.074122279882431030e-01
7.423976063728332520e-01 3.318187780678272247e-03
7.646344304084777832e-01 -1.968537271022796631e-01
7.340105175971984863e-01 -4.119327068328857422e-01
7.105834484100341797e-01 -6.050592064857482910e-01
-7.287829518318176270e-01 -2.907620072364807129e-01
-7.411507368087768555e-01 -4.364694952964782715e-01
-6.531198620796203613e-01 -4.745146036148071289e-01
-5.181896090507507324e-01 -4.730418026447296143e-01
-3.851979672908782959e-01 -4.497024118900299072e-01
-1.961532384157180786e-01 -4.979499280452728271e-01
-7.938158512115478516e-02 -5.813522338867187500e-01
8.191031962633132935e-02 -6.519694924354553223e-01
2.659749984741210938e-01 -6.810392737388610840e-01
4.361004531383514404e-01 -5.732138752937316895e-01
-2.538851797580718994e-01 -3.157179653644561768e-01
-2.379182130098342896e-01 -1.769698858261108398e-01
-2.326648384332656860e-01 -6.592794507741928101e-02
-2.203236967325210571e-01 4.440787062048912048e-02
-2.566338479518890381e-01 1.343195885419845581e-01
-1.964810639619827271e-01 1.498181372880935669e-01
-1.344236433506011963e-01 1.562059670686721802e-01
-7.239978760480880737e-02 1.207502707839012146e-01
-1.008999254554510117e-02 7.711931318044662476e-02
-6.298686265945434570e-01 -2.132581472396850586e-01
-5.842896103858947754e-01 -2.589419186115264893e-01
-4.961855709552764893e-01 -2.746506631374359131e-01
-3.917858004570007324e-01 -2.530421018600463867e-01
-4.671108126640319824e-01 -2.069553881883621216e-01
-5.527558922767639160e-01 -1.827373802661895752e-01
-1.505309063941240311e-02 -3.391831219196319580e-01
4.450150206685066223e-02 -4.053569138050079346e-01
1.361424177885055542e-01 -4.351649284362792969e-01
2.652841210365295410e-01 -4.257422983646392822e-01
1.610685288906097412e-01 -3.491753935813903809e-01
6.709543615579605103e-02 -3.300686478614807129e-01
-2.490200847387313843e-01 3.526544272899627686e-01
-2.299818843603134155e-01 3.191136717796325684e-01
-1.536077260971069336e-01 2.943399846553802490e-01
-9.209904074668884277e-02 2.874490320682525635e-01
-2.821492031216621399e-02 2.648895382881164551e-01
9.592872112989425659e-02 2.437766343355178833e-01
2.208642512559890747e-01 2.435542494058609009e-01
1.573128998279571533e-01 3.455343544483184814e-01
5.149588361382484436e-02 4.117895066738128662e-01
-1.734280399978160858e-02 4.354648888111114502e-01
-8.627925068140029907e-02 4.428491592407226562e-01
-1.799644231796264648e-01 4.224826693534851074e-01
-2.424980252981185913e-01 3.527962863445281982e-01
-1.196596622467041016e-01 3.323682248592376709e-01
-5.966296419501304626e-02 3.172414600849151611e-01
4.131688736379146576e-03 3.030004203319549561e-01
2.186726927757263184e-01 2.437007576227188110e-01
4.135112464427947998e-02 3.373105823993682861e-01
-2.803244441747665405e-02 3.570556044578552246e-01
-9.401874244213104248e-02 3.685165643692016602e-01
