-6.783745884895324707e-01 -2.734231948852539062e-01 3.583859205245971680e-01 0.000000000000000000e+00
-5.930383801460266113e-01 -9.603509306907653809e-02 3.958898782730102539e-01 0.000000000000000000e+00
-4.920786917209625244e-01 1.020605489611625671e-01 4.240810275077819824e-01 0.000000000000000000e+00
-4.061929881572723389e-01 2.811011373996734619e-01 3.652516901493072510e-01 0.000000000000000000e+00
-3.363103270530700684e-01 4.559601843357086182e-01 2.366942614316940308e-01 0.000000000000000000e+00
-2.687194943428039551e-01 5.980158448219299316e-01 4.028809443116188049e-02 0.000000000000000000e+00
-1.506680399179458618e-01 6.858061552047729492e-01 -1.196151524782180786e-01 1.000000000000000000e+00
-2.163944765925407410e-02 7.442342042922973633e-01 -3.082358539104461670e-01 1.000000000000000000e+00
1.488113552331924438e-01 7.403697967529296875e-01 -3.749735653400421143e-01 1.000000000000000000e+00
2.897787094116210938e-01 6.689003705978393555e-01 -4.078599214553833008e-01 1.000000000000000000e+00
4.612697064876556396e-01 5.422096848487854004e-01 -3.245989382266998291e-01 1.000000000000000000e+00
5.903596878051757812e-01 3.920007944107055664e-01 -2.566216289997100830e-01 1.000000000000000000e+00
6.888562440872192383e-01 2.074122279882431030e-01 -1.259590685367584229e-01 1.000000000000000000e+00
7.423976063728332520e-01 3.318187780678272247e-03 -4.641015455126762390e-02 1.000000000000000000e+00
7.646344304084777832e-01 -1.968537271022796631e-01 -3.310667723417282104e-02 1.000000000000000000e+00
7.340105175971984863e-01 -4.119327068328857422e-01 -9.662163257598876953e-02 1.000000000000000000e+00
7.105834484100341797e-01 -6.050592064857482910e-01 -1.512478888034820557e-01 1.000000000000000000e+00
-7.287829518318176270e-01 -2.907620072364807129e-01 -1.413665115833282471e-01 1.000000000000000000e+00
-7.411507368087768555e-01 -4.364694952964782715e-01 -3.444369733333587646e-01 1.000000000000000000e+00
-6.531198620796203613e-01 -4.745146036148071289e-01 -5.253019928932189941e-01 1.000000000000000000e+00
-5.181896090507507324e-01 -4.730418026447296143e-01 -6.382266879081726074e-01 1.000000000000000000e+00
-3.851979672908782959e-01 -4.497024118900299072e-01 -6.947747468948364258e-01 1.000000000000000000e+00
-1.961532384157180786e-01 -4.979499280452728271e-01 -7.654867768287658691e-01 1.000000000000000000e+00
-7.938158512115478516e-02 -5.813522338867187500e-01 -8.011088967323303223e-01 1.000000000000000000e+00
8.191031962633132935e-02 -6.519694924354553223e-01 -7.935124635696411133e-01 1.000000000000000000e+00
2.659749984741210938e-01 -6.810392737388610840e-01 -7.073754072189331055e-01 1.000000000000000000e+00
4.361004531383514404e-01 -5.732138752937316895e-01 -5.620750784873962402e-01 1.000000000000000000e+00
-2.538851797580718994e-01 -3.157179653644561768e-01 -7.253609895706176758e-01 1.000000000000000000e+00
-2.379182130098342896e-01 -1.769698858261108398e-01 -7.768291831016540527e-01 1.000000000000000000e+00
-2.326648384332656860e-01 -6.592794507741928101e-02 -8.307510018348693848e-01 1.000000000000000000e+00
-2.203236967325210571e-01 4.440787062048912048e-02 -8.689123988151550293e-01 1.000000000000000000e+00
-2.566338479518890381e-01 1.343195885419845581e-01 -6.160192489624023438e-01 1.000000000000000000e+00
-1.964810639619827271e-01 1.498181372880935669e-01 -6.605303883552551270e-01 1.000000000000000000e+00
-1.344236433506011963e-01 1.562059670686721802e-01 -6.960504055023193359e-01 1.000000000000000000e+00
-7.239978760480880737e-02 1.207502707839012146e-01 -7.062723636627197266e-01 1.000000000000000000e+00
-1.008999254554510117e-02 7.711931318044662476e-02 -7.069451808929443359e-01 1.000000000000000000e+00
-6.298686265945434570e-01 -2.132581472396850586e-01 -3.551401495933532715e-01 1.000000000000000000e+00
-5.842896103858947754e-01 -2.589419186115264893e-01 -4.832339584827423096e-01 1.000000000000000000e+00
-4.961855709552764893e-01 -2.746506631374359131e-01 -5.211205482482910156e-01 1.000000000000000000e+00
-3.917858004570007324e-01 -2.530421018600463867e-01 -5.173306465148925781e-01 1.000000000000000000e+00
-4.671108126640319824e-01 -2.069553881883621216e-01 -4.975747168064117432e-01 1.000000000000000000e+00
-5.527558922767639160e-01 -1.827373802661895752e-01 -4.554055035114288330e-01 1.000000000000000000e+00
-1.505309063941240311e-02 -3.391831219196319580e-01 -6.594666838645935059e-01 1.000000000000000000e+00
4.450150206685066223e-02 -4.053569138050079346e-01 -7.251443862915039062e-01 1.000000000000000000e+00
1.361424177885055542e-01 -4.351649284362792969e-01 -7.521072030067443848e-01 1.000000000000000000e+00
2.652841210365295410e-01 -4.257422983646392822e-01 -6.853049397468566895e-01 1.000000000000000000e+00
1.610685288906097412e-01 -3.491753935813903809e-01 -7.190300226211547852e-01 1.000000000000000000e+00
6.709543615579605103e-02 -3.300686478614807129e-01 -6.961374878883361816e-01 1.000000000000000000e+00
-2.490200847387313843e-01 3.526544272899627686e-01 -4.106133282184600830e-01 1.000000000000000000e+00
-2.299818843603134155e-01 3.191136717796325684e-01 -5.425144433975219727e-01 1.000000000000000000e+00
-1.536077260971069336e-01 2.943399846553802490e-01 -6.421096324920654297e-01 1.000000000000000000e+00
-9.209904074668884277e-02 2.874490320682525635e-01 -6.723522543907165527e-01 1.000000000000000000e+00
-2.821492031216621399e-02 2.648895382881164551e-01 -6.888776421546936035e-01 1.000000000000000000e+00
9.592872112989425659e-02 2.437766343355178833e-01 -6.614218950271606445e-01 1.000000000000000000e+00
2.208642512559890747e-01 2.435542494058609009e-01 -5.716427564620971680e-01 1.000000000000000000e+00
1.573128998279571533e-01 3.455343544483184814e-01 -6.150357127189636230e-01 1.000000000000000000e+00
5.149588361382484436e-02 4.117895066738128662e-01 -6.448261737823486328e-01 1.000000000000000000e+00
-1.734280399978160858e-02 4.354648888111114502e-01 -6.285232901573181152e-01 1.000000000000000000e+00
-8.627925068140029907e-02 4.428491592407226562e-01 -5.980759263038635254e-01 1.000000000000000000e+00
-1.799644231796264648e-01 4.224826693534851074e-01 -5.054335594177246094e-01 1.000000000000000000e+00
-2.424980252981185913e-01 3.527962863445281982e-01 -4.097788929939270020e-01 1.000000000000000000e+00
-1.196596622467041016e-01 3.323682248592376709e-01 -5.748044252395629883e-01 0.000000000000000000e+00
-5.966296419501304626e-02 3.172414600849151611e-01 -6.015151739120483398e-01 0.000000000000000000e+00
4.131688736379146576e-03 3.030004203319549561e-01 -6.202261447906494141e-01 0.000000000000000000e+00
2.186726927757263184e-01 2.437007576227188110e-01 -5.714752078056335449e-01 1.000000000000000000e+00
4.135112464427947998e-02 3.373105823993682861e-01 -6.203433275222778320e-01 1.000000000000000000e+00
-2.803244441747665405e-02 3.570556044578552246e-01 -6.088278293609619141e-01 1.000000000000000000e+00
-9.401874244213104248e-02 3.685165643692016602e-01 -5.747557282447814941e-01 1.000000000000000000e+00
