-7.319729328155517578e-01 -4.736165702342987061e-01
-7.598013281822204590e-01 -2.876101732254028320e-01
-7.480932474136352539e-01 -9.968152642250061035e-02
-7.163118124008178711e-01 3.788270801305770874e-02
-6.826886534690856934e-01 1.979778409004211426e-01
-6.177424192428588867e-01 3.643969893455505371e-01
-5.026566982269287109e-01 5.173375010490417480e-01
-3.489999473094940186e-01 6.718676686286926270e-01
-1.922021508216857910e-01 7.292808890342712402e-01
-3.254067851230502129e-03 7.074972987174987793e-01
2.090076208114624023e-01 6.264886856079101562e-01
3.877677321434020996e-01 5.145060420036315918e-01
5.332244038581848145e-01 3.466066420078277588e-01
6.466779708862304688e-01 1.440640687942504883e-01
7.193576693534851074e-01 -4.628651589155197144e-02
7.631475329399108887e-01 -2.455282658338546753e-01
8.059488534927368164e-01 -4.381296336650848389e-01
-7.097713947296142578e-01 -5.640146136283874512e-01
-6.518461108207702637e-01 -6.715964674949645996e-01
-5.345645546913146973e-01 -6.446401476860046387e-01
-3.924292623996734619e-01 -5.806674361228942871e-01
-2.648597657680511475e-01 -5.095087289810180664e-01
-6.063858792185783386e-02 -4.866220653057098389e-01
8.195839822292327881e-02 -5.224428772926330566e-01
2.625395655632019043e-01 -5.431685447692871094e-01
4.465487599372863770e-01 -5.360412597656250000e-01
5.702589154243469238e-01 -4.074547886848449707e-01
-1.777780354022979736e-01 -3.302145302295684814e-01
-2.025227844715118408e-01 -1.759882122278213501e-01
-2.279946655035018921e-01 -5.365994945168495178e-02
-2.486235797405242920e-01 6.874357163906097412e-02
-3.370746076107025146e-01 8.883332461118698120e-02
-2.780063748359680176e-01 1.312377899885177612e-01
-2.149628996849060059e-01 1.625159531831741333e-01
-1.407171487808227539e-01 1.480648666620254517e-01
-6.314072012901306152e-02 1.241610720753669739e-01
-6.093538999557495117e-01 -3.923579156398773193e-01
-5.386403799057006836e-01 -3.692806959152221680e-01
-4.478524327278137207e-01 -3.579292595386505127e-01
-3.467249870300292969e-01 -3.339843750000000000e-01
-4.401240050792694092e-01 -3.196520209312438965e-01
-5.376666188240051270e-01 -3.286530077457427979e-01
4.995582252740859985e-02 -2.798498868942260742e-01
1.387243270874023438e-01 -2.771520018577575684e-01
2.323786318302154541e-01 -2.663386762142181396e-01
3.539392948150634766e-01 -2.675003111362457275e-01
2.347085475921630859e-01 -2.277474999427795410e-01
1.331793665885925293e-01 -2.442192137241363525e-01
-4.251621663570404053e-01 2.407460212707519531e-01
-3.799655437469482422e-01 2.440942227840423584e-01
-2.824306786060333252e-01 2.647154033184051514e-01
-2.147431075572967529e-01 2.842162549495697021e-01
-1.410550922155380249e-01 2.818855643272399902e-01
-1.438674516975879669e-02 2.885374724864959717e-01
9.152077138423919678e-02 2.990269958972930908e-01
-7.285911124199628830e-03 3.757088482379913330e-01
-1.325845718383789062e-01 4.105604588985443115e-01
-2.100040167570114136e-01 4.104015827178955078e-01
-2.834961414337158203e-01 3.926240205764770508e-01
-3.765114247798919678e-01 3.341580927371978760e-01
-4.197611510753631592e-01 2.415388524532318115e-01
-2.680983841419219971e-01 2.952120602130889893e-01
-1.989001333713531494e-01 3.046339750289916992e-01
-1.281810253858566284e-01 3.120285868644714355e-01
8.966534584760665894e-02 2.986101806163787842e-01
-1.206472143530845642e-01 3.267141878604888916e-01
-1.979174166917800903e-01 3.231671452522277832e-01
-2.716818153858184814e-01 3.103548884391784668e-01
