-7.099824547767639160e-01 -6.323441863059997559e-01 2.262769499793648720e-03 1.000000000000000000e+00
-6.891297698020935059e-01 -4.367856979370117188e-01 8.121424913406372070e-02 0.000000000000000000e+00
-6.571426391601562500e-01 -2.139478027820587158e-01 1.568946242332458496e-01 0.000000000000000000e+00
-6.275194883346557617e-01 3.119450295343995094e-03 1.386836171150207520e-01 0.000000000000000000e+00
-6.000459194183349609e-01 2.197939008474349976e-01 3.938098251819610596e-02 0.000000000000000000e+00
-5.624182224273681641e-01 4.139230251312255859e-01 -1.362641006708145142e-01 0.000000000000000000e+00
-4.580168128013610840e-01 5.544821023941040039e-01 -2.856010198593139648e-01 1.000000000000000000e+00
-3.358339667320251465e-01 6.728878021240234375e-01 -4.713312983512878418e-01 1.000000000000000000e+00
-1.651047319173812866e-01 7.301788926124572754e-01 -5.240572690963745117e-01 1.000000000000000000e+00
-3.155865706503391266e-03 7.075655460357666016e-01 -5.463316440582275391e-01 1.000000000000000000e+00
2.049028873443603516e-01 6.286418437957763672e-01 -4.406762421131134033e-01 1.000000000000000000e+00
3.816733062267303467e-01 5.187882184982299805e-01 -3.625700175762176514e-01 1.000000000000000000e+00
5.289878249168395996e-01 3.494545221328735352e-01 -2.337004095315933228e-01 1.000000000000000000e+00
6.443035602569580078e-01 1.547038704156875610e-01 -1.706081628799438477e-01 1.000000000000000000e+00
7.269819378852844238e-01 -3.901468962430953979e-02 -1.840975284576416016e-01 1.000000000000000000e+00
7.715132236480712891e-01 -2.494138777256011963e-01 -2.846477329730987549e-01 1.000000000000000000e+00
8.148667812347412109e-01 -4.385181069374084473e-01 -3.720002770423889160e-01 1.000000000000000000e+00
-7.097713947296142578e-01 -5.640146136283874512e-01 -5.228767991065979004e-01 1.000000000000000000e+00
-6.518461108207702637e-01 -6.715964674949645996e-01 -7.584985494613647461e-01 1.000000000000000000e+00
-5.345645546913146973e-01 -6.446401476860046387e-01 -9.357967972755432129e-01 1.000000000000000000e+00
-3.924292623996734619e-01 -5.806674361228942871e-01 -1.032240986824035645e+00 1.000000000000000000e+00
-2.648597657680511475e-01 -5.095087289810180664e-01 -1.065332889556884766e+00 1.000000000000000000e+00
-6.063858792185783386e-02 -4.866220653057098389e-01 -1.116394519805908203e+00 1.000000000000000000e+00
8.195839822292327881e-02 -5.224428772926330566e-01 -1.149359703063964844e+00 1.000000000000000000e+00
2.625395655632019043e-01 -5.431685447692871094e-01 -1.129840970039367676e+00 1.000000000000000000e+00
4.465487599372863770e-01 -5.360412597656250000e-01 -1.020210027694702148e+00 1.000000000000000000e+00
5.702589154243469238e-01 -4.074547886848449707e-01 -8.293606638908386230e-01 1.000000000000000000e+00
-1.777780354022979736e-01 -3.302145302295684814e-01 -1.052778124809265137e+00 1.000000000000000000e+00
-2.025227844715118408e-01 -1.759882122278213501e-01 -1.085871338844299316e+00 1.000000000000000000e+00
-2.279946655035018921e-01 -5.365994945168495178e-02 -1.124746918678283691e+00 1.000000000000000000e+00
-2.486235797405242920e-01 6.874357163906097412e-02 -1.149009823799133301e+00 1.000000000000000000e+00
-3.370746076107025146e-01 8.883332461118698120e-02 -8.746643662452697754e-01 0.000000000000000000e+00
-2.780063748359680176e-01 1.312377899885177612e-01 -9.099562168121337891e-01 1.000000000000000000e+00
-2.149628996849060059e-01 1.625159531831741333e-01 -9.360552430152893066e-01 1.000000000000000000e+00
-1.407171487808227539e-01 1.480648666620254517e-01 -9.438632726669311523e-01 1.000000000000000000e+00
-6.314072012901306152e-02 1.241610720753669739e-01 -9.419737458229064941e-01 1.000000000000000000e+00
-6.093538999557495117e-01 -3.923579156398773193e-01 -7.159934043884277344e-01 1.000000000000000000e+00
-5.386403799057006836e-01 -3.692806959152221680e-01 -8.399770855903625488e-01 1.000000000000000000e+00
-4.478524327278137207e-01 -3.579292595386505127e-01 -8.649053573608398438e-01 1.000000000000000000e+00
-3.467249870300292969e-01 -3.339843750000000000e-01 -8.505538702011108398e-01 1.000000000000000000e+00
-4.401240050792694092e-01 -3.196520209312438965e-01 -8.382055163383483887e-01 1.000000000000000000e+00
-5.376666188240051270e-01 -3.286530077457427979e-01 -8.037815690040588379e-01 1.000000000000000000e+00
4.995582252740859985e-02 -2.798498868942260742e-01 -9.527294635772705078e-01 1.000000000000000000e+00
1.387243270874023438e-01 -2.771520018577575684e-01 -1.011573433876037598e+00 1.000000000000000000e+00
2.323786318302154541e-01 -2.663386762142181396e-01 -1.029575467109680176e+00 1.000000000000000000e+00
3.539392948150634766e-01 -2.675003111362457275e-01 -9.530534744262695312e-01 1.000000000000000000e+00
2.347085475921630859e-01 -2.277474999427795410e-01 -9.953912496566772461e-01 1.000000000000000000e+00
1.331793665885925293e-01 -2.442192137241363525e-01 -9.819405674934387207e-01 1.000000000000000000e+00
-4.251621663570404053e-01 2.407460212707519531e-01 -6.353476047515869141e-01 1.000000000000000000e+00
-3.799655437469482422e-01 2.440942227840423584e-01 -7.675163745880126953e-01 1.000000000000000000e+00
-2.824306786060333252e-01 2.647154033184051514e-01 -8.602786660194396973e-01 1.000000000000000000e+00
-2.147431075572967529e-01 2.842162549495697021e-01 -8.828380703926086426e-01 1.000000000000000000e+00
-1.410550922155380249e-01 2.818855643272399902e-01 -8.950574398040771484e-01 1.000000000000000000e+00
-1.438674516975879669e-02 2.885374724864959717e-01 -8.555459380149841309e-01 1.000000000000000000e+00
9.152077138423919678e-02 2.990269958972930908e-01 -7.566294670104980469e-01 1.000000000000000000e+00
-7.285911124199628830e-03 3.757088482379913330e-01 -8.046387434005737305e-01 1.000000000000000000e+00
-1.325845718383789062e-01 4.105604588985443115e-01 -8.431153893470764160e-01 1.000000000000000000e+00
-2.100040167570114136e-01 4.104015827178955078e-01 -8.291599750518798828e-01 1.000000000000000000e+00
-2.834961414337158203e-01 3.926240205764770508e-01 -8.047755956649780273e-01 1.000000000000000000e+00
-3.765114247798919678e-01 3.341580927371978760e-01 -7.205870747566223145e-01 1.000000000000000000e+00
-4.197611510753631592e-01 2.415388524532318115e-01 -6.344511508941650391e-01 1.000000000000000000e+00
-2.680983841419219971e-01 2.952120602130889893e-01 -7.820705771446228027e-01 0.000000000000000000e+00
-1.989001333713531494e-01 3.046339750289916992e-01 -8.016799092292785645e-01 0.000000000000000000e+00
-1.281810253858566284e-01 3.120285868644714355e-01 -8.168190717697143555e-01 0.000000000000000000e+00
8.966534584760665894e-02 2.986101806163787842e-01 -7.568674087524414062e-01 1.000000000000000000e+00
-1.206472143530845642e-01 3.267141878604888916e-01 -8.283338546752929688e-01 1.000000000000000000e+00
-1.979174166917800903e-01 3.231671452522277832e-01 -8.226234912872314453e-01 1.000000000000000000e+00
-2.716818153858184814e-01 3.103548884391784668e-01 -7.919251918792724609e-01 1.000000000000000000e+00
