-6.590672731399536133e-01 -4.923502802848815918e-01
-7.095422744750976562e-01 -3.319696485996246338e-01
-7.243611812591552734e-01 -1.471823453903198242e-01
-7.228409647941589355e-01 1.286117359995841980e-02
-7.047358751296997070e-01 1.717937141656875610e-01
-6.637327671051025391e-01 3.423360586166381836e-01
-5.970783233642578125e-01 5.166636705398559570e-01
-4.764389097690582275e-01 6.954711079597473145e-01
-3.339099586009979248e-01 7.760371565818786621e-01
-1.420205384492874146e-01 7.698131203651428223e-01
6.853932887315750122e-02 7.099254131317138672e-01
2.447358220815658569e-01 5.997444391250610352e-01
4.076718389987945557e-01 4.655097424983978271e-01
5.389026999473571777e-01 3.062900602817535400e-01
6.308613419532775879e-01 1.375431865453720093e-01
6.955575346946716309e-01 -6.113477051258087158e-02
7.575361132621765137e-01 -2.451711893081665039e-01
-6.261508464813232422e-01 -5.887725949287414551e-01
-5.636776685714721680e-01 -7.143905758857727051e-01
-4.534166753292083740e-01 -7.113247513771057129e-01
-3.280257284641265869e-01 -6.580850481986999512e-01
-2.179141938686370850e-01 -5.873495936393737793e-01
-3.836677968502044678e-02 -5.524724721908569336e-01
9.638654440641403198e-02 -5.702308416366577148e-01
2.614758014678955078e-01 -5.564480423927307129e-01
4.332669973373413086e-01 -5.017306804656982422e-01
5.311807990074157715e-01 -3.447957932949066162e-01
-1.622318327426910400e-01 -4.236379563808441162e-01
-2.047936171293258667e-01 -2.986216843128204346e-01
-2.450537383556365967e-01 -1.955810040235519409e-01
-2.791332006454467773e-01 -9.135480970144271851e-02
-3.668652176856994629e-01 -2.814659103751182556e-02
-3.165988326072692871e-01 1.053429394960403442e-02
-2.614760696887969971e-01 3.910357505083084106e-02
-1.921408772468566895e-01 3.794335946440696716e-02
-1.169569343328475952e-01 2.812196873128414154e-02
-5.529230833053588867e-01 -4.710047841072082520e-01
-4.864957332611083984e-01 -4.694112837314605713e-01
-4.040686786174774170e-01 -4.515320360660552979e-01
-3.154539167881011963e-01 -4.118952155113220215e-01
-4.067209362983703613e-01 -4.071367979049682617e-01
-4.914761781692504883e-01 -4.192507863044738770e-01
3.968181088566780090e-02 -3.332012593746185303e-01
1.226056516170501709e-01 -3.328818678855895996e-01
2.079157382249832153e-01 -3.151590824127197266e-01
3.189058005809783936e-01 -2.810928821563720703e-01
2.004255801439285278e-01 -2.676679790019989014e-01
1.138982921838760376e-01 -2.920948266983032227e-01
-4.805262684822082520e-01 2.283434867858886719e-01
-4.342239499092102051e-01 1.592228263616561890e-01
-3.449845612049102783e-01 1.568517237901687622e-01
-2.844565808773040771e-01 1.748898178339004517e-01
-2.173867672681808472e-01 1.852448284626007080e-01
-1.013520359992980957e-01 2.342688441276550293e-01
-1.307706348598003387e-02 3.322475254535675049e-01
-1.197209358215332031e-01 4.342866837978363037e-01
-2.412434816360473633e-01 4.596433341503143311e-01
-3.172673285007476807e-01 4.545437693595886230e-01
-3.857961297035217285e-01 4.266684055328369141e-01
-4.611475765705108643e-01 3.580344915390014648e-01
-4.748691022396087646e-01 2.330190539360046387e-01
-3.294758796691894531e-01 2.038724273443222046e-01
-2.698072791099548340e-01 2.137060612440109253e-01
-2.079605609178543091e-01 2.318284064531326294e-01
-1.476159691810607910e-02 3.310168981552124023e-01
-2.216943204402923584e-01 3.889773190021514893e-01
-2.896972894668579102e-01 3.787126541137695312e-01
-3.547356426715850830e-01 3.586628139019012451e-01
