-6.291645765304565430e-01 -5.463797450065612793e-01 3.237654566764831543e-01 0.000000000000000000e+00
-6.350628137588500977e-01 -3.543531894683837891e-01 3.624626398086547852e-01 0.000000000000000000e+00
-6.368657350540161133e-01 -1.359540224075317383e-01 3.929079771041870117e-01 0.000000000000000000e+00
-6.411157846450805664e-01 5.659665912389755249e-02 3.444820344448089600e-01 0.000000000000000000e+00
-6.437968015670776367e-01 2.425226867198944092e-01 2.311088591814041138e-01 0.000000000000000000e+00
-6.313295364379882812e-01 4.118512570858001709e-01 6.044770404696464539e-02 0.000000000000000000e+00
-5.653544664382934570e-01 5.695247054100036621e-01 -6.779360026121139526e-02 1.000000000000000000e+00
-4.647074639797210693e-01 6.986952424049377441e-01 -2.202710211277008057e-01 1.000000000000000000e+00
-3.056472539901733398e-01 7.805923819541931152e-01 -2.742008864879608154e-01 1.000000000000000000e+00
-1.425113528966903687e-01 7.701264023780822754e-01 -3.059203922748565674e-01 1.000000000000000000e+00
6.702618300914764404e-02 7.104246020317077637e-01 -2.421028465032577515e-01 1.000000000000000000e+00
2.430294305086135864e-01 6.022951006889343262e-01 -1.857652366161346436e-01 1.000000000000000000e+00
4.065103828907012939e-01 4.688312411308288574e-01 -7.040785253047943115e-02 1.000000000000000000e+00
5.369473099708557129e-01 3.109293580055236816e-01 3.073632717132568359e-03 1.000000000000000000e+00
6.326940655708312988e-01 1.439502239227294922e-01 1.751683093607425690e-02 1.000000000000000000e+00
6.987256407737731934e-01 -6.116197630763053894e-02 -3.999561443924903870e-02 1.000000000000000000e+00
7.592784762382507324e-01 -2.428097873926162720e-01 -8.960887044668197632e-02 1.000000000000000000e+00
-6.261508464813232422e-01 -5.887725949287414551e-01 -1.614318937063217163e-01 1.000000000000000000e+00
-5.636776685714721680e-01 -7.143905758857727051e-01 -3.555167913436889648e-01 1.000000000000000000e+00
-4.534166753292083740e-01 -7.113247513771057129e-01 -5.233473181724548340e-01 1.000000000000000000e+00
-3.280257284641265869e-01 -6.580850481986999512e-01 -6.210592985153198242e-01 1.000000000000000000e+00
-2.179141938686370850e-01 -5.873495936393737793e-01 -6.664858460426330566e-01 1.000000000000000000e+00
-3.836677968502044678e-02 -5.524724721908569336e-01 -7.206170558929443359e-01 1.000000000000000000e+00
9.638654440641403198e-02 -5.702308416366577148e-01 -7.480806708335876465e-01 1.000000000000000000e+00
2.614758014678955078e-01 -5.564480423927307129e-01 -7.358953356742858887e-01 1.000000000000000000e+00
4.332669973373413086e-01 -5.017306804656982422e-01 -6.442205309867858887e-01 1.000000000000000000e+00
5.311807990074157715e-01 -3.447957932949066162e-01 -4.974116683006286621e-01 1.000000000000000000e+00
-1.622318327426910400e-01 -4.236379563808441162e-01 -6.978353261947631836e-01 1.000000000000000000e+00
-2.047936171293258667e-01 -2.986216843128204346e-01 -7.578316330909729004e-01 1.000000000000000000e+00
-2.450537383556365967e-01 -1.955810040235519409e-01 -8.177876472473144531e-01 1.000000000000000000e+00
-2.791332006454467773e-01 -9.135480970144271851e-02 -8.585810661315917969e-01 1.000000000000000000e+00
-3.668652176856994629e-01 -2.814659103751182556e-02 -6.132179498672485352e-01 1.000000000000000000e+00
-3.165988326072692871e-01 1.053429394960403442e-02 -6.549022197723388672e-01 1.000000000000000000e+00
-2.614760696887969971e-01 3.910357505083084106e-02 -6.864592432975769043e-01 1.000000000000000000e+00
-1.921408772468566895e-01 3.794335946440696716e-02 -6.920850872993469238e-01 1.000000000000000000e+00
-1.169569343328475952e-01 2.812196873128414154e-02 -6.883084774017333984e-01 1.000000000000000000e+00
-5.529230833053588867e-01 -4.710047841072082520e-01 -3.679833114147186279e-01 1.000000000000000000e+00
-4.864957332611083984e-01 -4.694112837314605713e-01 -4.843972921371459961e-01 1.000000000000000000e+00
-4.040686786174774170e-01 -4.515320360660552979e-01 -5.119752287864685059e-01 1.000000000000000000e+00
-3.154539167881011963e-01 -4.118952155113220215e-01 -5.085984468460083008e-01 1.000000000000000000e+00
-4.067209362983703613e-01 -4.071367979049682617e-01 -4.987248480319976807e-01 1.000000000000000000e+00
-4.914761781692504883e-01 -4.192507863044738770e-01 -4.642746150493621826e-01 1.000000000000000000e+00
3.968181088566780090e-02 -3.332012593746185303e-01 -6.179873347282409668e-01 1.000000000000000000e+00
1.226056516170501709e-01 -3.328818678855895996e-01 -6.707291007041931152e-01 1.000000000000000000e+00
2.079157382249832153e-01 -3.151590824127197266e-01 -6.913020014762878418e-01 1.000000000000000000e+00
3.189058005809783936e-01 -2.810928821563720703e-01 -6.282154321670532227e-01 1.000000000000000000e+00
2.004255801439285278e-01 -2.676679790019989014e-01 -6.721737980842590332e-01 1.000000000000000000e+00
1.138982921838760376e-01 -2.920948266983032227e-01 -6.551085710525512695e-01 1.000000000000000000e+00
-4.805262684822082520e-01 2.283434867858886719e-01 -3.760048747062683105e-01 1.000000000000000000e+00
-4.342239499092102051e-01 1.592228263616561890e-01 -5.368360280990600586e-01 1.000000000000000000e+00
-3.449845612049102783e-01 1.568517237901687622e-01 -6.420214176177978516e-01 1.000000000000000000e+00
-2.844565808773040771e-01 1.748898178339004517e-01 -6.690889000892639160e-01 1.000000000000000000e+00
-2.173867672681808472e-01 1.852448284626007080e-01 -6.793744564056396484e-01 1.000000000000000000e+00
-1.013520359992980957e-01 2.342688441276550293e-01 -6.336512565612792969e-01 1.000000000000000000e+00
-1.307706348598003387e-02 3.322475254535675049e-01 -5.098994374275207520e-01 1.000000000000000000e+00
-1.197209358215332031e-01 4.342866837978363037e-01 -5.378268957138061523e-01 1.000000000000000000e+00
-2.412434816360473633e-01 4.596433341503143311e-01 -5.655577182769775391e-01 1.000000000000000000e+00
-3.172673285007476807e-01 4.545437693595886230e-01 -5.494765043258666992e-01 1.000000000000000000e+00
-3.857961297035217285e-01 4.266684055328369141e-01 -5.235043168067932129e-01 1.000000000000000000e+00
-4.611475765705108643e-01 3.580344915390014648e-01 -4.438125193119049072e-01 1.000000000000000000e+00
-4.748691022396087646e-01 2.330190539360046387e-01 -3.712143898010253906e-01 1.000000000000000000e+00
-3.294758796691894531e-01 2.038724273443222046e-01 -5.608081817626953125e-01 0.000000000000000000e+00
-2.698072791099548340e-01 2.137060612440109253e-01 -5.859599709510803223e-01 1.000000000000000000e+00
-2.079605609178543091e-01 2.318284064531326294e-01 -5.965673923492431641e-01 0.000000000000000000e+00
-1.476159691810607910e-02 3.310168981552124023e-01 -5.096988081932067871e-01 1.000000000000000000e+00
-2.216943204402923584e-01 3.889773190021514893e-01 -5.283232331275939941e-01 1.000000000000000000e+00
-2.896972894668579102e-01 3.787126541137695312e-01 -5.164097547531127930e-01 1.000000000000000000e+00
-3.547356426715850830e-01 3.586628139019012451e-01 -4.909226596355438232e-01 1.000000000000000000e+00
