-7.238398194313049316e-01 -1.586852669715881348e-01
-6.893514394760131836e-01 1.775938458740711212e-02
-6.088784933090209961e-01 1.807366758584976196e-01
-5.285487771034240723e-01 3.204254209995269775e-01
-4.420705437660217285e-01 4.594049453735351562e-01
-3.350506126880645752e-01 5.885892510414123535e-01
-1.960460692644119263e-01 6.788063645362854004e-01
-2.117572911083698273e-02 7.400794029235839844e-01
1.381336152553558350e-01 7.252395153045654297e-01
3.090469837188720703e-01 6.460052728652954102e-01
4.738073348999023438e-01 5.266265869140625000e-01
5.983622670173645020e-01 3.822635114192962646e-01
6.905073523521423340e-01 2.025983929634094238e-01
7.386055588722229004e-01 -3.098687739111483097e-04
7.462806701660156250e-01 -1.984170824289321899e-01
7.128518223762512207e-01 -4.078582227230072021e-01
6.865385174751281738e-01 -6.063219308853149414e-01
-7.454831600189208984e-01 -2.618945240974426270e-01
-7.507843971252441406e-01 -4.219200909137725830e-01
-6.551487445831298828e-01 -4.704895019531250000e-01
-5.149480104446411133e-01 -4.772587120532989502e-01
-3.801645040512084961e-01 -4.613321125507354736e-01
-1.871032863855361938e-01 -5.154341459274291992e-01
-7.101971656084060669e-02 -6.009284853935241699e-01
8.861873298883438110e-02 -6.765387058258056641e-01
2.672225832939147949e-01 -7.047319412231445312e-01
4.348969161510467529e-01 -5.877357721328735352e-01
-2.427047640085220337e-01 -3.313026428222656250e-01
-2.213403284549713135e-01 -1.928235590457916260e-01
-2.120408713817596436e-01 -8.665579557418823242e-02
-1.966177523136138916e-01 2.120441757142543793e-02
-2.285576909780502319e-01 1.436246782541275024e-01
-1.735840439796447754e-01 1.526536792516708374e-01
-1.165115907788276672e-01 1.594252884387969971e-01
-5.976356938481330872e-02 1.235068142414093018e-01
-3.162851789966225624e-03 8.471464365720748901e-02
-6.330648660659790039e-01 -1.979433000087738037e-01
-5.828877687454223633e-01 -2.512249946594238281e-01
-4.930509924888610840e-01 -2.714325487613677979e-01
-3.893727958202362061e-01 -2.524626255035400391e-01
-4.625780284404754639e-01 -2.029854804277420044e-01
-5.501939058303833008e-01 -1.739957928657531738e-01
-5.840424913913011551e-03 -3.532222807407379150e-01
5.509992316365242004e-02 -4.236265718936920166e-01
1.482825428247451782e-01 -4.554842412471771240e-01
2.738236784934997559e-01 -4.436518549919128418e-01
1.737006157636642456e-01 -3.672936856746673584e-01
7.753968983888626099e-02 -3.456978201866149902e-01
-2.185814231634140015e-01 4.095349907875061035e-01
-1.963007897138595581e-01 3.679839372634887695e-01
-1.292594671249389648e-01 3.293907046318054199e-01
-7.431483268737792969e-02 3.216383755207061768e-01
-1.749956607818603516e-02 2.997164130210876465e-01
9.084430336952209473e-02 2.910613119602203369e-01
1.967899352312088013e-01 2.910217344760894775e-01
1.431744992733001709e-01 3.539122343063354492e-01
5.207550153136253357e-02 4.120511114597320557e-01
-8.319915272295475006e-03 4.364891052246093750e-01
-7.155316323041915894e-02 4.474937617778778076e-01
-1.563576459884643555e-01 4.402467012405395508e-01
-2.123798131942749023e-01 4.079238772392272949e-01
-9.623114764690399170e-02 3.845966458320617676e-01
-4.270756244659423828e-02 3.710224032402038574e-01
1.379344146698713303e-02 3.554897010326385498e-01
1.944351494312286377e-01 2.917222976684570312e-01
3.277429193258285522e-02 3.396476209163665771e-01
-2.835469134151935577e-02 3.590960800647735596e-01
-8.719143271446228027e-02 3.754108548164367676e-01
