-7.202612757682800293e-01 -2.173569351434707642e-01 3.646617233753204346e-01 1.000000000000000000e+00
-6.320595741271972656e-01 -3.723106533288955688e-02 3.984959125518798828e-01 0.000000000000000000e+00
-5.296029448509216309e-01 1.638529151678085327e-01 4.220285713672637939e-01 0.000000000000000000e+00
-4.371650815010070801e-01 3.394980132579803467e-01 3.569374084472656250e-01 0.000000000000000000e+00
-3.524787425994873047e-01 5.059635639190673828e-01 2.172103971242904663e-01 0.000000000000000000e+00
-2.687733173370361328e-01 6.370519399642944336e-01 7.970368489623069763e-03 0.000000000000000000e+00
-1.420185416936874390e-01 7.057352066040039062e-01 -1.597222238779067993e-01 1.000000000000000000e+00
-6.522591225802898407e-03 7.432154417037963867e-01 -3.500513136386871338e-01 1.000000000000000000e+00
1.689383387565612793e-01 7.251721024513244629e-01 -4.127703309059143066e-01 1.000000000000000000e+00
3.089141249656677246e-01 6.468444466590881348e-01 -4.393893778324127197e-01 1.000000000000000000e+00
4.725502729415893555e-01 5.274618864059448242e-01 -3.379420638084411621e-01 1.000000000000000000e+00
5.976021885871887207e-01 3.851971030235290527e-01 -2.473845630884170532e-01 1.000000000000000000e+00
6.906489133834838867e-01 2.060789018869400024e-01 -9.155783057212829590e-02 1.000000000000000000e+00
7.391151189804077148e-01 5.232911091297864914e-03 7.797908037900924683e-03 1.000000000000000000e+00
7.508463263511657715e-01 -1.924635320901870728e-01 3.516755998134613037e-02 1.000000000000000000e+00
7.157350182533264160e-01 -4.090009629726409912e-01 -1.727757975459098816e-02 1.000000000000000000e+00
6.894489526748657227e-01 -6.049426794052124023e-01 -6.470198184251785278e-02 1.000000000000000000e+00
-7.454831600189208984e-01 -2.618945240974426270e-01 -1.367737650871276855e-01 1.000000000000000000e+00
-7.507843971252441406e-01 -4.219200909137725830e-01 -3.359943628311157227e-01 1.000000000000000000e+00
-6.551487445831298828e-01 -4.704895019531250000e-01 -5.113577842712402344e-01 1.000000000000000000e+00
-5.149480104446411133e-01 -4.772587120532989502e-01 -6.189371943473815918e-01 1.000000000000000000e+00
-3.801645040512084961e-01 -4.613321125507354736e-01 -6.696903109550476074e-01 1.000000000000000000e+00
-1.871032863855361938e-01 -5.154341459274291992e-01 -7.293519377708435059e-01 1.000000000000000000e+00
-7.101971656084060669e-02 -6.009284853935241699e-01 -7.549577355384826660e-01 1.000000000000000000e+00
8.861873298883438110e-02 -6.765387058258056641e-01 -7.349589467048645020e-01 1.000000000000000000e+00
2.672225832939147949e-01 -7.047319412231445312e-01 -6.383700966835021973e-01 1.000000000000000000e+00
4.348969161510467529e-01 -5.877357721328735352e-01 -4.897101223468780518e-01 1.000000000000000000e+00
-2.427047640085220337e-01 -3.313026428222656250e-01 -7.005038857460021973e-01 1.000000000000000000e+00
-2.213403284549713135e-01 -1.928235590457916260e-01 -7.601422071456909180e-01 1.000000000000000000e+00
-2.120408713817596436e-01 -8.665579557418823242e-02 -8.198406100273132324e-01 1.000000000000000000e+00
-1.966177523136138916e-01 2.120441757142543793e-02 -8.625423312187194824e-01 1.000000000000000000e+00
-2.285576909780502319e-01 1.436246782541275024e-01 -6.285309791564941406e-01 1.000000000000000000e+00
-1.735840439796447754e-01 1.526536792516708374e-01 -6.714751720428466797e-01 1.000000000000000000e+00
-1.165115907788276672e-01 1.594252884387969971e-01 -7.070286273956298828e-01 1.000000000000000000e+00
-5.976356938481330872e-02 1.235068142414093018e-01 -7.074148058891296387e-01 1.000000000000000000e+00
-3.162851789966225624e-03 8.471464365720748901e-02 -6.988681554794311523e-01 1.000000000000000000e+00
-6.330648660659790039e-01 -1.979433000087738037e-01 -3.512338697910308838e-01 1.000000000000000000e+00
-5.828877687454223633e-01 -2.512249946594238281e-01 -4.750800132751464844e-01 1.000000000000000000e+00
-4.930509924888610840e-01 -2.714325487613677979e-01 -5.083588957786560059e-01 1.000000000000000000e+00
-3.893727958202362061e-01 -2.524626255035400391e-01 -5.004472732543945312e-01 1.000000000000000000e+00
-4.625780284404754639e-01 -2.029854804277420044e-01 -4.859665036201477051e-01 1.000000000000000000e+00
-5.501939058303833008e-01 -1.739957928657531738e-01 -4.482016861438751221e-01 1.000000000000000000e+00
-5.840424913913011551e-03 -3.532222807407379150e-01 -6.212071180343627930e-01 1.000000000000000000e+00
5.509992316365242004e-02 -4.236265718936920166e-01 -6.809698343276977539e-01 1.000000000000000000e+00
1.482825428247451782e-01 -4.554842412471771240e-01 -7.019978761672973633e-01 1.000000000000000000e+00
2.738236784934997559e-01 -4.436518549919128418e-01 -6.280809044837951660e-01 1.000000000000000000e+00
1.737006157636642456e-01 -3.672936856746673584e-01 -6.689676642417907715e-01 1.000000000000000000e+00
7.753968983888626099e-02 -3.456978201866149902e-01 -6.523568034172058105e-01 1.000000000000000000e+00
-2.185814231634140015e-01 4.095349907875061035e-01 -5.047400593757629395e-01 1.000000000000000000e+00
-1.963007897138595581e-01 3.679839372634887695e-01 -6.165188550949096680e-01 1.000000000000000000e+00
-1.292594671249389648e-01 3.293907046318054199e-01 -6.941660046577453613e-01 1.000000000000000000e+00
-7.431483268737792969e-02 3.216383755207061768e-01 -7.186736464500427246e-01 1.000000000000000000e+00
-1.749956607818603516e-02 2.997164130210876465e-01 -7.291681170463562012e-01 1.000000000000000000e+00
9.084430336952209473e-02 2.910613119602203369e-01 -7.034953236579895020e-01 1.000000000000000000e+00
1.967899352312088013e-01 2.910217344760894775e-01 -6.287331581115722656e-01 1.000000000000000000e+00
1.431744992733001709e-01 3.539122343063354492e-01 -6.690661907196044922e-01 1.000000000000000000e+00
5.207550153136253357e-02 4.120511114597320557e-01 -6.947339177131652832e-01 1.000000000000000000e+00
-8.319915272295475006e-03 4.364891052246093750e-01 -6.803266406059265137e-01 1.000000000000000000e+00
-7.155316323041915894e-02 4.474937617778778076e-01 -6.559375524520874023e-01 1.000000000000000000e+00
-1.563576459884643555e-01 4.402467012405395508e-01 -5.822051763534545898e-01 1.000000000000000000e+00
-2.123798131942749023e-01 4.079238772392272949e-01 -5.043210387229919434e-01 1.000000000000000000e+00
-9.623114764690399170e-02 3.845966458320617676e-01 -6.381500363349914551e-01 1.000000000000000000e+00
-4.270756244659423828e-02 3.710224032402038574e-01 -6.602833867073059082e-01 1.000000000000000000e+00
1.379344146698713303e-02 3.554897010326385498e-01 -6.701229214668273926e-01 1.000000000000000000e+00
1.944351494312286377e-01 2.917222976684570312e-01 -6.282788515090942383e-01 1.000000000000000000e+00
3.277429193258285522e-02 3.396476209163665771e-01 -6.836743950843811035e-01 1.000000000000000000e+00
-2.835469134151935577e-02 3.590960800647735596e-01 -6.709496974945068359e-01 1.000000000000000000e+00
-8.719143271446228027e-02 3.754108548164367676e-01 -6.477206349372863770e-01 1.000000000000000000e+00
