-7.234678864479064941e-01 -5.149220824241638184e-01
-7.511401772499084473e-01 -3.069236278533935547e-01
-7.404983639717102051e-01 -1.201968789100646973e-01
-7.190194725990295410e-01 1.621700823307037354e-02
-6.931609511375427246e-01 1.832300722599029541e-01
-6.325584650039672852e-01 3.519715368747711182e-01
-5.161753296852111816e-01 5.152215957641601562e-01
-3.597683608531951904e-01 6.694738268852233887e-01
-2.007984220981597900e-01 7.320472598075866699e-01
-1.807152852416038513e-02 7.136585712432861328e-01
1.902250498533248901e-01 6.315944790840148926e-01
3.673548400402069092e-01 5.182709693908691406e-01
5.010212659835815430e-01 3.585326969623565674e-01
6.110388636589050293e-01 1.571090817451477051e-01
6.830366849899291992e-01 -2.371783368289470673e-02
7.415778040885925293e-01 -2.186225056648254395e-01
7.889427542686462402e-01 -4.011315405368804932e-01
-6.799544095993041992e-01 -5.719665288925170898e-01
-6.030700206756591797e-01 -6.759810447692871094e-01
-4.768874943256378174e-01 -6.443632245063781738e-01
-3.327266871929168701e-01 -5.750620365142822266e-01
-2.069853842258453369e-01 -4.990752339363098145e-01
-2.322975546121597290e-03 -4.698682427406311035e-01
1.418242007493972778e-01 -5.021691322326660156e-01
3.188854753971099854e-01 -5.177426934242248535e-01
4.912456870079040527e-01 -5.060347318649291992e-01
5.950100421905517578e-01 -3.761931657791137695e-01
-1.277798265218734741e-01 -3.130514323711395264e-01
-1.553286761045455933e-01 -1.551105827093124390e-01
-1.817794591188430786e-01 -3.018169850111007690e-02
-2.044004946947097778e-01 9.375206381082534790e-02
-3.115249574184417725e-01 1.045512706041336060e-01
-2.514770627021789551e-01 1.485142707824707031e-01
-1.878769695758819580e-01 1.818113625049591064e-01
-1.131830960512161255e-01 1.699718832969665527e-01
-3.573004528880119324e-02 1.490993946790695190e-01
-5.743315219879150391e-01 -3.947786390781402588e-01
-4.967374205589294434e-01 -3.688373863697052002e-01
-4.051178991794586182e-01 -3.539763689041137695e-01
-3.071679174900054932e-01 -3.257792294025421143e-01
-4.007308483123779297e-01 -3.143103718757629395e-01
-4.995398223400115967e-01 -3.268660902976989746e-01
8.711233735084533691e-02 -2.600106000900268555e-01
1.787929534912109375e-01 -2.553710043430328369e-01
2.727740705013275146e-01 -2.421695142984390259e-01
3.877674937248229980e-01 -2.401852011680603027e-01
2.716122269630432129e-01 -2.024521380662918091e-01
1.704448461532592773e-01 -2.216994911432266235e-01
-4.204707145690917969e-01 2.427779287099838257e-01
-3.656652271747589111e-01 2.517577111721038818e-01
-2.626469135284423828e-01 2.777343094348907471e-01
-1.942645460367202759e-01 2.997537851333618164e-01
-1.201372593641281128e-01 2.997710108757019043e-01
2.435110742226243019e-03 3.079239726066589355e-01
1.005514413118362427e-01 3.140093982219696045e-01
1.774861011654138565e-03 3.892287313938140869e-01
-1.219875365495681763e-01 4.229150712490081787e-01
-1.996896117925643921e-01 4.210802018642425537e-01
-2.734268605709075928e-01 4.018115103244781494e-01
-3.693270683288574219e-01 3.394491076469421387e-01
-4.155588746070861816e-01 2.440635859966278076e-01
-2.549540698528289795e-01 3.063116371631622314e-01
-1.848243325948715210e-01 3.185195922851562500e-01
-1.134499981999397278e-01 3.278469741344451904e-01
9.886366128921508789e-02 3.136966526508331299e-01
-1.091773658990859985e-01 3.399987220764160156e-01
-1.867899745702743530e-01 3.355065584182739258e-01
-2.615453600883483887e-01 3.205719888210296631e-01
