-7.146493792533874512e-01 -6.482571959495544434e-01 -8.256029337644577026e-02 1.000000000000000000e+00
-7.055951356887817383e-01 -4.550547897815704346e-01 2.267563540954142809e-04 1.000000000000000000e+00
-6.844055652618408203e-01 -2.336876690387725830e-01 8.150744438171386719e-02 0.000000000000000000e+00
-6.578342318534851074e-01 -1.572929508984088898e-02 6.997748464345932007e-02 0.000000000000000000e+00
-6.303410530090332031e-01 2.035668939352035522e-01 -2.170732617378234863e-02 0.000000000000000000e+00
-5.876693129539489746e-01 4.020177125930786133e-01 -1.883439570665359497e-01 0.000000000000000000e+00
-4.783576428890228271e-01 5.472455620765686035e-01 -3.270849585533142090e-01 1.000000000000000000e+00
-3.488616645336151123e-01 6.714990735054016113e-01 -5.013914704322814941e-01 1.000000000000000000e+00
-1.786584705114364624e-01 7.319952249526977539e-01 -5.427095890045166016e-01 1.000000000000000000e+00
-1.777280308306217194e-02 7.129991054534912109e-01 -5.561026930809020996e-01 1.000000000000000000e+00
1.818651109933853149e-01 6.365808248519897461e-01 -4.394489228725433350e-01 1.000000000000000000e+00
3.526347577571868896e-01 5.299609303474426270e-01 -3.516380190849304199e-01 1.000000000000000000e+00
4.922749102115631104e-01 3.628240823745727539e-01 -2.164884507656097412e-01 1.000000000000000000e+00
6.068941354751586914e-01 1.711364239454269409e-01 -1.493985056877136230e-01 1.000000000000000000e+00
6.965318918228149414e-01 -1.831984333693981171e-02 -1.606096029281616211e-01 1.000000000000000000e+00
7.536340355873107910e-01 -2.236861437559127808e-01 -2.598853111267089844e-01 1.000000000000000000e+00
8.068200349807739258e-01 -4.085764288902282715e-01 -3.449801802635192871e-01 1.000000000000000000e+00
-6.799544095993041992e-01 -5.719665288925170898e-01 -6.004155874252319336e-01 1.000000000000000000e+00
-6.030700206756591797e-01 -6.759810447692871094e-01 -8.305416107177734375e-01 1.000000000000000000e+00
-4.768874943256378174e-01 -6.443632245063781738e-01 -9.968858957290649414e-01 1.000000000000000000e+00
-3.327266871929168701e-01 -5.750620365142822266e-01 -1.081938147544860840e+00 1.000000000000000000e+00
-2.069853842258453369e-01 -4.990752339363098145e-01 -1.104376673698425293e+00 1.000000000000000000e+00
-2.322975546121597290e-03 -4.698682427406311035e-01 -1.140516757965087891e+00 1.000000000000000000e+00
1.418242007493972778e-01 -5.021691322326660156e-01 -1.164232730865478516e+00 1.000000000000000000e+00
3.188854753971099854e-01 -5.177426934242248535e-01 -1.131960630416870117e+00 1.000000000000000000e+00
4.912456870079040527e-01 -5.060347318649291992e-01 -1.010864973068237305e+00 1.000000000000000000e+00
5.950100421905517578e-01 -3.761931657791137695e-01 -8.123096823692321777e-01 1.000000000000000000e+00
-1.277798265218734741e-01 -3.130514323711395264e-01 -1.082083702087402344e+00 1.000000000000000000e+00
-1.553286761045455933e-01 -1.551105827093124390e-01 -1.115774273872375488e+00 1.000000000000000000e+00
-1.817794591188430786e-01 -3.018169850111007690e-02 -1.153774857521057129e+00 1.000000000000000000e+00
-2.044004946947097778e-01 9.375206381082534790e-02 -1.177348136901855469e+00 1.000000000000000000e+00
-3.115249574184417725e-01 1.045512706041336060e-01 -9.087712764739990234e-01 0.000000000000000000e+00
-2.514770627021789551e-01 1.485142707824707031e-01 -9.386588931083679199e-01 1.000000000000000000e+00
-1.878769695758819580e-01 1.818113625049591064e-01 -9.593652486801147461e-01 1.000000000000000000e+00
-1.131830960512161255e-01 1.699718832969665527e-01 -9.626584649085998535e-01 1.000000000000000000e+00
-3.573004528880119324e-02 1.490993946790695190e-01 -9.563052654266357422e-01 0.000000000000000000e+00
-5.743315219879150391e-01 -3.947786390781402588e-01 -7.818931937217712402e-01 1.000000000000000000e+00
-4.967374205589294434e-01 -3.688373863697052002e-01 -9.003431200981140137e-01 1.000000000000000000e+00
-4.051178991794586182e-01 -3.539763689041137695e-01 -9.185062646865844727e-01 1.000000000000000000e+00
-3.071679174900054932e-01 -3.257792294025421143e-01 -8.958762884140014648e-01 1.000000000000000000e+00
-4.007308483123779297e-01 -3.143103718757629395e-01 -8.896324634552001953e-01 1.000000000000000000e+00
-4.995398223400115967e-01 -3.268660902976989746e-01 -8.624446988105773926e-01 1.000000000000000000e+00
8.711233735084533691e-02 -2.600106000900268555e-01 -9.683687090873718262e-01 1.000000000000000000e+00
1.787929534912109375e-01 -2.553710043430328369e-01 -1.021437764167785645e+00 1.000000000000000000e+00
2.727740705013275146e-01 -2.421695142984390259e-01 -1.032740116119384766e+00 1.000000000000000000e+00
3.877674937248229980e-01 -2.401852011680603027e-01 -9.476757645606994629e-01 1.000000000000000000e+00
2.716122269630432129e-01 -2.024521380662918091e-01 -9.968916177749633789e-01 1.000000000000000000e+00
1.704448461532592773e-01 -2.216994911432266235e-01 -9.907680749893188477e-01 1.000000000000000000e+00
-4.204707145690917969e-01 2.427779287099838257e-01 -6.673904657363891602e-01 1.000000000000000000e+00
-3.656652271747589111e-01 2.517577111721038818e-01 -7.982250452041625977e-01 1.000000000000000000e+00
-2.626469135284423828e-01 2.777343094348907471e-01 -8.837507367134094238e-01 1.000000000000000000e+00
-1.942645460367202759e-01 2.997537851333618164e-01 -9.013583064079284668e-01 1.000000000000000000e+00
-1.201372593641281128e-01 2.997710108757019043e-01 -9.087632894515991211e-01 1.000000000000000000e+00
2.435110742226243019e-03 3.079239726066589355e-01 -8.607311248779296875e-01 1.000000000000000000e+00
1.005514413118362427e-01 3.140093982219696045e-01 -7.555226087570190430e-01 1.000000000000000000e+00
1.774861011654138565e-03 3.892287313938140869e-01 -8.102779388427734375e-01 1.000000000000000000e+00
-1.219875365495681763e-01 4.229150712490081787e-01 -8.550937175750732422e-01 1.000000000000000000e+00
-1.996896117925643921e-01 4.210802018642425537e-01 -8.455141186714172363e-01 1.000000000000000000e+00
-2.734268605709075928e-01 4.018115103244781494e-01 -8.255354762077331543e-01 1.000000000000000000e+00
-3.693270683288574219e-01 3.394491076469421387e-01 -7.473387718200683594e-01 1.000000000000000000e+00
-4.155588746070861816e-01 2.440635859966278076e-01 -6.660537123680114746e-01 1.000000000000000000e+00
-2.549540698528289795e-01 3.063116371631622314e-01 -8.045876622200012207e-01 0.000000000000000000e+00
-1.848243325948715210e-01 3.185195922851562500e-01 -8.193630576133728027e-01 0.000000000000000000e+00
-1.134499981999397278e-01 3.278469741344451904e-01 -8.294667601585388184e-01 0.000000000000000000e+00
9.886366128921508789e-02 3.136966526508331299e-01 -7.558755874633789062e-01 1.000000000000000000e+00
-1.091773658990859985e-01 3.399987220764160156e-01 -8.400939702987670898e-01 1.000000000000000000e+00
-1.867899745702743530e-01 3.355065584182739258e-01 -8.392562270164489746e-01 1.000000000000000000e+00
-2.615453600883483887e-01 3.205719888210296631e-01 -8.123111724853515625e-01 1.000000000000000000e+00
