-7.170860767364501953e-01 -4.198960959911346436e-01
-7.410622239112854004e-01 -2.546256482601165771e-01
-7.334677577018737793e-01 -8.408959209918975830e-02
-6.990947127342224121e-01 7.568483054637908936e-02
-6.523551940917968750e-01 2.315379530191421509e-01
-5.780740976333618164e-01 3.917926251888275146e-01
-4.757672846317291260e-01 5.404874682426452637e-01
-3.430680334568023682e-01 6.745227575302124023e-01
-1.934655606746673584e-01 7.162585258483886719e-01
-2.338478341698646545e-03 6.915213465690612793e-01
2.063800990581512451e-01 6.163749098777770996e-01
3.798979222774505615e-01 5.053045749664306641e-01
5.323044657707214355e-01 3.546680808067321777e-01
6.414160728454589844e-01 1.708455383777618408e-01
7.161349058151245117e-01 -1.984512247145175934e-02
7.432784438133239746e-01 -2.413231879472732544e-01
7.714895606040954590e-01 -4.387591481208801270e-01
-7.116024494171142578e-01 -5.262436866760253906e-01
-6.831247210502624512e-01 -6.747396588325500488e-01
-5.877672433853149414e-01 -6.913849711418151855e-01
-4.587138891220092773e-01 -6.570967435836791992e-01
-3.364112675189971924e-01 -6.010599136352539062e-01
-1.413446962833404541e-01 -5.976853966712951660e-01
-6.201366428285837173e-03 -6.457784771919250488e-01
1.685968935489654541e-01 -6.687876582145690918e-01
3.564291596412658691e-01 -6.456303000450134277e-01
4.947135746479034424e-01 -4.922156035900115967e-01
-2.455071955919265747e-01 -4.369324445724487305e-01
-2.696806490421295166e-01 -2.988529205322265625e-01
-2.964638173580169678e-01 -1.896330118179321289e-01
-3.160358667373657227e-01 -7.878646999597549438e-02
-3.771321773529052734e-01 7.585256360471248627e-03
-3.222740292549133301e-01 3.618671372532844543e-02
-2.627567350864410400e-01 5.746381729841232300e-02
-1.913615167140960693e-01 4.081096500158309937e-02
-1.170455217361450195e-01 1.755915395915508270e-02
-6.312989592552185059e-01 -4.295814335346221924e-01
-5.751724243164062500e-01 -4.652721583843231201e-01
-4.848994314670562744e-01 -4.573892056941986084e-01
-3.884969651699066162e-01 -4.073069691658020020e-01
-4.750040769577026367e-01 -3.821747899055480957e-01
-5.648018121719360352e-01 -3.810460567474365234e-01
-1.054670941084623337e-02 -3.909824192523956299e-01
6.529106944799423218e-02 -4.406835734844207764e-01
1.625986993312835693e-01 -4.453460872173309326e-01
2.858952581882476807e-01 -3.987204730510711670e-01
1.631377488374710083e-01 -3.533313572406768799e-01
6.671623140573501587e-02 -3.601409792900085449e-01
-4.379239082336425781e-01 2.221503257751464844e-01
-4.058639407157897949e-01 1.911749392747879028e-01
-3.220417499542236328e-01 1.851828545331954956e-01
-2.591249048709869385e-01 1.944630742073059082e-01
-1.898097693920135498e-01 1.899847388267517090e-01
-6.208498030900955200e-02 2.051357775926589966e-01
5.673259869217872620e-02 2.433116286993026733e-01
-4.154773429036140442e-02 3.239321708679199219e-01
-1.665100604295730591e-01 3.567930161952972412e-01
-2.415485531091690063e-01 3.610039949417114258e-01
-3.114096820354461670e-01 3.497266769409179688e-01
-3.955524861812591553e-01 3.075768053531646729e-01
-4.321990907192230225e-01 2.237886786460876465e-01
-2.995208203792572021e-01 2.325718700885772705e-01
-2.358128577470779419e-01 2.335874885320663452e-01
-1.684644818305969238e-01 2.371759414672851562e-01
5.469150096178054810e-02 2.427463382482528687e-01
-1.552748084068298340e-01 2.822502553462982178e-01
-2.291351854801177979e-01 2.823027074337005615e-01
-2.968764007091522217e-01 2.757537961006164551e-01
