-6.643036603927612305e-01 -4.845816791057586670e-01 4.070505201816558838e-01 0.000000000000000000e+00
-6.327449083328247070e-01 -2.864185571670532227e-01 4.406219720840454102e-01 0.000000000000000000e+00
-5.925266742706298828e-01 -6.371593475341796875e-02 4.643400311470031738e-01 0.000000000000000000e+00
-5.636315345764160156e-01 1.348930299282073975e-01 4.012712240219116211e-01 0.000000000000000000e+00
-5.464575886726379395e-01 3.220314979553222656e-01 2.670926153659820557e-01 0.000000000000000000e+00
-5.211321115493774414e-01 4.748576581478118896e-01 6.429873406887054443e-02 0.000000000000000000e+00
-4.331379234790802002e-01 5.920184254646301270e-01 -1.015405207872390747e-01 1.000000000000000000e+00
-3.281241357326507568e-01 6.811656355857849121e-01 -2.974771857261657715e-01 1.000000000000000000e+00
-1.615152359008789062e-01 7.236372828483581543e-01 -3.701718449592590332e-01 1.000000000000000000e+00
-2.338478341698646545e-03 6.915213465690612793e-01 -4.037502408027648926e-01 1.000000000000000000e+00
2.063800990581512451e-01 6.163749098777770996e-01 -3.188274800777435303e-01 1.000000000000000000e+00
3.798979222774505615e-01 5.053045749664306641e-01 -2.484793066978454590e-01 1.000000000000000000e+00
5.323044657707214355e-01 3.546680808067321777e-01 -1.134938076138496399e-01 1.000000000000000000e+00
6.414160728454589844e-01 1.708455383777618408e-01 -2.794634550809860229e-02 1.000000000000000000e+00
7.161349058151245117e-01 -1.984512247145175934e-02 -7.931213825941085815e-03 1.000000000000000000e+00
7.432784438133239746e-01 -2.413231879472732544e-01 -6.481719762086868286e-02 1.000000000000000000e+00
7.714895606040954590e-01 -4.387591481208801270e-01 -1.149525716900825500e-01 1.000000000000000000e+00
-7.116024494171142578e-01 -5.262436866760253906e-01 -9.746876358985900879e-02 1.000000000000000000e+00
-6.831247210502624512e-01 -6.747396588325500488e-01 -3.007086515426635742e-01 1.000000000000000000e+00
-5.877672433853149414e-01 -6.913849711418151855e-01 -4.840947091579437256e-01 1.000000000000000000e+00
-4.587138891220092773e-01 -6.570967435836791992e-01 -5.997662544250488281e-01 1.000000000000000000e+00
-3.364112675189971924e-01 -6.010599136352539062e-01 -6.575175523757934570e-01 1.000000000000000000e+00
-1.413446962833404541e-01 -5.976853966712951660e-01 -7.296391129493713379e-01 1.000000000000000000e+00
-6.201366428285837173e-03 -6.457784771919250488e-01 -7.658916115760803223e-01 1.000000000000000000e+00
1.685968935489654541e-01 -6.687876582145690918e-01 -7.573257684707641602e-01 1.000000000000000000e+00
3.564291596412658691e-01 -6.456303000450134277e-01 -6.710661053657531738e-01 1.000000000000000000e+00
4.947135746479034424e-01 -4.922156035900115967e-01 -5.282960534095764160e-01 1.000000000000000000e+00
-2.455071955919265747e-01 -4.369324445724487305e-01 -6.907621622085571289e-01 1.000000000000000000e+00
-2.696806490421295166e-01 -2.988529205322265625e-01 -7.482492327690124512e-01 1.000000000000000000e+00
-2.964638173580169678e-01 -1.896330118179321289e-01 -8.074515461921691895e-01 1.000000000000000000e+00
-3.160358667373657227e-01 -7.878646999597549438e-02 -8.514875173568725586e-01 1.000000000000000000e+00
-3.771321773529052734e-01 7.585256360471248627e-03 -5.948162674903869629e-01 1.000000000000000000e+00
-3.222740292549133301e-01 3.618671372532844543e-02 -6.424441337585449219e-01 1.000000000000000000e+00
-2.627567350864410400e-01 5.746381729841232300e-02 -6.802552342414855957e-01 1.000000000000000000e+00
-1.913615167140960693e-01 4.081096500158309937e-02 -6.902628540992736816e-01 1.000000000000000000e+00
-1.170455217361450195e-01 1.755915395915508270e-02 -6.898176074028015137e-01 1.000000000000000000e+00
-6.312989592552185059e-01 -4.295814335346221924e-01 -3.131196200847625732e-01 1.000000000000000000e+00
-5.751724243164062500e-01 -4.652721583843231201e-01 -4.420116841793060303e-01 1.000000000000000000e+00
-4.848994314670562744e-01 -4.573892056941986084e-01 -4.808994829654693604e-01 1.000000000000000000e+00
-3.884969651699066162e-01 -4.073069691658020020e-01 -4.783975481986999512e-01 1.000000000000000000e+00
-4.750040769577026367e-01 -3.821747899055480957e-01 -4.591186642646789551e-01 1.000000000000000000e+00
-5.648018121719360352e-01 -3.810460567474365234e-01 -4.160901606082916260e-01 1.000000000000000000e+00
-1.054670941084623337e-02 -3.909824192523956299e-01 -6.202065348625183105e-01 1.000000000000000000e+00
6.529106944799423218e-02 -4.406835734844207764e-01 -6.860077381134033203e-01 1.000000000000000000e+00
1.625986993312835693e-01 -4.453460872173309326e-01 -7.137136459350585938e-01 1.000000000000000000e+00
2.858952581882476807e-01 -3.987204730510711670e-01 -6.475652456283569336e-01 1.000000000000000000e+00
1.631377488374710083e-01 -3.533313572406768799e-01 -6.826456189155578613e-01 1.000000000000000000e+00
6.671623140573501587e-02 -3.601409792900085449e-01 -6.589601635932922363e-01 1.000000000000000000e+00
-4.379239082336425781e-01 2.221503257751464844e-01 -3.850638866424560547e-01 1.000000000000000000e+00
-4.058639407157897949e-01 1.911749392747879028e-01 -5.261113643646240234e-01 1.000000000000000000e+00
-3.220417499542236328e-01 1.851828545331954956e-01 -6.303467154502868652e-01 1.000000000000000000e+00
-2.591249048709869385e-01 1.944630742073059082e-01 -6.620409488677978516e-01 1.000000000000000000e+00
-1.898097693920135498e-01 1.899847388267517090e-01 -6.791180968284606934e-01 1.000000000000000000e+00
-6.208498030900955200e-02 2.051357775926589966e-01 -6.512956023216247559e-01 1.000000000000000000e+00
5.673259869217872620e-02 2.433116286993026733e-01 -5.577053427696228027e-01 1.000000000000000000e+00
-4.154773429036140442e-02 3.239321708679199219e-01 -6.037271618843078613e-01 1.000000000000000000e+00
-1.665100604295730591e-01 3.567930161952972412e-01 -6.341683268547058105e-01 1.000000000000000000e+00
-2.415485531091690063e-01 3.610039949417114258e-01 -6.161263585090637207e-01 1.000000000000000000e+00
-3.114096820354461670e-01 3.497266769409179688e-01 -5.833770632743835449e-01 1.000000000000000000e+00
-3.955524861812591553e-01 3.075768053531646729e-01 -4.844213724136352539e-01 1.000000000000000000e+00
-4.321990907192230225e-01 2.237886786460876465e-01 -3.843922913074493408e-01 1.000000000000000000e+00
-2.995208203792572021e-01 2.325718700885772705e-01 -5.624080300331115723e-01 0.000000000000000000e+00
-2.358128577470779419e-01 2.335874885320663452e-01 -5.906195640563964844e-01 1.000000000000000000e+00
-1.684644818305969238e-01 2.371759414672851562e-01 -6.102556586265563965e-01 0.000000000000000000e+00
5.469150096178054810e-02 2.427463382482528687e-01 -5.576933026313781738e-01 1.000000000000000000e+00
-1.552748084068298340e-01 2.822502553462982178e-01 -6.056373715400695801e-01 1.000000000000000000e+00
-2.291351854801177979e-01 2.823027074337005615e-01 -5.925365686416625977e-01 1.000000000000000000e+00
-2.968764007091522217e-01 2.757537961006164551e-01 -5.561444163322448730e-01 1.000000000000000000e+00
