-6.731829643249511719e-01 -6.813752055168151855e-01
-7.126269340515136719e-01 -4.994921982288360596e-01
-7.366001605987548828e-01 -2.973725497722625732e-01
-7.494772672653198242e-01 -9.575288742780685425e-02
-7.230256199836730957e-01 1.395779103040695190e-01
-6.518544554710388184e-01 3.501807749271392822e-01
-5.187817811965942383e-01 5.267450213432312012e-01
-3.494061827659606934e-01 6.859470009803771973e-01
-1.831521987915039062e-01 7.643288373947143555e-01
-9.712893515825271606e-03 7.594689130783081055e-01
1.937232911586761475e-01 6.650401353836059570e-01
3.578884899616241455e-01 5.501294732093811035e-01
4.731909930706024170e-01 4.165747165679931641e-01
5.576113462448120117e-01 2.771569192409515381e-01
6.291424036026000977e-01 1.635812669992446899e-01
7.058964371681213379e-01 2.498432062566280365e-03
7.596927881240844727e-01 -1.902862340211868286e-01
-4.954111576080322266e-01 -5.590091943740844727e-01
-3.415702581405639648e-01 -6.244612932205200195e-01
-1.735799908638000488e-01 -5.628985166549682617e-01
-1.912198215723037720e-02 -4.735538959503173828e-01
9.928369522094726562e-02 -3.907536566257476807e-01
2.967991828918457031e-01 -3.444652855396270752e-01
4.417549073696136475e-01 -3.627026677131652832e-01
5.990169644355773926e-01 -3.718845248222351074e-01
7.252378463745117188e-01 -3.651744127273559570e-01
7.521884441375732422e-01 -2.578544318675994873e-01
1.511791199445724487e-01 -2.167023718357086182e-01
1.215044483542442322e-01 -6.534401327371597290e-02
9.627720713615417480e-02 5.845329537987709045e-02
7.018424570560455322e-02 1.809053122997283936e-01
-1.139768362045288086e-01 1.574125736951828003e-01
-5.370774120092391968e-02 2.089494168758392334e-01
8.570378646254539490e-03 2.486310303211212158e-01
8.067245036363601685e-02 2.421298027038574219e-01
1.515948623418807983e-01 2.244399189949035645e-01
-3.535179197788238525e-01 -3.634047210216522217e-01
-2.457187324762344360e-01 -3.231138885021209717e-01
-1.543906182050704956e-01 -2.996813058853149414e-01
-7.217453420162200928e-02 -2.659652531147003174e-01
-1.635989695787429810e-01 -2.608970105648040771e-01
-2.633418440818786621e-01 -2.826232314109802246e-01
3.112568557262420654e-01 -1.670272797346115112e-01
4.150274991989135742e-01 -1.551730781793594360e-01
5.078332424163818359e-01 -1.350915879011154175e-01
5.868048071861267090e-01 -1.293890476226806641e-01
4.868918955326080322e-01 -9.436101466417312622e-02
3.920722007751464844e-01 -1.203619763255119324e-01
-3.228543102741241455e-01 2.628575861454010010e-01
-2.223887294530868530e-01 2.890739738941192627e-01
-9.757064282894134521e-02 3.313965499401092529e-01
-2.810854092240333557e-02 3.601018190383911133e-01
4.533107206225395203e-02 3.669508099555969238e-01
1.456330120563507080e-01 3.801925778388977051e-01
2.021518945693969727e-01 3.856468498706817627e-01
1.108513027429580688e-01 4.611835181713104248e-01
-3.303705307189375162e-05 4.910257756710052490e-01
-7.784908264875411987e-02 4.814872145652770996e-01
-1.530066132545471191e-01 4.545828998088836670e-01
-2.628089487552642822e-01 3.745414316654205322e-01
-3.187935352325439453e-01 2.646113932132720947e-01
-1.188926026225090027e-01 3.519044518470764160e-01
-4.711563140153884888e-02 3.704338073730468750e-01
2.362984232604503632e-02 3.873934447765350342e-01
2.005706280469894409e-01 3.852330446243286133e-01
1.547807920724153519e-02 4.097274541854858398e-01
-5.923683568835258484e-02 3.994614481925964355e-01
-1.381961554288864136e-01 3.747103512287139893e-01
