-6.855411529541015625e-01 -6.955968737602233887e-01 -3.730871379375457764e-01 1.000000000000000000e+00
-7.216382026672363281e-01 -5.124529004096984863e-01 -2.758747339248657227e-01 1.000000000000000000e+00
-7.513155937194824219e-01 -3.004253804683685303e-01 -1.757787168025970459e-01 1.000000000000000000e+00
-7.491089105606079102e-01 -8.294785022735595703e-02 -1.638433188199996948e-01 1.000000000000000000e+00
-7.161067724227905273e-01 1.456417143344879150e-01 -2.254830896854400635e-01 1.000000000000000000e+00
-6.434493064880371094e-01 3.641118705272674561e-01 -3.544964194297790527e-01 1.000000000000000000e+00
-5.132250189781188965e-01 5.335884690284729004e-01 -4.391972422599792480e-01 1.000000000000000000e+00
-3.492766320705413818e-01 6.855662465095520020e-01 -5.506244301795959473e-01 1.000000000000000000e+00
-1.797338724136352539e-01 7.619514465332031250e-01 -5.312727093696594238e-01 1.000000000000000000e+00
-1.945602893829345703e-02 7.557827830314636230e-01 -4.940413236618041992e-01 1.000000000000000000e+00
1.468745172023773193e-01 6.823267936706542969e-01 -3.274345099925994873e-01 1.000000000000000000e+00
2.951609790325164795e-01 5.765956044197082520e-01 -1.970766931772232056e-01 0.000000000000000000e+00
4.055283963680267334e-01 4.045369923114776611e-01 -3.569879010319709778e-02 0.000000000000000000e+00
5.118893980979919434e-01 2.137728333473205566e-01 5.115962401032447815e-02 0.000000000000000000e+00
6.143602728843688965e-01 3.139119222760200500e-02 5.638369917869567871e-02 0.000000000000000000e+00
7.183701395988464355e-01 -1.579692959785461426e-01 -3.523575887084007263e-02 1.000000000000000000e+00
8.127310276031494141e-01 -3.282463252544403076e-01 -1.149599701166152954e-01 1.000000000000000000e+00
-4.954111576080322266e-01 -5.590091943740844727e-01 -8.420364260673522949e-01 1.000000000000000000e+00
-3.415702581405639648e-01 -6.244612932205200195e-01 -1.040757179260253906e+00 1.000000000000000000e+00
-1.735799908638000488e-01 -5.628985166549682617e-01 -1.153680205345153809e+00 1.000000000000000000e+00
-1.912198215723037720e-02 -4.735538959503173828e-01 -1.182348728179931641e+00 1.000000000000000000e+00
9.928369522094726562e-02 -3.907536566257476807e-01 -1.157892704010009766e+00 1.000000000000000000e+00
2.967991828918457031e-01 -3.444652855396270752e-01 -1.125374555587768555e+00 1.000000000000000000e+00
4.417549073696136475e-01 -3.627026677131652832e-01 -1.104445934295654297e+00 1.000000000000000000e+00
5.990169644355773926e-01 -3.718845248222351074e-01 -1.018841624259948730e+00 1.000000000000000000e+00
7.252378463745117188e-01 -3.651744127273559570e-01 -8.498563766479492188e-01 1.000000000000000000e+00
7.521884441375732422e-01 -2.578544318675994873e-01 -6.205784678459167480e-01 1.000000000000000000e+00
1.511791199445724487e-01 -2.167023718357086182e-01 -1.100415229797363281e+00 1.000000000000000000e+00
1.215044483542442322e-01 -6.534401327371597290e-02 -1.127171993255615234e+00 1.000000000000000000e+00
9.627720713615417480e-02 5.845329537987709045e-02 -1.162194609642028809e+00 1.000000000000000000e+00
7.018424570560455322e-02 1.809053122997283936e-01 -1.183609962463378906e+00 1.000000000000000000e+00
-1.139768362045288086e-01 1.574125736951828003e-01 -9.626328945159912109e-01 1.000000000000000000e+00
-5.370774120092391968e-02 2.089494168758392334e-01 -9.711471796035766602e-01 1.000000000000000000e+00
8.570378646254539490e-03 2.486310303211212158e-01 -9.690101146697998047e-01 1.000000000000000000e+00
8.067245036363601685e-02 2.421298027038574219e-01 -9.490749835968017578e-01 1.000000000000000000e+00
1.515948623418807983e-01 2.244399189949035645e-01 -9.176933765411376953e-01 0.000000000000000000e+00
-3.535179197788238525e-01 -3.634047210216522217e-01 -9.648845791816711426e-01 1.000000000000000000e+00
-2.457187324762344360e-01 -3.231138885021209717e-01 -1.050395965576171875e+00 1.000000000000000000e+00
-1.543906182050704956e-01 -2.996813058853149414e-01 -1.036556839942932129e+00 1.000000000000000000e+00
-7.217453420162200928e-02 -2.659652531147003174e-01 -9.797997474670410156e-01 1.000000000000000000e+00
-1.635989695787429810e-01 -2.608970105648040771e-01 -1.003235101699829102e+00 1.000000000000000000e+00
-2.633418440818786621e-01 -2.826232314109802246e-01 -1.010508179664611816e+00 1.000000000000000000e+00
3.112568557262420654e-01 -1.670272797346115112e-01 -9.176487922668457031e-01 1.000000000000000000e+00
4.150274991989135742e-01 -1.551730781793594360e-01 -9.414919018745422363e-01 1.000000000000000000e+00
5.078332424163818359e-01 -1.350915879011154175e-01 -9.213470816612243652e-01 1.000000000000000000e+00
5.868048071861267090e-01 -1.293890476226806641e-01 -8.021796941757202148e-01 1.000000000000000000e+00
4.868918955326080322e-01 -9.436101466417312622e-02 -8.812213540077209473e-01 1.000000000000000000e+00
3.920722007751464844e-01 -1.203619763255119324e-01 -9.087795019149780273e-01 1.000000000000000000e+00
-3.228543102741241455e-01 2.628575861454010010e-01 -7.593073248863220215e-01 1.000000000000000000e+00
-2.223887294530868530e-01 2.890739738941192627e-01 -8.692467212677001953e-01 1.000000000000000000e+00
-9.757064282894134521e-02 3.313965499401092529e-01 -9.176401495933532715e-01 1.000000000000000000e+00
-2.810854092240333557e-02 3.601018190383911133e-01 -9.108148813247680664e-01 1.000000000000000000e+00
4.533107206225395203e-02 3.669508099555969238e-01 -8.939722776412963867e-01 1.000000000000000000e+00
1.456330120563507080e-01 3.801925778388977051e-01 -8.064168095588684082e-01 1.000000000000000000e+00
2.021518945693969727e-01 3.856468498706817627e-01 -6.717813014984130859e-01 1.000000000000000000e+00
1.108513027429580688e-01 4.611835181713104248e-01 -7.481544017791748047e-01 1.000000000000000000e+00
-3.303705307189375162e-05 4.910257756710052490e-01 -8.271902799606323242e-01 1.000000000000000000e+00
-7.784908264875411987e-02 4.814872145652770996e-01 -8.433524370193481445e-01 1.000000000000000000e+00
-1.530066132545471191e-01 4.545828998088836670e-01 -8.488864302635192871e-01 1.000000000000000000e+00
-2.628089487552642822e-01 3.745414316654205322e-01 -8.092516064643859863e-01 1.000000000000000000e+00
-3.187935352325439453e-01 2.646113932132720947e-01 -7.561182379722595215e-01 1.000000000000000000e+00
-1.188926026225090027e-01 3.519044518470764160e-01 -8.360350131988525391e-01 0.000000000000000000e+00
-4.711563140153884888e-02 3.704338073730468750e-01 -8.269128799438476562e-01 0.000000000000000000e+00
2.362984232604503632e-02 3.873934447765350342e-01 -8.123583197593688965e-01 0.000000000000000000e+00
2.005706280469894409e-01 3.852330446243286133e-01 -6.726099848747253418e-01 1.000000000000000000e+00
1.547807920724153519e-02 4.097274541854858398e-01 -8.130397200584411621e-01 1.000000000000000000e+00
-5.923683568835258484e-02 3.994614481925964355e-01 -8.378169536590576172e-01 1.000000000000000000e+00
-1.381961554288864136e-01 3.747103512287139893e-01 -8.363372683525085449e-01 1.000000000000000000e+00
