-7.066570520401000977e-01 -2.127001732587814331e-01
-6.859099864959716797e-01 -5.060825124382972717e-02
-6.244286894798278809e-01 1.125594899058341980e-01
-5.483546257019042969e-01 2.595161497592926025e-01
-4.661445915699005127e-01 3.980946838855743408e-01
-3.538534045219421387e-01 5.321425199508666992e-01
-2.177651971578598022e-01 6.495879888534545898e-01
-4.103027284145355225e-02 7.432308793067932129e-01
1.172702908515930176e-01 7.513566017150878906e-01
2.883095443248748779e-01 6.775219440460205078e-01
4.587253630161285400e-01 5.524474382400512695e-01
5.822787880897521973e-01 3.949027657508850098e-01
6.793498396873474121e-01 2.150626778602600098e-01
7.364544272422790527e-01 1.878363080322742462e-02
7.535914778709411621e-01 -1.775899976491928101e-01
7.260486483573913574e-01 -3.934871554374694824e-01
7.068685293197631836e-01 -5.885243415832519531e-01
-7.226406931877136230e-01 -3.134438693523406982e-01
-7.264252901077270508e-01 -4.597396254539489746e-01
-6.329773068428039551e-01 -5.036048293113708496e-01
-4.991931319236755371e-01 -5.046151280403137207e-01
-3.695319294929504395e-01 -4.833966195583343506e-01
-1.878355145454406738e-01 -5.310372114181518555e-01
-7.298573851585388184e-02 -6.099056601524353027e-01
8.541204035282135010e-02 -6.722176074981689453e-01
2.692478895187377930e-01 -6.959066390991210938e-01
4.359445571899414062e-01 -5.890526771545410156e-01
-2.466281950473785400e-01 -3.549122810363769531e-01
-2.324366122484207153e-01 -2.271137684583663940e-01
-2.296649664640426636e-01 -1.268370896577835083e-01
-2.197511047124862671e-01 -2.653690986335277557e-02
-2.668418586254119873e-01 6.951332837343215942e-02
-2.039840817451477051e-01 8.558450639247894287e-02
-1.414939016103744507e-01 8.961099386215209961e-02
-7.843225449323654175e-02 5.607657507061958313e-02
-1.359647791832685471e-02 1.132791861891746521e-02
-6.205034852027893066e-01 -2.259621024131774902e-01
-5.619561672210693359e-01 -2.430661469697952271e-01
-4.830508232116699219e-01 -2.635628581047058105e-01
-3.871398270130157471e-01 -2.750840485095977783e-01
-4.683600664138793945e-01 -2.357666939496994019e-01
-5.510255694389343262e-01 -2.102298885583877563e-01
-1.251814700663089752e-02 -3.594800233840942383e-01
6.219656392931938171e-02 -3.900017440319061279e-01
1.457068175077438354e-01 -4.090027213096618652e-01
2.636960446834564209e-01 -4.319032430648803711e-01
1.599286794662475586e-01 -3.732607662677764893e-01
6.960700452327728271e-02 -3.577351570129394531e-01
-2.489569038152694702e-01 3.258434534072875977e-01
-2.422893792390823364e-01 2.621566355228424072e-01
-1.649486571550369263e-01 2.282113730907440186e-01
-1.023246273398399353e-01 2.205155789852142334e-01
-3.654341399669647217e-02 1.979123204946517944e-01
9.413155913352966309e-02 1.850124150514602661e-01
2.276871204376220703e-01 2.200646549463272095e-01
1.749377250671386719e-01 3.437997102737426758e-01
7.123077660799026489e-02 4.114951789379119873e-01
-2.872937475331127644e-04 4.364674985408782959e-01
-7.396438717842102051e-02 4.410315454006195068e-01
-1.734689176082611084e-01 4.171887040138244629e-01
-2.411723881959915161e-01 3.269456923007965088e-01
-1.296651214361190796e-01 2.656220197677612305e-01
-6.960061192512512207e-02 2.494755238294601440e-01
-5.055015441030263901e-03 2.364309877157211304e-01
2.253272533416748047e-01 2.198483943939208984e-01
6.258106976747512817e-02 3.361793458461761475e-01
-6.381071638315916061e-03 3.539054095745086670e-01
-7.586377114057540894e-02 3.649421036243438721e-01
