-6.805578470230102539e-01 -2.690903544425964355e-01 4.168807566165924072e-01 0.000000000000000000e+00
-5.988118648529052734e-01 -9.102147817611694336e-02 4.454434216022491455e-01 0.000000000000000000e+00
-5.072212219238281250e-01 1.099121719598770142e-01 4.642523527145385742e-01 0.000000000000000000e+00
-4.299020469188690186e-01 2.872198522090911865e-01 4.026097357273101807e-01 0.000000000000000000e+00
-3.602669239044189453e-01 4.541239440441131592e-01 2.722942531108856201e-01 0.000000000000000000e+00
-2.889561355113983154e-01 5.913043022155761719e-01 8.095038682222366333e-02 0.000000000000000000e+00
-1.665884852409362793e-01 6.875529289245605469e-01 -6.864610314369201660e-02 1.000000000000000000e+00
-2.786756865680217743e-02 7.446858286857604980e-01 -2.427935153245925903e-01 1.000000000000000000e+00
1.455717533826828003e-01 7.491906881332397461e-01 -3.004156053066253662e-01 1.000000000000000000e+00
2.881937026977539062e-01 6.776882410049438477e-01 -3.265760242938995361e-01 1.000000000000000000e+00
4.584600031375885010e-01 5.526056885719299316e-01 -2.487105727195739746e-01 1.000000000000000000e+00
5.821642875671386719e-01 3.955579400062561035e-01 -1.838612258434295654e-01 1.000000000000000000e+00
6.794221401214599609e-01 2.158595323562622070e-01 -5.822804570198059082e-02 1.000000000000000000e+00
7.364785075187683105e-01 1.985248923301696777e-02 2.202453836798667908e-02 1.000000000000000000e+00
7.543510198593139648e-01 -1.765305101871490479e-01 4.191543906927108765e-02 1.000000000000000000e+00
7.265512943267822266e-01 -3.937651216983795166e-01 -1.146675273776054382e-02 1.000000000000000000e+00
7.073708176612854004e-01 -5.881370902061462402e-01 -5.800712481141090393e-02 1.000000000000000000e+00
-7.226406931877136230e-01 -3.134438693523406982e-01 -7.649043202400207520e-02 1.000000000000000000e+00
-7.264252901077270508e-01 -4.597396254539489746e-01 -2.698566317558288574e-01 1.000000000000000000e+00
-6.329773068428039551e-01 -5.036048293113708496e-01 -4.438805282115936279e-01 1.000000000000000000e+00
-4.991931319236755371e-01 -5.046151280403137207e-01 -5.517850518226623535e-01 1.000000000000000000e+00
-3.695319294929504395e-01 -4.833966195583343506e-01 -6.058960556983947754e-01 1.000000000000000000e+00
-1.878355145454406738e-01 -5.310372114181518555e-01 -6.688844561576843262e-01 1.000000000000000000e+00
-7.298573851585388184e-02 -6.099056601524353027e-01 -6.983471512794494629e-01 1.000000000000000000e+00
8.541204035282135010e-02 -6.722176074981689453e-01 -6.904038190841674805e-01 1.000000000000000000e+00
2.692478895187377930e-01 -6.959066390991210938e-01 -6.062296032905578613e-01 1.000000000000000000e+00
4.359445571899414062e-01 -5.890526771545410156e-01 -4.676764011383056641e-01 1.000000000000000000e+00
-2.466281950473785400e-01 -3.549122810363769531e-01 -6.397400498390197754e-01 1.000000000000000000e+00
-2.324366122484207153e-01 -2.271137684583663940e-01 -6.933549642562866211e-01 1.000000000000000000e+00
-2.296649664640426636e-01 -1.268370896577835083e-01 -7.527464628219604492e-01 1.000000000000000000e+00
-2.197511047124862671e-01 -2.653690986335277557e-02 -7.936002016067504883e-01 1.000000000000000000e+00
-2.668418586254119873e-01 6.951332837343215942e-02 -5.569478869438171387e-01 1.000000000000000000e+00
-2.039840817451477051e-01 8.558450639247894287e-02 -6.012460589408874512e-01 1.000000000000000000e+00
-1.414939016103744507e-01 8.961099386215209961e-02 -6.355960369110107422e-01 1.000000000000000000e+00
-7.843225449323654175e-02 5.607657507061958313e-02 -6.448693275451660156e-01 1.000000000000000000e+00
-1.359647791832685471e-02 1.132791861891746521e-02 -6.453129649162292480e-01 1.000000000000000000e+00
-6.205034852027893066e-01 -2.259621024131774902e-01 -2.988012135028839111e-01 1.000000000000000000e+00
-5.619561672210693359e-01 -2.430661469697952271e-01 -4.193677604198455811e-01 1.000000000000000000e+00
-4.830508232116699219e-01 -2.635628581047058105e-01 -4.494577646255493164e-01 1.000000000000000000e+00
-3.871398270130157471e-01 -2.750840485095977783e-01 -4.518921673297882080e-01 1.000000000000000000e+00
-4.683600664138793945e-01 -2.357666939496994019e-01 -4.377530217170715332e-01 1.000000000000000000e+00
-5.510255694389343262e-01 -2.102298885583877563e-01 -3.993552625179290771e-01 1.000000000000000000e+00
-1.251814700663089752e-02 -3.594800233840942383e-01 -5.841458439826965332e-01 1.000000000000000000e+00
6.219656392931938171e-02 -3.900017440319061279e-01 -6.404100060462951660e-01 1.000000000000000000e+00
1.457068175077438354e-01 -4.090027213096618652e-01 -6.644514203071594238e-01 1.000000000000000000e+00
2.636960446834564209e-01 -4.319032430648803711e-01 -6.057075262069702148e-01 1.000000000000000000e+00
1.599286794662475586e-01 -3.732607662677764893e-01 -6.461629271507263184e-01 1.000000000000000000e+00
6.960700452327728271e-02 -3.577351570129394531e-01 -6.241362690925598145e-01 1.000000000000000000e+00
-2.489569038152694702e-01 3.258434534072875977e-01 -3.586008548736572266e-01 1.000000000000000000e+00
-2.422893792390823364e-01 2.621566355228424072e-01 -4.913289844989776611e-01 1.000000000000000000e+00
-1.649486571550369263e-01 2.282113730907440186e-01 -5.934475660324096680e-01 1.000000000000000000e+00
-1.023246273398399353e-01 2.205155789852142334e-01 -6.231046915054321289e-01 1.000000000000000000e+00
-3.654341399669647217e-02 1.979123204946517944e-01 -6.370615959167480469e-01 1.000000000000000000e+00
9.413155913352966309e-02 1.850124150514602661e-01 -6.020328402519226074e-01 1.000000000000000000e+00
2.276871204376220703e-01 2.200646549463272095e-01 -5.002313256263732910e-01 1.000000000000000000e+00
1.749377250671386719e-01 3.437997102737426758e-01 -5.416489839553833008e-01 1.000000000000000000e+00
7.123077660799026489e-02 4.114951789379119873e-01 -5.786644816398620605e-01 1.000000000000000000e+00
-2.872937475331127644e-04 4.364674985408782959e-01 -5.649077892303466797e-01 1.000000000000000000e+00
-7.396438717842102051e-02 4.410315454006195068e-01 -5.370215773582458496e-01 1.000000000000000000e+00
-1.734689176082611084e-01 4.171887040138244629e-01 -4.496304094791412354e-01 1.000000000000000000e+00
-2.411723881959915161e-01 3.269456923007965088e-01 -3.559618294239044189e-01 1.000000000000000000e+00
-1.296651214361190796e-01 2.656220197677612305e-01 -5.207118988037109375e-01 0.000000000000000000e+00
-6.960061192512512207e-02 2.494755238294601440e-01 -5.464199781417846680e-01 1.000000000000000000e+00
-5.055015441030263901e-03 2.364309877157211304e-01 -5.629964470863342285e-01 0.000000000000000000e+00
2.253272533416748047e-01 2.198483943939208984e-01 -5.001180768013000488e-01 1.000000000000000000e+00
6.258106976747512817e-02 3.361793458461761475e-01 -5.416969656944274902e-01 1.000000000000000000e+00
-6.381071638315916061e-03 3.539054095745086670e-01 -5.324999690055847168e-01 1.000000000000000000e+00
-7.586377114057540894e-02 3.649421036243438721e-01 -5.037483572959899902e-01 1.000000000000000000e+00
