-7.159196138381958008e-01 -1.805065423250198364e-01
-6.902143955230712891e-01 -1.786099933087825775e-02
-6.217630505561828613e-01 1.479530483484268188e-01
-5.451870560646057129e-01 2.953725159168243408e-01
-4.577319324016571045e-01 4.312307834625244141e-01
-3.424048721790313721e-01 5.633510947227478027e-01
-2.003558129072189331e-01 6.779974699020385742e-01
-1.190791279077529907e-02 7.645071148872375488e-01
1.503511071205139160e-01 7.682963013648986816e-01
3.192995488643646240e-01 6.860850453376770020e-01
4.850392341613769531e-01 5.525013804435729980e-01
5.990777611732482910e-01 3.841666281223297119e-01
6.854000091552734375e-01 1.999561637639999390e-01
7.326474189758300781e-01 2.503401134163141251e-03
7.363030314445495605e-01 -1.930507570505142212e-01
7.023850679397583008e-01 -4.034701287746429443e-01
6.755635142326354980e-01 -6.000667810440063477e-01
-7.310420274734497070e-01 -2.807919383049011230e-01
-7.339401841163635254e-01 -4.284372329711914062e-01
-6.376071572303771973e-01 -4.771909713745117188e-01
-5.030133128166198730e-01 -4.847472310066223145e-01
-3.722816705703735352e-01 -4.691519439220428467e-01
-1.927782744169235229e-01 -5.228493213653564453e-01
-8.095491677522659302e-02 -6.043052673339843750e-01
7.324434816837310791e-02 -6.707003116607666016e-01
2.533932030200958252e-01 -7.003645300865173340e-01
4.190456867218017578e-01 -5.993004441261291504e-01
-2.449183166027069092e-01 -3.464128673076629639e-01
-2.253493517637252808e-01 -2.213840186595916748e-01
-2.175399363040924072e-01 -1.229043304920196533e-01
-2.030559182167053223e-01 -2.495071664452552795e-02
-2.551246285438537598e-01 7.731968909502029419e-02
-1.899090856313705444e-01 8.959112316370010376e-02
-1.263034045696258545e-01 8.962898701429367065e-02
-6.384614855051040649e-02 5.491538718342781067e-02
4.280520952306687832e-04 8.565203286707401276e-03
-6.195625066757202148e-01 -2.007533758878707886e-01
-5.585079193115234375e-01 -2.211645841598510742e-01
-4.801352322101593018e-01 -2.446731179952621460e-01
-3.851158320903778076e-01 -2.601027488708496094e-01
-4.655750989913940430e-01 -2.183123230934143066e-01
-5.471683144569396973e-01 -1.896486878395080566e-01
-1.599358581006526947e-02 -3.582753837108612061e-01
6.058923155069351196e-02 -3.878542184829711914e-01
1.425970643758773804e-01 -4.088827669620513916e-01
2.564421594142913818e-01 -4.387831091880798340e-01
1.560556739568710327e-01 -3.793530464172363281e-01
6.716340035200119019e-02 -3.609552383422851562e-01
-2.327677756547927856e-01 3.474943935871124268e-01
-2.261585444211959839e-01 2.721033692359924316e-01
-1.466874778270721436e-01 2.309065759181976318e-01
-8.358572423458099365e-02 2.198906242847442627e-01
-1.810449361801147461e-02 1.954531818628311157e-01
1.130576506257057190e-01 1.809258460998535156e-01
2.475824803113937378e-01 2.221685051918029785e-01
1.996681839227676392e-01 3.531535863876342773e-01
9.875233471393585205e-02 4.243377745151519775e-01
2.707993239164352417e-02 4.527866840362548828e-01
-4.803368076682090759e-02 4.598709344863891602e-01
-1.508035957813262939e-01 4.409808814525604248e-01
-2.247056812047958374e-01 3.484629988670349121e-01
-1.116038411855697632e-01 2.678142189979553223e-01
-5.170299112796783447e-02 2.486699074506759644e-01
1.308914180845022202e-02 2.338209301233291626e-01
2.451411187648773193e-01 2.219108939170837402e-01
8.652209490537643433e-02 3.512021601200103760e-01
1.822349801659584045e-02 3.711989521980285645e-01
-5.187204107642173767e-02 3.851854503154754639e-01
