-7.000526785850524902e-01 -2.285363525152206421e-01 4.078904092311859131e-01 0.000000000000000000e+00
-6.151698231697082520e-01 -5.266818776726722717e-02 4.356871843338012695e-01 0.000000000000000000e+00
-5.197293758392333984e-01 1.458645462989807129e-01 4.537004232406616211e-01 0.000000000000000000e+00
-4.386142492294311523e-01 3.205279707908630371e-01 3.932957947254180908e-01 0.000000000000000000e+00
-3.604807257652282715e-01 4.830894172191619873e-01 2.649113535881042480e-01 0.000000000000000000e+00
-2.783097028732299805e-01 6.173217892646789551e-01 7.786238193511962891e-02 0.000000000000000000e+00
-1.473775207996368408e-01 7.131404876708984375e-01 -6.505084782838821411e-02 1.000000000000000000e+00
1.041759896907024086e-04 7.655380964279174805e-01 -2.323774397373199463e-01 1.000000000000000000e+00
1.771593689918518066e-01 7.651336789131164551e-01 -2.855125665664672852e-01 1.000000000000000000e+00
3.189637362957000732e-01 6.867713332176208496e-01 -3.081102371215820312e-01 1.000000000000000000e+00
4.838790893554687500e-01 5.535265803337097168e-01 -2.292626649141311646e-01 1.000000000000000000e+00
5.986034870147705078e-01 3.874694705009460449e-01 -1.634421795606613159e-01 1.000000000000000000e+00
6.858606934547424316e-01 2.041211575269699097e-01 -3.709556162357330322e-02 1.000000000000000000e+00
7.331514358520507812e-01 7.677021436393260956e-03 4.557842388749122620e-02 1.000000000000000000e+00
7.401559352874755859e-01 -1.879631280899047852e-01 6.914416700601577759e-02 1.000000000000000000e+00
7.048554420471191406e-01 -4.047949016094207764e-01 1.994600892066955566e-02 1.000000000000000000e+00
6.783585548400878906e-01 -5.985214114189147949e-01 -2.291344478726387024e-02 1.000000000000000000e+00
-7.310420274734497070e-01 -2.807919383049011230e-01 -8.239633589982986450e-02 1.000000000000000000e+00
-7.339401841163635254e-01 -4.284372329711914062e-01 -2.715570032596588135e-01 1.000000000000000000e+00
-6.376071572303771973e-01 -4.771909713745117188e-01 -4.416477084159851074e-01 1.000000000000000000e+00
-5.030133128166198730e-01 -4.847472310066223145e-01 -5.454751849174499512e-01 1.000000000000000000e+00
-3.722816705703735352e-01 -4.691519439220428467e-01 -5.958640575408935547e-01 1.000000000000000000e+00
-1.927782744169235229e-01 -5.228493213653564453e-01 -6.526345014572143555e-01 1.000000000000000000e+00
-8.095491677522659302e-02 -6.043052673339843750e-01 -6.783261299133300781e-01 1.000000000000000000e+00
7.324434816837310791e-02 -6.707003116607666016e-01 -6.652825474739074707e-01 1.000000000000000000e+00
2.533932030200958252e-01 -7.003645300865173340e-01 -5.761958956718444824e-01 1.000000000000000000e+00
4.190456867218017578e-01 -5.993004441261291504e-01 -4.366805553436279297e-01 1.000000000000000000e+00
-2.449183166027069092e-01 -3.464128673076629639e-01 -6.271091699600219727e-01 1.000000000000000000e+00
-2.253493517637252808e-01 -2.213840186595916748e-01 -6.827420592308044434e-01 1.000000000000000000e+00
-2.175399363040924072e-01 -1.229043304920196533e-01 -7.442995309829711914e-01 1.000000000000000000e+00
-2.030559182167053223e-01 -2.495071664452552795e-02 -7.867043614387512207e-01 1.000000000000000000e+00
-2.551246285438537598e-01 7.731968909502029419e-02 -5.557792782783508301e-01 1.000000000000000000e+00
-1.899090856313705444e-01 8.959112316370010376e-02 -5.985991954803466797e-01 1.000000000000000000e+00
-1.263034045696258545e-01 8.962898701429367065e-02 -6.309549808502197266e-01 1.000000000000000000e+00
-6.384614855051040649e-02 5.491538718342781067e-02 -6.383678317070007324e-01 1.000000000000000000e+00
4.280520952306687832e-04 8.565203286707401276e-03 -6.368789672851562500e-01 1.000000000000000000e+00
-6.195625066757202148e-01 -2.007533758878707886e-01 -3.020603656768798828e-01 1.000000000000000000e+00
-5.585079193115234375e-01 -2.211645841598510742e-01 -4.200026392936706543e-01 1.000000000000000000e+00
-4.801352322101593018e-01 -2.446731179952621460e-01 -4.474681913852691650e-01 1.000000000000000000e+00
-3.851158320903778076e-01 -2.601027488708496094e-01 -4.474382996559143066e-01 1.000000000000000000e+00
-4.655750989913940430e-01 -2.183123230934143066e-01 -4.362252652645111084e-01 1.000000000000000000e+00
-5.471683144569396973e-01 -1.896486878395080566e-01 -4.008437097072601318e-01 1.000000000000000000e+00
-1.599358581006526947e-02 -3.582753837108612061e-01 -5.669190883636474609e-01 1.000000000000000000e+00
6.058923155069351196e-02 -3.878542184829711914e-01 -6.195284128189086914e-01 1.000000000000000000e+00
1.425970643758773804e-01 -4.088827669620513916e-01 -6.410666704177856445e-01 1.000000000000000000e+00
2.564421594142913818e-01 -4.387831091880798340e-01 -5.802701115608215332e-01 1.000000000000000000e+00
1.560556739568710327e-01 -3.793530464172363281e-01 -6.248425245285034180e-01 1.000000000000000000e+00
6.716340035200119019e-02 -3.609552383422851562e-01 -6.054326891899108887e-01 1.000000000000000000e+00
-2.327677756547927856e-01 3.474943935871124268e-01 -3.542894124984741211e-01 1.000000000000000000e+00
-2.261585444211959839e-01 2.721033692359924316e-01 -4.916498363018035889e-01 1.000000000000000000e+00
-1.466874778270721436e-01 2.309065759181976318e-01 -5.932680964469909668e-01 1.000000000000000000e+00
-8.358572423458099365e-02 2.198906242847442627e-01 -6.210636496543884277e-01 1.000000000000000000e+00
-1.810449361801147461e-02 1.954531818628311157e-01 -6.326301097869873047e-01 1.000000000000000000e+00
1.130576506257057190e-01 1.809258460998535156e-01 -5.924240350723266602e-01 1.000000000000000000e+00
2.475824803113937378e-01 2.221685051918029785e-01 -4.834013283252716064e-01 1.000000000000000000e+00
1.996681839227676392e-01 3.531535863876342773e-01 -5.255315899848937988e-01 1.000000000000000000e+00
9.875233471393585205e-02 4.243377745151519775e-01 -5.652682781219482422e-01 1.000000000000000000e+00
2.707993239164352417e-02 4.527866840362548828e-01 -5.533211231231689453e-01 1.000000000000000000e+00
-4.803368076682090759e-02 4.598709344863891602e-01 -5.270749926567077637e-01 1.000000000000000000e+00
-1.508035957813262939e-01 4.409808814525604248e-01 -4.420785009860992432e-01 1.000000000000000000e+00
-2.247056812047958374e-01 3.484629988670349121e-01 -3.510110974311828613e-01 1.000000000000000000e+00
-1.116038411855697632e-01 2.678142189979553223e-01 -5.186470746994018555e-01 0.000000000000000000e+00
-5.170299112796783447e-02 2.486699074506759644e-01 -5.429420471191406250e-01 1.000000000000000000e+00
1.308914180845022202e-02 2.338209301233291626e-01 -5.570965409278869629e-01 0.000000000000000000e+00
2.451411187648773193e-01 2.219108939170837402e-01 -4.833185374736785889e-01 1.000000000000000000e+00
8.652209490537643433e-02 3.512021601200103760e-01 -5.252283215522766113e-01 1.000000000000000000e+00
1.822349801659584045e-02 3.711989521980285645e-01 -5.172127485275268555e-01 1.000000000000000000e+00
-5.187204107642173767e-02 3.851854503154754639e-01 -4.910247027873992920e-01 1.000000000000000000e+00
