-5.755065679550170898e-01 -5.308033227920532227e-01
-6.501752138137817383e-01 -3.687127828598022461e-01
-6.955802440643310547e-01 -1.967674642801284790e-01
-7.183371186256408691e-01 -5.553950741887092590e-02
-7.363154888153076172e-01 1.004726216197013855e-01
-7.276637554168701172e-01 2.676549851894378662e-01
-6.746423244476318359e-01 4.408625960350036621e-01
-5.774032473564147949e-01 6.196782588958740234e-01
-4.491629004478454590e-01 7.163370847702026367e-01
-2.696631848812103271e-01 7.486087679862976074e-01
-5.214705690741539001e-02 7.337282299995422363e-01
1.390888094902038574e-01 6.739484071731567383e-01
3.125804364681243896e-01 5.686336159706115723e-01
4.653547406196594238e-01 4.259864687919616699e-01
5.781653523445129395e-01 2.737779915332794189e-01
6.733908057212829590e-01 1.041910722851753235e-01
7.652040719985961914e-01 -6.231803819537162781e-02
-5.236933231353759766e-01 -6.048698425292968750e-01
-4.332689344882965088e-01 -6.998290419578552246e-01
-3.239902555942535400e-01 -6.585786342620849609e-01
-2.097302377223968506e-01 -5.723385214805603027e-01
-1.142321303486824036e-01 -4.791685640811920166e-01
6.027077510952949524e-02 -4.082356393337249756e-01
1.962172687053680420e-01 -4.016469419002532959e-01
3.576209545135498047e-01 -3.659730553627014160e-01
5.125452876091003418e-01 -2.976045906543731689e-01
5.775046944618225098e-01 -1.406832337379455566e-01
-8.515236526727676392e-02 -3.036502599716186523e-01
-1.457790285348892212e-01 -1.815355718135833740e-01
-1.990483254194259644e-01 -8.564080297946929932e-02
-2.485739588737487793e-01 1.267521176487207413e-02
-3.512327671051025391e-01 3.055121563374996185e-02
-3.087759315967559814e-01 8.281345665454864502e-02
-2.596559524536132812e-01 1.254649907350540161e-01
-1.896121650934219360e-01 1.339246034622192383e-01
-1.131601259112358093e-01 1.344842463731765747e-01
-4.692238867282867432e-01 -4.397364556789398193e-01
-4.069926738739013672e-01 -4.024233520030975342e-01
-3.294670283794403076e-01 -3.721107244491577148e-01
-2.431663423776626587e-01 -3.304485380649566650e-01
-3.328128457069396973e-01 -3.434907793998718262e-01
-4.174030721187591553e-01 -3.737584352493286133e-01
9.236250817775726318e-02 -1.848887801170349121e-01
1.707696169614791870e-01 -1.497707068920135498e-01
2.477238029241561890e-01 -1.142593100666999817e-01
3.547775447368621826e-01 -8.580097556114196777e-02
2.430034428834915161e-01 -9.061676263809204102e-02
1.595989763736724854e-01 -1.322384476661682129e-01
-5.120596885681152344e-01 1.948429197072982788e-01
-4.509029984474182129e-01 1.806834191083908081e-01
-3.598320186138153076e-01 2.145861834287643433e-01
-3.024073541164398193e-01 2.485342472791671753e-01
-2.353705018758773804e-01 2.677000164985656738e-01
-1.276744306087493896e-01 3.188309669494628906e-01
-5.404906719923019409e-02 3.855455815792083740e-01
-1.748560070991516113e-01 4.430860579013824463e-01
-3.002327382564544678e-01 4.419895708560943604e-01
-3.735668957233428955e-01 4.214367270469665527e-01
-4.369665682315826416e-01 3.840026557445526123e-01
-5.057272911071777344e-01 3.055539131164550781e-01
-5.076419115066528320e-01 1.985643357038497925e-01
-3.579341471195220947e-01 2.523884177207946777e-01
-2.969515025615692139e-01 2.779368460178375244e-01
-2.355726361274719238e-01 3.052023053169250488e-01
-5.559040978550910950e-02 3.844880759716033936e-01
-2.676944732666015625e-01 3.715653121471405029e-01
-3.363321721553802490e-01 3.476236164569854736e-01
-4.006861150264739990e-01 3.166638016700744629e-01
