-5.388369560241699219e-01 -6.203779578208923340e-01 1.354474872350692749e-01 1.000000000000000000e+00
-5.812694430351257324e-01 -4.368560612201690674e-01 1.930677741765975952e-01 1.000000000000000000e+00
-6.213535666465759277e-01 -2.266348600387573242e-01 2.455981969833374023e-01 0.000000000000000000e+00
-6.575926542282104492e-01 -3.242852538824081421e-02 2.119842320680618286e-01 0.000000000000000000e+00
-6.883716583251953125e-01 1.584779769182205200e-01 1.057357639074325562e-01 0.000000000000000000e+00
-6.995304822921752930e-01 3.329569697380065918e-01 -6.445661932229995728e-02 0.000000000000000000e+00
-6.487255096435546875e-01 4.879101812839508057e-01 -2.012481242418289185e-01 1.000000000000000000e+00
-5.668464899063110352e-01 6.248571872711181641e-01 -3.676196932792663574e-01 1.000000000000000000e+00
-4.257122576236724854e-01 7.253499627113342285e-01 -4.172923564910888672e-01 1.000000000000000000e+00
-2.692078351974487305e-01 7.488956451416015625e-01 -4.378067851066589355e-01 1.000000000000000000e+00
-5.754223838448524475e-02 7.353284955024719238e-01 -3.425177931785583496e-01 1.000000000000000000e+00
1.305435895919799805e-01 6.786983013153076172e-01 -2.640866041183471680e-01 1.000000000000000000e+00
3.068388998508453369e-01 5.749589204788208008e-01 -1.343115568161010742e-01 1.000000000000000000e+00
4.588085412979125977e-01 4.381393790245056152e-01 -5.756064504384994507e-02 1.000000000000000000e+00
5.827556252479553223e-01 2.893986105918884277e-01 -4.900409653782844543e-02 1.000000000000000000e+00
6.827376484870910645e-01 1.059614717960357666e-01 -1.201091781258583069e-01 1.000000000000000000e+00
7.743021845817565918e-01 -5.811360850930213928e-02 -1.823280006647109985e-01 1.000000000000000000e+00
-5.236933231353759766e-01 -6.048698425292968750e-01 -3.554141819477081299e-01 1.000000000000000000e+00
-4.332689344882965088e-01 -6.998290419578552246e-01 -5.608241558074951172e-01 1.000000000000000000e+00
-3.239902555942535400e-01 -6.585786342620849609e-01 -7.234074473381042480e-01 1.000000000000000000e+00
-2.097302377223968506e-01 -5.723385214805603027e-01 -8.130495548248291016e-01 1.000000000000000000e+00
-1.142321303486824036e-01 -4.791685640811920166e-01 -8.474156856536865234e-01 1.000000000000000000e+00
6.027077510952949524e-02 -4.082356393337249756e-01 -8.903827667236328125e-01 1.000000000000000000e+00
1.962172687053680420e-01 -4.016469419002532959e-01 -9.118224382400512695e-01 1.000000000000000000e+00
3.576209545135498047e-01 -3.659730553627014160e-01 -8.879675865173339844e-01 1.000000000000000000e+00
5.125452876091003418e-01 -2.976045906543731689e-01 -7.817453145980834961e-01 1.000000000000000000e+00
5.775046944618225098e-01 -1.406832337379455566e-01 -6.139221787452697754e-01 1.000000000000000000e+00
-8.515236526727676392e-02 -3.036502599716186523e-01 -8.562147021293640137e-01 1.000000000000000000e+00
-1.457790285348892212e-01 -1.815355718135833740e-01 -9.056155085563659668e-01 1.000000000000000000e+00
-1.990483254194259644e-01 -8.564080297946929932e-02 -9.577065706253051758e-01 1.000000000000000000e+00
-2.485739588737487793e-01 1.267521176487207413e-02 -9.934718608856201172e-01 1.000000000000000000e+00
-3.512327671051025391e-01 3.055121563374996185e-02 -7.430405616760253906e-01 1.000000000000000000e+00
-3.087759315967559814e-01 8.281345665454864502e-02 -7.804867625236511230e-01 1.000000000000000000e+00
-2.596559524536132812e-01 1.254649907350540161e-01 -8.067511916160583496e-01 1.000000000000000000e+00
-1.896121650934219360e-01 1.339246034622192383e-01 -8.098785281181335449e-01 1.000000000000000000e+00
-1.131601259112358093e-01 1.344842463731765747e-01 -8.012642264366149902e-01 1.000000000000000000e+00
-4.692238867282867432e-01 -4.397364556789398193e-01 -5.488075613975524902e-01 1.000000000000000000e+00
-4.069926738739013672e-01 -4.024233520030975342e-01 -6.597442626953125000e-01 1.000000000000000000e+00
-3.294670283794403076e-01 -3.721107244491577148e-01 -6.802707314491271973e-01 1.000000000000000000e+00
-2.431663423776626587e-01 -3.304485380649566650e-01 -6.700677275657653809e-01 1.000000000000000000e+00
-3.328128457069396973e-01 -3.434907793998718262e-01 -6.648274660110473633e-01 1.000000000000000000e+00
-4.174030721187591553e-01 -3.737584352493286133e-01 -6.356856226921081543e-01 1.000000000000000000e+00
9.236250817775726318e-02 -1.848887801170349121e-01 -7.556177973747253418e-01 1.000000000000000000e+00
1.707696169614791870e-01 -1.497707068920135498e-01 -8.030576705932617188e-01 1.000000000000000000e+00
2.477238029241561890e-01 -1.142593100666999817e-01 -8.171395659446716309e-01 1.000000000000000000e+00
3.547775447368621826e-01 -8.580097556114196777e-02 -7.475273609161376953e-01 1.000000000000000000e+00
2.430034428834915161e-01 -9.061676263809204102e-02 -7.966495752334594727e-01 1.000000000000000000e+00
1.595989763736724854e-01 -1.322384476661682129e-01 -7.857535481452941895e-01 1.000000000000000000e+00
-5.120596885681152344e-01 1.948429197072982788e-01 -5.131450891494750977e-01 1.000000000000000000e+00
-4.509029984474182129e-01 1.806834191083908081e-01 -6.555413603782653809e-01 1.000000000000000000e+00
-3.598320186138153076e-01 2.145861834287643433e-01 -7.495735287666320801e-01 1.000000000000000000e+00
-3.024073541164398193e-01 2.485342472791671753e-01 -7.714198231697082520e-01 1.000000000000000000e+00
-2.353705018758773804e-01 2.677000164985656738e-01 -7.796032428741455078e-01 1.000000000000000000e+00
-1.276744306087493896e-01 3.188309669494628906e-01 -7.323817610740661621e-01 1.000000000000000000e+00
-5.404906719923019409e-02 3.855455815792083740e-01 -6.229557991027832031e-01 1.000000000000000000e+00
-1.748560070991516113e-01 4.430860579013824463e-01 -6.656683087348937988e-01 1.000000000000000000e+00
-3.002327382564544678e-01 4.419895708560943604e-01 -7.030817270278930664e-01 1.000000000000000000e+00
-3.735668957233428955e-01 4.214367270469665527e-01 -6.895263195037841797e-01 1.000000000000000000e+00
-4.369665682315826416e-01 3.840026557445526123e-01 -6.659352183341979980e-01 1.000000000000000000e+00
-5.057272911071777344e-01 3.055539131164550781e-01 -5.862330198287963867e-01 1.000000000000000000e+00
-5.076419115066528320e-01 1.985643357038497925e-01 -5.104350447654724121e-01 1.000000000000000000e+00
-3.579341471195220947e-01 2.523884177207946777e-01 -6.698496937751770020e-01 0.000000000000000000e+00
-2.969515025615692139e-01 2.779368460178375244e-01 -6.892294883728027344e-01 0.000000000000000000e+00
-2.355726361274719238e-01 3.052023053169250488e-01 -7.003106474876403809e-01 0.000000000000000000e+00
-5.559040978550910950e-02 3.844880759716033936e-01 -6.230927109718322754e-01 1.000000000000000000e+00
-2.676944732666015625e-01 3.715653121471405029e-01 -6.733054518699645996e-01 1.000000000000000000e+00
-3.363321721553802490e-01 3.476236164569854736e-01 -6.672309041023254395e-01 1.000000000000000000e+00
-4.006861150264739990e-01 3.166638016700744629e-01 -6.400492191314697266e-01 1.000000000000000000e+00
