-5.633946061134338379e-01 -5.777853131294250488e-01
-6.401358842849731445e-01 -3.971917927265167236e-01
-6.882602572441101074e-01 -2.215780615806579590e-01
-7.208216190338134766e-01 -8.015055954456329346e-02
-7.442073225975036621e-01 8.356722444295883179e-02
-7.356377840042114258e-01 2.565763294696807861e-01
-6.781319975852966309e-01 4.422435164451599121e-01
-5.722178816795349121e-01 6.270287036895751953e-01
-4.368765354156494141e-01 7.293599247932434082e-01
-2.559691667556762695e-01 7.652283310890197754e-01
-3.206526115536689758e-02 7.496399879455566406e-01
1.672243326902389526e-01 6.886956095695495605e-01
3.371233344078063965e-01 5.799343585968017578e-01
4.929782152175903320e-01 4.316248297691345215e-01
6.054044365882873535e-01 2.781743109226226807e-01
7.091458439826965332e-01 1.082977429032325745e-01
8.026185035705566406e-01 -5.591998249292373657e-02
-4.991661012172698975e-01 -6.277970671653747559e-01
-3.943290412425994873e-01 -7.143523097038269043e-01
-2.768658995628356934e-01 -6.628983616828918457e-01
-1.577500402927398682e-01 -5.686427354812622070e-01
-6.008546799421310425e-02 -4.708851575851440430e-01
1.185415461659431458e-01 -3.929867446422576904e-01
2.580214738845825195e-01 -3.822568058967590332e-01
4.216407537460327148e-01 -3.438676893711090088e-01
5.744152069091796875e-01 -2.758461236953735352e-01
6.318659186363220215e-01 -1.202885955572128296e-01
-3.449615836143493652e-02 -2.898669540882110596e-01
-9.882479906082153320e-02 -1.611567586660385132e-01
-1.551493704319000244e-01 -5.797743424773216248e-02
-2.085631638765335083e-01 4.740778729319572449e-02
-3.232221007347106934e-01 5.088917538523674011e-02
-2.792155146598815918e-01 1.073902398347854614e-01
-2.282820045948028564e-01 1.541632860898971558e-01
-1.553692370653152466e-01 1.638395190238952637e-01
-7.680830359458923340e-02 1.652627289295196533e-01
-4.353843033313751221e-01 -4.503821432590484619e-01
-3.675571978092193604e-01 -4.084471166133880615e-01
-2.868787944316864014e-01 -3.743312060832977295e-01
-2.002424597740173340e-01 -3.283284306526184082e-01
-2.922889292240142822e-01 -3.426742553710937500e-01
-3.801641762256622314e-01 -3.770983219146728516e-01
1.410856992006301880e-01 -1.711573302745819092e-01
2.232578396797180176e-01 -1.340869814157485962e-01
3.031762838363647461e-01 -9.544261544942855835e-02
4.084332883358001709e-01 -6.509438902139663696e-02
2.954898774623870850e-01 -6.921896338462829590e-02
2.095385491847991943e-01 -1.139659136533737183e-01
-4.971012175083160400e-01 1.887987703084945679e-01
-4.297730028629302979e-01 1.924896538257598877e-01
-3.334039151668548584e-01 2.379361987113952637e-01
-2.734944820404052734e-01 2.758719623088836670e-01
-2.035089731216430664e-01 2.970332801342010498e-01
-9.234119951725006104e-02 3.457964658737182617e-01
-1.406521350145339966e-02 4.002979695796966553e-01
-1.386758685111999512e-01 4.535151422023773193e-01
-2.684100866317749023e-01 4.501409232616424561e-01
-3.443721234798431396e-01 4.269044697284698486e-01
-4.104949831962585449e-01 3.876381814479827881e-01
-4.851670265197753906e-01 3.032628595829010010e-01
-4.928110539913177490e-01 1.923327893018722534e-01
-3.359705805778503418e-01 2.714793682098388672e-01
-2.712558805942535400e-01 3.010430037975311279e-01
-2.061997503042221069e-01 3.311137557029724121e-01
-1.563499122858047485e-02 3.993341326713562012e-01
-2.344273775815963745e-01 3.777470886707305908e-01
-3.069676458835601807e-01 3.518308699131011963e-01
-3.751888573169708252e-01 3.173039853572845459e-01
