-5.358605980873107910e-01 -6.694460511207580566e-01 4.797504469752311707e-02 1.000000000000000000e+00
-5.859695672988891602e-01 -4.839490056037902832e-01 1.146802902221679688e-01 1.000000000000000000e+00
-6.348285079002380371e-01 -2.700032889842987061e-01 1.770191192626953125e-01 0.000000000000000000e+00
-6.754822134971618652e-01 -6.861053407192230225e-02 1.498654484748840332e-01 0.000000000000000000e+00
-7.053411602973937988e-01 1.331726610660552979e-01 4.592351615428924561e-02 0.000000000000000000e+00
-7.129073739051818848e-01 3.207281231880187988e-01 -1.252695024013519287e-01 0.000000000000000000e+00
-6.543440222740173340e-01 4.857604801654815674e-01 -2.623945772647857666e-01 1.000000000000000000e+00
-5.632866621017456055e-01 6.331092119216918945e-01 -4.300059676170349121e-01 1.000000000000000000e+00
-4.165627658367156982e-01 7.383760809898376465e-01 -4.736342132091522217e-01 1.000000000000000000e+00
-2.556560635566711426e-01 7.654597759246826172e-01 -4.866474866867065430e-01 1.000000000000000000e+00
-4.148960486054420471e-02 7.529404759407043457e-01 -3.761917352676391602e-01 1.000000000000000000e+00
1.503573954105377197e-01 6.972405314445495605e-01 -2.858363389968872070e-01 1.000000000000000000e+00
3.280646204948425293e-01 5.884572863578796387e-01 -1.456007063388824463e-01 1.000000000000000000e+00
4.842216968536376953e-01 4.472567737102508545e-01 -6.410212814807891846e-02 1.000000000000000000e+00
6.124235391616821289e-01 2.949815690517425537e-01 -5.583722516894340515e-02 1.000000000000000000e+00
7.202864885330200195e-01 1.105475127696990967e-01 -1.332318931818008423e-01 1.000000000000000000e+00
8.185965418815612793e-01 -5.415039509534835815e-02 -2.018296122550964355e-01 1.000000000000000000e+00
-4.991661012172698975e-01 -6.277970671653747559e-01 -4.541908502578735352e-01 1.000000000000000000e+00
-3.943290412425994873e-01 -7.143523097038269043e-01 -6.649400591850280762e-01 1.000000000000000000e+00
-2.768658995628356934e-01 -6.628983616828918457e-01 -8.247448801994323730e-01 1.000000000000000000e+00
-1.577500402927398682e-01 -5.686427354812622070e-01 -9.079601168632507324e-01 1.000000000000000000e+00
-6.008546799421310425e-02 -4.708851575851440430e-01 -9.350647330284118652e-01 1.000000000000000000e+00
1.185415461659431458e-01 -3.929867446422576904e-01 -9.687984585762023926e-01 1.000000000000000000e+00
2.580214738845825195e-01 -3.822568058967590332e-01 -9.849197864532470703e-01 1.000000000000000000e+00
4.216407537460327148e-01 -3.438676893711090088e-01 -9.526245594024658203e-01 1.000000000000000000e+00
5.744152069091796875e-01 -2.758461236953735352e-01 -8.355835676193237305e-01 1.000000000000000000e+00
6.318659186363220215e-01 -1.202885955572128296e-01 -6.549663543701171875e-01 1.000000000000000000e+00
-3.449615836143493652e-02 -2.898669540882110596e-01 -9.391942620277404785e-01 1.000000000000000000e+00
-9.882479906082153320e-02 -1.611567586660385132e-01 -9.901558160781860352e-01 1.000000000000000000e+00
-1.551493704319000244e-01 -5.797743424773216248e-02 -1.041410684585571289e+00 1.000000000000000000e+00
-2.085631638765335083e-01 4.740778729319572449e-02 -1.076446533203125000e+00 1.000000000000000000e+00
-3.232221007347106934e-01 5.088917538523674011e-02 -8.153656125068664551e-01 1.000000000000000000e+00
-2.792155146598815918e-01 1.073902398347854614e-01 -8.502641320228576660e-01 1.000000000000000000e+00
-2.282820045948028564e-01 1.541632860898971558e-01 -8.730685710906982422e-01 1.000000000000000000e+00
-1.553692370653152466e-01 1.638395190238952637e-01 -8.735429048538208008e-01 1.000000000000000000e+00
-7.680830359458923340e-02 1.652627289295196533e-01 -8.609894514083862305e-01 1.000000000000000000e+00
-4.353843033313751221e-01 -4.503821432590484619e-01 -6.414535641670227051e-01 1.000000000000000000e+00
-3.675571978092193604e-01 -4.084471166133880615e-01 -7.522999644279479980e-01 1.000000000000000000e+00
-2.868787944316864014e-01 -3.743312060832977295e-01 -7.690482735633850098e-01 1.000000000000000000e+00
-2.002424597740173340e-01 -3.283284306526184082e-01 -7.519430518150329590e-01 1.000000000000000000e+00
-2.922889292240142822e-01 -3.426742553710937500e-01 -7.504358887672424316e-01 1.000000000000000000e+00
-3.801641762256622314e-01 -3.770983219146728516e-01 -7.251579165458679199e-01 1.000000000000000000e+00
1.410856992006301880e-01 -1.711573302745819092e-01 -8.182067275047302246e-01 1.000000000000000000e+00
2.232578396797180176e-01 -1.340869814157485962e-01 -8.637015819549560547e-01 1.000000000000000000e+00
3.031762838363647461e-01 -9.544261544942855835e-02 -8.737860918045043945e-01 1.000000000000000000e+00
4.084332883358001709e-01 -6.509438902139663696e-02 -7.951114177703857422e-01 1.000000000000000000e+00
2.954898774623870850e-01 -6.921896338462829590e-02 -8.495472669601440430e-01 1.000000000000000000e+00
2.095385491847991943e-01 -1.139659136533737183e-01 -8.436362743377685547e-01 1.000000000000000000e+00
-4.971012175083160400e-01 1.887987703084945679e-01 -5.708076953887939453e-01 1.000000000000000000e+00
-4.297730028629302979e-01 1.924896538257598877e-01 -7.139632105827331543e-01 1.000000000000000000e+00
-3.334039151668548584e-01 2.379361987113952637e-01 -8.054812550544738770e-01 1.000000000000000000e+00
-2.734944820404052734e-01 2.758719623088836670e-01 -8.240383863449096680e-01 1.000000000000000000e+00
-2.035089731216430664e-01 2.970332801342010498e-01 -8.294878602027893066e-01 1.000000000000000000e+00
-9.234119951725006104e-02 3.457964658737182617e-01 -7.751545310020446777e-01 1.000000000000000000e+00
-1.406521350145339966e-02 4.002979695796966553e-01 -6.607527136802673340e-01 1.000000000000000000e+00
-1.386758685111999512e-01 4.535151422023773193e-01 -7.127343416213989258e-01 1.000000000000000000e+00
-2.684100866317749023e-01 4.501409232616424561e-01 -7.576603293418884277e-01 1.000000000000000000e+00
-3.443721234798431396e-01 4.269044697284698486e-01 -7.475976347923278809e-01 1.000000000000000000e+00
-4.104949831962585449e-01 3.876381814479827881e-01 -7.265903353691101074e-01 1.000000000000000000e+00
-4.851670265197753906e-01 3.032628595829010010e-01 -6.464225053787231445e-01 1.000000000000000000e+00
-4.928110539913177490e-01 1.923327893018722534e-01 -5.683498382568359375e-01 1.000000000000000000e+00
-3.359705805778503418e-01 2.714793682098388672e-01 -7.228299975395202637e-01 0.000000000000000000e+00
-2.712558805942535400e-01 3.010430037975311279e-01 -7.390991449356079102e-01 0.000000000000000000e+00
-2.061997503042221069e-01 3.311137557029724121e-01 -7.476603388786315918e-01 0.000000000000000000e+00
-1.563499122858047485e-02 3.993341326713562012e-01 -6.610572934150695801e-01 1.000000000000000000e+00
-2.344273775815963745e-01 3.777470886707305908e-01 -7.297696471214294434e-01 1.000000000000000000e+00
-3.069676458835601807e-01 3.518308699131011963e-01 -7.283473610877990723e-01 1.000000000000000000e+00
-3.751888573169708252e-01 3.173039853572845459e-01 -7.014850378036499023e-01 1.000000000000000000e+00
